0,0.0016145,0.0032621,0.0048693,0.0065057,0.008186,0.0098998,0.011595,0.013265,0.014886,0.01645,0.018259,0.02006,0.022161,0.024398,0.026839,0.029705,0.032689,0.035699,0.036256,0.033081
0,0.0022174,0.0043921,0.0065245,0.008516,0.010514,0.012525,0.014522,0.016546,0.018343,0.01989,0.021443,0.02266,0.023732,0.024771,0.025967,0.027195,0.028922,0.031186,0.031363,0.030477
0,0.0029048,0.0057949,0.0086851,0.011531,0.014213,0.016783,0.019266,0.021512,0.023405,0.025061,0.026611,0.027775,0.028899,0.02989,0.031002,0.032668,0.034858,0.037905,0.039601,0.038816
0,0.0023461,0.0046399,0.0068614,0.0089834,0.011035,0.012975,0.014921,0.016779,0.018549,0.020144,0.021835,0.023397,0.025142,0.027101,0.029442,0.032715,0.036071,0.039399,0.039738,0.036477
0,0.0011309,0.0022393,0.0033152,0.0043891,0.0054393,0.0065051,0.0076126,0.0086697,0.0096745,0.010681,0.011965,0.013462,0.015255,0.017398,0.020039,0.022728,0.024929,0.027242,0.028085,0.02705
0,0.0017125,0.0033608,0.0050053,0.0066811,0.008319,0.0098599,0.011372,0.012777,0.014108,0.015352,0.01674,0.017986,0.019383,0.021182,0.023308,0.025533,0.027444,0.029738,0.030777,0.029253
0,0.0021618,0.0043011,0.0064084,0.0084514,0.010453,0.012549,0.014578,0.016637,0.018744,0.02076,0.022559,0.023751,0.024707,0.025604,0.026472,0.027379,0.02873,0.030996,0.031389,0.02926
0,0.0028505,0.0056424,0.0083227,0.010851,0.013267,0.015558,0.017785,0.019819,0.021471,0.022857,0.024227,0.025573,0.026978,0.028166,0.029171,0.03063,0.03277,0.036245,0.03827,0.036861
0,0.0025131,0.0049272,0.0072429,0.0095773,0.011895,0.014154,0.016348,0.018372,0.020188,0.021847,0.023463,0.02495,0.026752,0.028892,0.031945,0.036712,0.040715,0.043942,0.043775,0.039031
0,0.0012827,0.0025446,0.0037335,0.0048684,0.0060369,0.0072569,0.0084158,0.009567,0.010733,0.011813,0.012896,0.013965,0.015127,0.016528,0.018142,0.019746,0.021604,0.023449,0.024185,0.023795
0,0.0019772,0.0038665,0.0056353,0.0072728,0.0087739,0.010264,0.011757,0.01311,0.014256,0.015463,0.017019,0.01867,0.020539,0.022313,0.024441,0.026934,0.029268,0.031541,0.031621,0.028844
0,0.0022026,0.0043512,0.0064135,0.0084663,0.010429,0.012393,0.014355,0.016314,0.018086,0.019493,0.020665,0.021537,0.02216,0.022839,0.023784,0.024741,0.026179,0.02774,0.027777,0.026732
0,0.002759,0.0055505,0.0083583,0.011043,0.013596,0.016092,0.018421,0.020582,0.022499,0.02394,0.025178,0.026137,0.027166,0.028026,0.028629,0.029635,0.031572,0.03428,0.035623,0.034926
0,0.0022294,0.0044285,0.0065948,0.0086466,0.0106,0.012394,0.014099,0.015823,0.017425,0.018946,0.020397,0.021607,0.022903,0.024516,0.027014,0.030859,0.034478,0.036786,0.03627,0.03222
0,0.0012542,0.0024903,0.0037109,0.0049215,0.0060809,0.0072137,0.0082471,0.0092683,0.01029,0.011413,0.012743,0.014025,0.015428,0.016992,0.018936,0.02102,0.023101,0.025431,0.026533,0.025736
0,0.0017436,0.0034656,0.0051385,0.00673,0.0082172,0.009649,0.011074,0.012361,0.013524,0.014549,0.015588,0.016647,0.01782,0.019211,0.021112,0.023487,0.026239,0.029003,0.029361,0.027342
0,0.002252,0.0045353,0.0067946,0.0090874,0.011308,0.013425,0.01547,0.017515,0.019485,0.021254,0.022788,0.023795,0.024694,0.025382,0.025987,0.026092,0.026575,0.027894,0.027972,0.026182
0,0.0027014,0.0053226,0.00787,0.010371,0.012825,0.015298,0.017768,0.020191,0.022231,0.023813,0.025377,0.026685,0.027758,0.028477,0.029068,0.030041,0.031594,0.033867,0.035281,0.034364
0,0.0021088,0.0041908,0.0062455,0.0082659,0.010225,0.01213,0.013971,0.015839,0.017612,0.019307,0.021112,0.022888,0.024947,0.027522,0.0311,0.035366,0.038559,0.040244,0.039716,0.034785
0,0.0011858,0.0023326,0.0034514,0.0045874,0.0057256,0.0068863,0.0081061,0.0092825,0.010425,0.011515,0.012581,0.013613,0.014613,0.015791,0.017404,0.019334,0.02177,0.023999,0.024517,0.023065
0,0.001792,0.0035883,0.0053267,0.0069368,0.0085066,0.010062,0.011487,0.012933,0.014276,0.015439,0.016647,0.017683,0.018634,0.019428,0.020964,0.023359,0.025693,0.028224,0.028456,0.025821
0,0.0022005,0.0043926,0.0065613,0.0086841,0.010724,0.012744,0.014681,0.016616,0.01839,0.019885,0.021189,0.022178,0.022991,0.023772,0.024517,0.024704,0.024784,0.025466,0.025646,0.024204
0,0.0029627,0.005783,0.0086205,0.011382,0.013978,0.016531,0.018845,0.021039,0.023042,0.024812,0.026418,0.027853,0.029203,0.030136,0.030799,0.031824,0.033486,0.03614,0.037395,0.037077
0,0.0021312,0.0042456,0.0063645,0.0084246,0.010475,0.012497,0.014489,0.016541,0.018568,0.020442,0.022262,0.02378,0.025213,0.027096,0.029715,0.033339,0.03697,0.038908,0.038159,0.033749
0,0.0012413,0.0024198,0.0035781,0.0047481,0.0059051,0.0070577,0.0081948,0.0092684,0.010321,0.011442,0.012639,0.013745,0.014783,0.015761,0.016825,0.017984,0.019665,0.02173,0.0229,0.022321
0,0.0016394,0.0032714,0.0048883,0.0064335,0.0079275,0.0093753,0.010811,0.012355,0.013886,0.015468,0.01734,0.01915,0.021044,0.023363,0.02596,0.028807,0.031789,0.03483,0.035557,0.032923
0,0.0021957,0.0043088,0.0063943,0.0084255,0.010485,0.012598,0.014629,0.01649,0.01818,0.01978,0.021597,0.023177,0.024631,0.025838,0.027316,0.029216,0.031254,0.03374,0.034253,0.032762
0,0.0026049,0.0051624,0.0076916,0.010171,0.012571,0.014921,0.017225,0.019527,0.02171,0.023788,0.025695,0.027233,0.028657,0.029676,0.030414,0.031149,0.032272,0.034498,0.035379,0.033754
0,0.0023282,0.0045271,0.006636,0.0087096,0.01074,0.012662,0.014544,0.016358,0.018008,0.01939,0.020877,0.022366,0.023702,0.025074,0.026831,0.028992,0.031253,0.033853,0.034736,0.033531
0,0.0011484,0.0022756,0.0033896,0.0044681,0.0055388,0.0066091,0.0076487,0.0087535,0.0098901,0.011159,0.012729,0.014467,0.016449,0.018622,0.02094,0.023193,0.025747,0.028396,0.029088,0.027678
0,0.001778,0.003477,0.0051481,0.0067129,0.0081952,0.0095736,0.010823,0.012045,0.01332,0.014558,0.015885,0.017119,0.018399,0.020016,0.021842,0.023555,0.025286,0.027641,0.028609,0.028387
0,0.0022402,0.0044703,0.0066932,0.008844,0.010903,0.012964,0.015049,0.017343,0.019492,0.021546,0.023837,0.025814,0.027344,0.028739,0.03025,0.032145,0.03419,0.036755,0.036887,0.033217
0,0.0026575,0.0052618,0.0077262,0.010131,0.012512,0.014831,0.017077,0.019301,0.021358,0.023432,0.025442,0.027109,0.028422,0.029166,0.029663,0.029873,0.030505,0.032731,0.033876,0.032374
0,0.0026034,0.0051078,0.007515,0.0097989,0.011979,0.014065,0.016106,0.018011,0.019793,0.021392,0.023216,0.024912,0.026364,0.027543,0.02892,0.031293,0.034719,0.037901,0.038099,0.03521
0,0.0011397,0.0022549,0.0033374,0.0043984,0.0054414,0.0064876,0.007569,0.008777,0.009988,0.011235,0.012622,0.014118,0.015458,0.016728,0.018026,0.019413,0.021208,0.023388,0.024199,0.023072
0,0.001914,0.0037537,0.0054783,0.0070422,0.0084828,0.0097921,0.01098,0.012062,0.013088,0.014231,0.015549,0.016998,0.018539,0.020151,0.021829,0.023684,0.025677,0.027897,0.028444,0.026515
0,0.002165,0.0042623,0.0063112,0.0082816,0.010198,0.012107,0.014004,0.015861,0.017564,0.019107,0.020543,0.021764,0.022723,0.023594,0.024835,0.026468,0.028124,0.030342,0.030241,0.028088
0,0.0025437,0.0051351,0.0076556,0.010163,0.01261,0.014985,0.017246,0.019506,0.0215,0.023276,0.024962,0.026251,0.027334,0.028344,0.029178,0.0296,0.030522,0.032414,0.032874,0.031012
0,0.0023755,0.0045975,0.0066939,0.0087678,0.010766,0.012775,0.014809,0.016881,0.018743,0.020413,0.022116,0.023759,0.025551,0.027269,0.028805,0.030523,0.032371,0.035017,0.035592,0.033028
0,0.0012019,0.0024119,0.0035866,0.0047172,0.005837,0.0069642,0.0080716,0.0092201,0.010393,0.011639,0.013096,0.014566,0.015872,0.017214,0.018802,0.020549,0.022531,0.024789,0.025593,0.024446
0,0.0016922,0.0033487,0.0049262,0.0063873,0.0077978,0.0090888,0.010264,0.011389,0.012399,0.013432,0.014588,0.015762,0.016909,0.018095,0.019579,0.021586,0.023864,0.026441,0.027306,0.02604
0,0.0024263,0.0048276,0.0071878,0.0094261,0.011561,0.013613,0.015619,0.017621,0.019578,0.021611,0.023664,0.025217,0.026382,0.027201,0.027957,0.028715,0.029685,0.031434,0.030952,0.027885
0,0.0023624,0.0046997,0.0068989,0.0090607,0.011249,0.013405,0.015558,0.017716,0.019759,0.021764,0.023837,0.025555,0.027178,0.028257,0.028887,0.02907,0.029715,0.031035,0.031282,0.029789
0,0.0022561,0.0045409,0.0067305,0.0088287,0.010828,0.012884,0.014916,0.016842,0.018612,0.020448,0.022503,0.024376,0.02625,0.027915,0.029563,0.031951,0.034337,0.036055,0.035778,0.031513
0,0.0011545,0.0022841,0.0034278,0.004529,0.0056,0.0065647,0.0075116,0.0084708,0.0094042,0.010338,0.011296,0.012259,0.013299,0.014459,0.0161,0.01814,0.020505,0.022935,0.024111,0.02265
0,0.0017425,0.00345,0.0050463,0.0064801,0.0078267,0.0091378,0.01045,0.01169,0.01283,0.01404,0.015363,0.016577,0.017575,0.018538,0.019828,0.02175,0.024236,0.026789,0.02713,0.024534
0,0.0022073,0.0043911,0.006519,0.0085537,0.010478,0.012389,0.01425,0.016062,0.017888,0.019667,0.021484,0.02294,0.024099,0.025016,0.025651,0.026112,0.026532,0.02755,0.02717,0.025061
0,0.002593,0.0050601,0.0073945,0.0096341,0.011788,0.013896,0.016053,0.018145,0.020063,0.02189,0.023871,0.025811,0.027382,0.028572,0.029391,0.029718,0.030119,0.031647,0.032458,0.031242
0,0.0023,0.0044813,0.0066338,0.0087599,0.010789,0.012791,0.014809,0.016756,0.01877,0.020845,0.022887,0.024634,0.026043,0.02717,0.028707,0.030978,0.033447,0.035143,0.034897,0.031337
0,0.0013514,0.002624,0.003873,0.0050738,0.0062892,0.0075024,0.0087392,0.0099545,0.011111,0.012171,0.013237,0.014184,0.015136,0.016117,0.017235,0.018628,0.020632,0.022718,0.023479,0.023305
0,0.0016564,0.0032658,0.0047882,0.0062831,0.0078463,0.0093901,0.011028,0.012724,0.014428,0.016363,0.018879,0.021498,0.024002,0.02644,0.029094,0.031994,0.034536,0.037045,0.036568,0.033236
0,0.0021905,0.0043215,0.0063979,0.0084338,0.010442,0.012407,0.014324,0.016164,0.017856,0.019403,0.020854,0.022067,0.023133,0.024507,0.026423,0.028842,0.031731,0.034555,0.035654,0.034273
0,0.0028386,0.0055889,0.0082808,0.010885,0.013483,0.016024,0.018416,0.020697,0.02271,0.024521,0.026103,0.027152,0.02802,0.028803,0.029565,0.03025,0.031275,0.033519,0.034754,0.033598
0,0.0028955,0.0056121,0.0081758,0.010578,0.012776,0.014787,0.01673,0.018686,0.020357,0.021954,0.02355,0.024958,0.026441,0.027956,0.030191,0.032907,0.035922,0.038823,0.040005,0.040754
0,0.0012083,0.0024078,0.0036363,0.0048867,0.0060582,0.0071939,0.0083009,0.0093826,0.010459,0.011643,0.013041,0.014631,0.016566,0.01878,0.021284,0.02396,0.026812,0.029448,0.030343,0.02959
0,0.0017726,0.0034957,0.0051357,0.0067107,0.0082911,0.0097933,0.011296,0.012736,0.014138,0.015755,0.017489,0.019248,0.021027,0.022906,0.024849,0.026663,0.028188,0.030254,0.029971,0.028193
0,0.0019652,0.0039886,0.0060389,0.0080202,0.009978,0.011914,0.013762,0.015683,0.017655,0.019639,0.021657,0.023354,0.025029,0.026766,0.02915,0.031755,0.03457,0.037369,0.037849,0.034808
0,0.0027391,0.0054852,0.0081786,0.010849,0.013373,0.015806,0.01817,0.020369,0.022402,0.024213,0.025888,0.027101,0.027868,0.028356,0.02869,0.028862,0.029165,0.031284,0.032556,0.031292
0,0.0030138,0.0059663,0.0088555,0.011545,0.014044,0.016365,0.018425,0.020356,0.022222,0.023995,0.025778,0.02734,0.028838,0.03031,0.032177,0.034939,0.038028,0.040646,0.041591,0.041849
0,0.001276,0.0025557,0.003789,0.005004,0.0061878,0.0073617,0.0085816,0.0098167,0.010984,0.012097,0.013357,0.014678,0.015906,0.017137,0.018446,0.019914,0.021834,0.023787,0.024325,0.024038
0,0.0018848,0.0037646,0.0055407,0.0072841,0.0089234,0.010368,0.011576,0.012711,0.013875,0.015319,0.016984,0.018806,0.020686,0.022318,0.023827,0.025552,0.027668,0.029497,0.029024,0.026476
0,0.0020329,0.0040132,0.0059291,0.007819,0.0097011,0.011558,0.013362,0.01509,0.016717,0.018191,0.019618,0.020775,0.02163,0.022621,0.024377,0.026255,0.028427,0.030836,0.031104,0.029038
0,0.0026139,0.0052407,0.007807,0.010377,0.012908,0.015327,0.017661,0.019919,0.021815,0.023553,0.025255,0.026379,0.02726,0.027875,0.028433,0.028794,0.029527,0.031419,0.032321,0.030835
0,0.0030531,0.0060245,0.008745,0.011327,0.013669,0.015693,0.017344,0.018952,0.020527,0.022198,0.023985,0.0258,0.027786,0.02955,0.031445,0.034143,0.036761,0.039352,0.041063,0.042545
0,0.0012223,0.0025041,0.0037609,0.0049744,0.0061444,0.0073027,0.0083836,0.0094624,0.010535,0.011589,0.012771,0.013958,0.015246,0.016672,0.01831,0.020105,0.02222,0.024591,0.025446,0.025007
0,0.0017683,0.0034417,0.005013,0.0065359,0.0079291,0.0091362,0.010244,0.011322,0.012288,0.013253,0.014375,0.015683,0.017047,0.018523,0.020178,0.022157,0.024329,0.027011,0.027099,0.024946
0,0.0023094,0.0046134,0.0068483,0.0089724,0.011069,0.013137,0.015162,0.017222,0.019118,0.020901,0.022785,0.024104,0.02509,0.026161,0.027657,0.029025,0.030285,0.03218,0.032123,0.028889
0,0.0025379,0.0050573,0.0075015,0.009929,0.012297,0.014634,0.016974,0.019386,0.021673,0.023701,0.025675,0.027173,0.028281,0.028972,0.029297,0.029316,0.029592,0.030813,0.031528,0.029963
0,0.0028973,0.0056141,0.0081629,0.010495,0.012619,0.014585,0.016404,0.018265,0.020057,0.02188,0.023927,0.026193,0.028398,0.030633,0.033187,0.03545,0.037003,0.038404,0.038576,0.037476
0,0.001272,0.002604,0.0039084,0.0051504,0.0063049,0.0073898,0.0084745,0.0095476,0.010565,0.01142,0.012237,0.012996,0.01386,0.01503,0.016704,0.01871,0.021245,0.023671,0.024576,0.023751
0,0.0018076,0.0035448,0.0051977,0.0067565,0.0082223,0.0096405,0.011049,0.012427,0.013763,0.015084,0.016441,0.017677,0.018657,0.019437,0.020666,0.022711,0.02485,0.027921,0.028103,0.024174
0,0.0021193,0.0042014,0.0063083,0.0083797,0.010457,0.012502,0.014602,0.016684,0.018542,0.020201,0.021862,0.023177,0.024228,0.025329,0.026676,0.027536,0.028313,0.029466,0.029144,0.026871
0,0.0028654,0.0056846,0.0084903,0.011203,0.013873,0.01641,0.018771,0.021111,0.023373,0.025514,0.027526,0.02908,0.030393,0.03129,0.031898,0.0325,0.032909,0.034043,0.034966,0.034589
0,0.0028813,0.0056596,0.0082759,0.010806,0.013172,0.015492,0.017677,0.019799,0.021907,0.024203,0.026527,0.02877,0.030852,0.032519,0.034761,0.037253,0.039402,0.040613,0.040368,0.038603
0,0.0013908,0.0027742,0.0040776,0.0053005,0.0064986,0.0077146,0.0088885,0.010054,0.011238,0.012328,0.013325,0.014212,0.015151,0.016088,0.017042,0.018293,0.019967,0.021846,0.022812,0.023032
0,0.0016605,0.0032902,0.0049171,0.0065515,0.0081211,0.0096788,0.011266,0.01291,0.014577,0.016359,0.018418,0.020637,0.022848,0.025467,0.028735,0.032148,0.035717,0.038214,0.038374,0.035716
0,0.0021191,0.0041914,0.0062047,0.0081783,0.010089,0.011991,0.013858,0.01569,0.017486,0.019234,0.021119,0.022568,0.023834,0.025125,0.026756,0.028847,0.031652,0.034692,0.035472,0.035431
0,0.002768,0.0054609,0.0080103,0.010457,0.012733,0.014932,0.01699,0.01892,0.020795,0.02259,0.024316,0.025644,0.026407,0.027019,0.027848,0.028958,0.030808,0.033669,0.034532,0.034898
0,0.0026437,0.0051968,0.0076904,0.010072,0.012352,0.014566,0.016727,0.018847,0.020689,0.022386,0.023786,0.024926,0.025887,0.027124,0.029128,0.031699,0.034552,0.037326,0.03881,0.038765
0,0.0013318,0.0025588,0.0037095,0.0048196,0.0059683,0.0070855,0.0081435,0.009243,0.010327,0.011531,0.013094,0.014923,0.016711,0.018415,0.020433,0.02269,0.025172,0.027291,0.027771,0.027633
0,0.0018365,0.0036485,0.0053408,0.0069211,0.0084091,0.0097929,0.011071,0.012407,0.013739,0.015091,0.016588,0.018135,0.019678,0.021525,0.02376,0.026209,0.028769,0.030859,0.030923,0.029672
0,0.0020797,0.0041636,0.0062011,0.008219,0.010145,0.011975,0.013761,0.015649,0.017669,0.019709,0.022107,0.024118,0.025737,0.0272,0.029402,0.031963,0.034949,0.038532,0.039389,0.038183
0,0.0028103,0.0056384,0.0084199,0.011124,0.013731,0.016157,0.018227,0.020235,0.022218,0.02409,0.02594,0.027364,0.028225,0.028695,0.029024,0.029523,0.030443,0.032763,0.033707,0.034236
0,0.0024577,0.0048454,0.007189,0.0095368,0.011856,0.014141,0.016284,0.018222,0.019933,0.021475,0.023092,0.024347,0.025592,0.026942,0.028776,0.031346,0.034148,0.036746,0.037708,0.037238
0,0.0013254,0.0026118,0.0038539,0.005042,0.0061941,0.0073416,0.0084942,0.009581,0.010735,0.011922,0.013215,0.014498,0.015729,0.016972,0.018284,0.019659,0.021488,0.023659,0.024408,0.024376
0,0.0020177,0.0039609,0.0057593,0.0074433,0.0089513,0.010424,0.011787,0.013122,0.014383,0.015602,0.016928,0.018336,0.019996,0.021601,0.023234,0.025442,0.02791,0.030233,0.030052,0.027952
0,0.0021522,0.0042232,0.0062222,0.0081975,0.010112,0.01203,0.013808,0.015589,0.017139,0.01861,0.020233,0.021639,0.022747,0.023719,0.02534,0.027272,0.029726,0.032066,0.032207,0.031924
0,0.0026633,0.0052211,0.0077524,0.010265,0.012639,0.014858,0.017004,0.019036,0.020863,0.022509,0.024089,0.02517,0.025836,0.026425,0.027382,0.028519,0.029742,0.031529,0.032033,0.031956
0,0.0026975,0.0051856,0.0076196,0.010038,0.012434,0.014652,0.016632,0.018425,0.020038,0.021439,0.022832,0.024117,0.025479,0.026846,0.028535,0.030119,0.031885,0.034557,0.036768,0.037665
0,0.0012897,0.002531,0.0037268,0.0049483,0.0061375,0.0072713,0.0083675,0.0094722,0.010577,0.011794,0.013224,0.014665,0.015957,0.017327,0.019,0.020844,0.02292,0.024932,0.025401,0.025133
0,0.0017904,0.0035066,0.0051622,0.0067087,0.0081069,0.0093791,0.010529,0.011625,0.012617,0.013437,0.014247,0.015142,0.016207,0.017435,0.01915,0.021363,0.024128,0.026858,0.027281,0.025893
0,0.0023455,0.0046658,0.0069242,0.0090254,0.011061,0.013105,0.014952,0.016897,0.018847,0.020947,0.023313,0.025122,0.026311,0.027498,0.029327,0.031137,0.032865,0.034925,0.034338,0.031819
0,0.0025652,0.0051791,0.0077362,0.010241,0.012615,0.014894,0.017082,0.019283,0.021325,0.023268,0.025208,0.026685,0.027827,0.028558,0.028992,0.029547,0.030434,0.031743,0.031906,0.031191
0,0.0023506,0.0046259,0.0067891,0.0088236,0.01076,0.012647,0.014505,0.016409,0.018295,0.020199,0.022378,0.024379,0.026277,0.028131,0.030001,0.031659,0.033147,0.034925,0.035597,0.033816
0,0.0014508,0.0028413,0.004184,0.0054263,0.0065777,0.0077214,0.0088353,0.0098955,0.01098,0.011981,0.012789,0.013575,0.014444,0.015546,0.017004,0.018862,0.021029,0.023174,0.023548,0.022606
0,0.0018365,0.0036671,0.0053504,0.006926,0.0084242,0.0099035,0.011271,0.012572,0.01382,0.014948,0.016016,0.017007,0.017878,0.01871,0.020285,0.022478,0.025036,0.028237,0.028979,0.026066
0,0.0020989,0.0041297,0.0061445,0.0080839,0.0099699,0.011883,0.013859,0.01584,0.017707,0.019541,0.021463,0.022862,0.023926,0.024814,0.026068,0.027387,0.028328,0.029915,0.029853,0.029147
0,0.0031032,0.0060815,0.0089184,0.011581,0.014014,0.016288,0.018555,0.020723,0.022788,0.024743,0.026515,0.027878,0.028967,0.029828,0.030688,0.031399,0.031841,0.032987,0.034147,0.035017
0,0.0024981,0.0048664,0.007194,0.0095111,0.011739,0.013909,0.016012,0.018012,0.019872,0.021759,0.023711,0.025421,0.027255,0.029117,0.031057,0.032956,0.034622,0.036465,0.037053,0.035004
0,0.0013025,0.0025806,0.0037903,0.0050131,0.0062763,0.0074933,0.0087649,0.0099926,0.011176,0.012348,0.013519,0.014634,0.015712,0.016863,0.018173,0.019764,0.021965,0.024075,0.024728,0.024689
0,0.0018244,0.0035896,0.0052465,0.0068837,0.0084751,0.010117,0.011786,0.013487,0.015218,0.017043,0.019227,0.021258,0.023441,0.02588,0.028815,0.031945,0.03551,0.038658,0.03971,0.038052
0,0.0021486,0.0043199,0.0063871,0.0084192,0.010318,0.012115,0.013703,0.01529,0.016764,0.018037,0.019431,0.020669,0.021942,0.023729,0.026388,0.029566,0.033456,0.037623,0.039175,0.038197
0,0.0027473,0.0054634,0.0081191,0.010681,0.013154,0.015524,0.017802,0.020114,0.02217,0.023952,0.025536,0.026473,0.027088,0.027678,0.028743,0.030469,0.033172,0.036522,0.037557,0.036575
0,0.0027964,0.0055746,0.0083011,0.010998,0.013663,0.016251,0.018745,0.021096,0.023063,0.024837,0.026463,0.027627,0.028646,0.029584,0.031388,0.034297,0.03784,0.041222,0.04383,0.044217
0,0.001205,0.0024006,0.0036308,0.0048316,0.005998,0.0071204,0.0082304,0.0093521,0.010464,0.011659,0.013104,0.014649,0.016451,0.018657,0.021375,0.024356,0.027342,0.030142,0.031296,0.030534
0,0.0017597,0.0035369,0.0053272,0.0071317,0.0089018,0.010578,0.012125,0.013583,0.014956,0.016384,0.018057,0.019759,0.021283,0.022907,0.024911,0.027171,0.029594,0.032379,0.033003,0.031793
0,0.0017884,0.0036128,0.005451,0.0072724,0.0090574,0.010782,0.012433,0.014185,0.015979,0.017846,0.01997,0.02173,0.023564,0.026179,0.029709,0.033448,0.036986,0.040243,0.040892,0.037568
0,0.002779,0.0055988,0.0083523,0.011068,0.013669,0.016155,0.018535,0.020973,0.023302,0.025397,0.027345,0.028577,0.02916,0.029388,0.029953,0.031129,0.033113,0.036191,0.037443,0.036963
0,0.0029495,0.0058747,0.0086743,0.011381,0.013996,0.016491,0.018994,0.021345,0.023403,0.025396,0.027226,0.028513,0.029645,0.030942,0.033049,0.035906,0.039027,0.041858,0.043813,0.043948
0,0.0012819,0.002544,0.0037318,0.0048734,0.0059839,0.0071246,0.0082032,0.0093313,0.010435,0.011516,0.012806,0.014141,0.015537,0.016823,0.018359,0.020071,0.022196,0.024214,0.024959,0.02497
0,0.0019264,0.0038145,0.0056162,0.0072929,0.0088877,0.010417,0.011877,0.013268,0.014562,0.015939,0.017525,0.01915,0.020843,0.022345,0.024203,0.026645,0.029266,0.03217,0.032179,0.030154
0,0.0018993,0.0037468,0.0055549,0.0073729,0.0091329,0.010785,0.012372,0.013896,0.015196,0.016409,0.017633,0.018718,0.019698,0.021195,0.023635,0.026301,0.029594,0.03313,0.03356,0.031055
0,0.0028301,0.00565,0.0083211,0.010981,0.013519,0.015952,0.018392,0.020796,0.023036,0.024945,0.02667,0.027666,0.028419,0.029062,0.030022,0.031147,0.032964,0.035297,0.035852,0.034973
0,0.003069,0.0060138,0.0088237,0.011581,0.014213,0.016748,0.01906,0.021174,0.023147,0.025072,0.027059,0.028715,0.030232,0.031791,0.033578,0.035769,0.038307,0.041889,0.045073,0.045649
0,0.001285,0.0025553,0.0037974,0.0050259,0.0061987,0.0073656,0.008445,0.0095141,0.01058,0.011624,0.012877,0.014107,0.015412,0.016674,0.018375,0.020423,0.022792,0.025322,0.026237,0.025768
0,0.001675,0.0033077,0.0049107,0.0064689,0.0080217,0.0095248,0.010998,0.012303,0.013319,0.014162,0.014956,0.015682,0.016457,0.017572,0.019379,0.021796,0.025053,0.02884,0.029781,0.028535
0,0.0021226,0.0041905,0.0062572,0.0082886,0.010205,0.01205,0.013734,0.015452,0.017136,0.018592,0.019996,0.021098,0.022264,0.023775,0.025768,0.027918,0.030736,0.033649,0.033327,0.029809
0,0.0026666,0.0052501,0.0078106,0.010395,0.012948,0.015511,0.01808,0.020621,0.022959,0.025231,0.027315,0.028714,0.029883,0.030814,0.031937,0.033072,0.034252,0.036004,0.036354,0.034758
0,0.002685,0.0052632,0.0077961,0.010187,0.012404,0.014416,0.016445,0.018596,0.020878,0.023333,0.025926,0.028144,0.029991,0.03161,0.033604,0.035902,0.037579,0.039229,0.040313,0.039357
0,0.0012847,0.0025813,0.0038774,0.0051022,0.0062991,0.0074377,0.0085631,0.0097176,0.01087,0.011942,0.012961,0.013879,0.014859,0.016025,0.017681,0.019729,0.022342,0.024801,0.025851,0.024802
0,0.0018926,0.003768,0.0055738,0.0072697,0.0088124,0.010325,0.011854,0.013327,0.014729,0.015976,0.017208,0.018066,0.018782,0.019844,0.021648,0.02398,0.027263,0.031771,0.032546,0.028761
0,0.0019749,0.0039647,0.0058788,0.0077913,0.0097284,0.011625,0.013408,0.015222,0.016914,0.01851,0.020039,0.021299,0.022397,0.023811,0.025432,0.026907,0.028835,0.031207,0.030976,0.028942
0,0.0028889,0.0058818,0.0088555,0.011805,0.014788,0.017721,0.020541,0.023261,0.02572,0.027981,0.030006,0.031345,0.032259,0.032812,0.033329,0.034175,0.034929,0.036562,0.037305,0.036156
0,0.0029105,0.0056593,0.0083218,0.010843,0.013231,0.01549,0.017788,0.020221,0.022536,0.024781,0.027157,0.0291,0.030773,0.032584,0.034742,0.037151,0.038914,0.040629,0.041605,0.040502
0,0.0013314,0.0026604,0.0039376,0.0051658,0.0063303,0.0074295,0.0085304,0.0096561,0.010822,0.011933,0.01305,0.014181,0.015438,0.016703,0.017927,0.019653,0.022168,0.025572,0.02798,0.028463
0,0.0016085,0.0032482,0.0048861,0.0065952,0.0083729,0.010177,0.011869,0.01346,0.014893,0.016223,0.017593,0.018955,0.020258,0.021582,0.023484,0.026074,0.028999,0.031757,0.032334,0.031053
0,0.002269,0.004469,0.0065936,0.0086458,0.010646,0.012528,0.014196,0.01564,0.016836,0.017888,0.018867,0.019851,0.02092,0.022183,0.023533,0.024895,0.026547,0.029135,0.032493,0.033653
0,0.0027247,0.0053614,0.007893,0.010344,0.012768,0.015118,0.017273,0.019167,0.020806,0.022408,0.023994,0.025307,0.026683,0.02836,0.030276,0.032228,0.034129,0.036747,0.039118,0.040069
0,0.0025914,0.0051303,0.0075415,0.0098625,0.012135,0.014305,0.016443,0.018527,0.020573,0.022743,0.025129,0.02746,0.02966,0.031886,0.034672,0.037765,0.040248,0.041295,0.040372,0.036601
0,0.0011697,0.0023175,0.0034176,0.0044825,0.0055401,0.0065699,0.0075344,0.0084546,0.009397,0.010445,0.01165,0.012648,0.013635,0.01463,0.015957,0.018011,0.021212,0.025119,0.027529,0.027713
0,0.0017295,0.0034195,0.0051202,0.006816,0.0085404,0.0102,0.011727,0.013054,0.014219,0.015247,0.016242,0.017171,0.018054,0.019191,0.020646,0.023081,0.026176,0.028781,0.030108,0.030592
0,0.0021735,0.0042808,0.0062983,0.0083138,0.010314,0.012269,0.014127,0.015852,0.017082,0.018037,0.018904,0.019323,0.019634,0.020267,0.021336,0.022824,0.02493,0.027956,0.030868,0.032147
0,0.0026659,0.0052901,0.0078821,0.01038,0.01275,0.015047,0.017103,0.019005,0.020718,0.022399,0.02405,0.025318,0.026546,0.028025,0.029632,0.03148,0.034167,0.037369,0.039262,0.039346
0,0.0027521,0.0053652,0.0078619,0.010271,0.012625,0.014896,0.017074,0.019235,0.021486,0.02375,0.026268,0.02875,0.031573,0.034707,0.038434,0.042324,0.045572,0.047104,0.045848,0.041113
0,0.0012184,0.0024512,0.0036342,0.0047823,0.0058409,0.0068988,0.0079714,0.0090982,0.010288,0.011514,0.012804,0.014115,0.015351,0.016527,0.017609,0.018918,0.020922,0.023887,0.025953,0.025764
0,0.0016812,0.0034803,0.0052376,0.0069795,0.0087048,0.010422,0.012071,0.013497,0.014854,0.015907,0.016759,0.017591,0.018218,0.018869,0.019958,0.021957,0.02501,0.028195,0.029828,0.029899
0,0.0020357,0.0040962,0.0061886,0.0082555,0.010238,0.012069,0.013699,0.015136,0.016296,0.017134,0.017781,0.018357,0.019208,0.020302,0.021469,0.022947,0.024606,0.026859,0.029156,0.0307
0,0.0026815,0.0052722,0.0077926,0.010293,0.012778,0.015229,0.017556,0.019648,0.021536,0.023273,0.024804,0.02606,0.027252,0.028473,0.029827,0.031615,0.034103,0.036704,0.038076,0.037903
0,0.0023637,0.0046812,0.0068831,0.0091227,0.01135,0.013629,0.015944,0.018051,0.01998,0.021811,0.023652,0.025549,0.027639,0.030471,0.034348,0.038296,0.041134,0.041665,0.039781,0.035637
0,0.0013026,0.0025698,0.0037786,0.0049694,0.0061437,0.0072951,0.0083552,0.0093762,0.010398,0.011491,0.012725,0.013867,0.015019,0.016133,0.017214,0.018532,0.020672,0.024005,0.026363,0.026366
0,0.0016647,0.0033392,0.0050493,0.0067607,0.0084623,0.010114,0.011733,0.0131,0.01423,0.015162,0.016003,0.016885,0.017896,0.019044,0.020523,0.022644,0.025278,0.028153,0.030032,0.030617
0,0.0022326,0.0044642,0.0066529,0.0088065,0.010886,0.012919,0.014807,0.016564,0.017957,0.019124,0.020146,0.020849,0.021285,0.021533,0.021847,0.022597,0.024053,0.026442,0.02854,0.029529
0,0.0025537,0.0050872,0.0075647,0.01004,0.012455,0.014757,0.016935,0.018885,0.020839,0.022899,0.024785,0.026125,0.027611,0.029324,0.030946,0.032813,0.034673,0.036116,0.037035,0.036888
0,0.0025689,0.0051138,0.0075866,0.010049,0.012422,0.014758,0.01709,0.019237,0.021181,0.023133,0.025258,0.027411,0.029656,0.032069,0.035452,0.039309,0.043265,0.046265,0.045116,0.03981
0,0.0013322,0.0026556,0.0038696,0.0050206,0.0061195,0.007219,0.0082932,0.0093449,0.010356,0.011335,0.012254,0.013065,0.01393,0.014984,0.016177,0.018148,0.02073,0.023817,0.025628,0.025335
0,0.0016549,0.0033201,0.0049918,0.0066396,0.0082685,0.0098222,0.011285,0.012624,0.013776,0.014781,0.015733,0.016584,0.017309,0.017905,0.018669,0.020054,0.022205,0.025266,0.027312,0.027403
0,0.0022828,0.0045743,0.0067534,0.0088662,0.010822,0.012722,0.014614,0.01634,0.0177,0.018815,0.019788,0.020447,0.020961,0.02148,0.021923,0.022546,0.023512,0.02516,0.02684,0.027818
0,0.0029307,0.0057753,0.0086038,0.011274,0.013724,0.016083,0.018387,0.020638,0.022643,0.024572,0.026371,0.027836,0.029432,0.031269,0.033338,0.035498,0.03792,0.040301,0.041868,0.042482
0,0.0026317,0.0051455,0.0075612,0.0099487,0.012254,0.014499,0.016611,0.018591,0.020353,0.021892,0.023419,0.024715,0.026039,0.027441,0.029433,0.032758,0.036966,0.041292,0.040923,0.035845
0,0.0013816,0.0027526,0.0040848,0.0053395,0.0065176,0.0076032,0.0086186,0.0097273,0.010755,0.011712,0.012729,0.013824,0.015097,0.016524,0.017862,0.019565,0.021829,0.0251,0.027783,0.028314
0,0.0017935,0.0035231,0.0052332,0.0069644,0.008708,0.01041,0.012047,0.013608,0.015094,0.016415,0.017582,0.018448,0.019365,0.020506,0.022587,0.025796,0.029165,0.032544,0.034085,0.032897
0,0.0022905,0.0045139,0.0066294,0.008653,0.010501,0.012186,0.013631,0.014893,0.015918,0.016924,0.017967,0.018988,0.020188,0.021599,0.023161,0.025142,0.027173,0.030552,0.033673,0.034834
0,0.002708,0.0053543,0.0079144,0.010362,0.012684,0.014898,0.016982,0.019004,0.02072,0.022116,0.023547,0.024644,0.025703,0.026841,0.028077,0.029623,0.031365,0.03372,0.03557,0.036067
0,0.0025019,0.0049453,0.0073283,0.0096188,0.011838,0.01408,0.016379,0.018787,0.021164,0.023423,0.025673,0.027533,0.029299,0.030908,0.032564,0.034869,0.037644,0.039407,0.038904,0.037379
0,0.001233,0.0024371,0.0036069,0.0047651,0.0059054,0.0069799,0.0080214,0.0089778,0.0098497,0.010667,0.011613,0.012394,0.013292,0.014478,0.015974,0.018588,0.022469,0.02733,0.030246,0.030198
0,0.0019774,0.0039595,0.0058023,0.0075338,0.0091163,0.010546,0.01173,0.01279,0.013692,0.014474,0.01508,0.015667,0.016352,0.017503,0.019293,0.021645,0.024278,0.026742,0.028788,0.029755
0,0.0021115,0.0041789,0.006168,0.0080829,0.0099134,0.011705,0.01335,0.01486,0.015987,0.016857,0.01776,0.018393,0.018945,0.019804,0.021339,0.02369,0.026992,0.031111,0.033931,0.034606
0,0.0028071,0.0055505,0.0082611,0.010896,0.013403,0.015793,0.017933,0.019849,0.021583,0.02316,0.024657,0.025775,0.026834,0.027806,0.028869,0.030048,0.03178,0.034114,0.035787,0.035908
0,0.0026488,0.0051802,0.007641,0.010119,0.012572,0.015046,0.017517,0.019945,0.022359,0.024703,0.026991,0.02892,0.030858,0.032947,0.035594,0.039038,0.042465,0.04461,0.044476,0.041729
0,0.0012451,0.0024712,0.0036652,0.004901,0.006134,0.0073475,0.008463,0.0096296,0.010651,0.011644,0.012765,0.013827,0.015092,0.016339,0.017397,0.018777,0.021065,0.02409,0.026426,0.026044
0,0.0018282,0.0036491,0.0054049,0.0071402,0.0088467,0.010417,0.011779,0.012947,0.013955,0.014757,0.015339,0.015804,0.016236,0.01693,0.01816,0.020427,0.023491,0.02645,0.028281,0.028904
0,0.0021163,0.0042689,0.0063535,0.008302,0.010117,0.011822,0.013341,0.014637,0.015647,0.016518,0.017393,0.018078,0.018836,0.019937,0.02133,0.023105,0.025272,0.02806,0.030296,0.031402
0,0.0025163,0.005002,0.0074442,0.0098903,0.012406,0.014946,0.017178,0.019234,0.021086,0.022733,0.02433,0.025507,0.026641,0.027447,0.028154,0.029195,0.03055,0.032926,0.033895,0.032699
0,0.0024873,0.0048833,0.0072457,0.0096357,0.012032,0.014401,0.016818,0.019125,0.021271,0.023503,0.025752,0.027674,0.029634,0.031842,0.034584,0.037103,0.038739,0.03968,0.03925,0.03712
0,0.001256,0.0024985,0.0036911,0.0048926,0.0061074,0.0072956,0.0084172,0.009509,0.010453,0.011351,0.012373,0.013329,0.014368,0.015421,0.016377,0.018022,0.020667,0.024088,0.026607,0.026602
0,0.0017349,0.0034629,0.0052061,0.0069727,0.0086813,0.010233,0.011696,0.012966,0.014007,0.014742,0.015349,0.016025,0.016683,0.017713,0.019246,0.021565,0.024391,0.027462,0.029416,0.030248
0,0.002222,0.0043649,0.0064565,0.0084623,0.010381,0.01218,0.013823,0.01534,0.016611,0.017687,0.018686,0.019462,0.020205,0.020825,0.021438,0.022571,0.024545,0.027276,0.029226,0.029639
0,0.0024064,0.0048378,0.0072415,0.0096584,0.012021,0.014419,0.016838,0.019254,0.021449,0.023589,0.025651,0.027332,0.028668,0.029503,0.030025,0.030494,0.031384,0.033331,0.034613,0.03322
0,0.0024751,0.0048641,0.0071952,0.0095252,0.011908,0.014294,0.016586,0.01881,0.020939,0.023134,0.025435,0.027598,0.029771,0.031861,0.034701,0.037872,0.041578,0.044056,0.042778,0.038738
0,0.0012005,0.0024136,0.0036014,0.0047316,0.0058293,0.0069239,0.007895,0.0087691,0.0095613,0.01027,0.010987,0.011749,0.012768,0.014024,0.015548,0.017801,0.02106,0.024857,0.027835,0.027805
0,0.0016732,0.003326,0.0049245,0.0065588,0.0080775,0.0094681,0.010821,0.012021,0.013016,0.013794,0.014453,0.014997,0.015508,0.016075,0.017118,0.019096,0.02177,0.024514,0.026481,0.026943
0,0.0022486,0.0044868,0.0066459,0.0086938,0.010567,0.012338,0.013993,0.015511,0.0168,0.017874,0.018945,0.019584,0.020051,0.020683,0.021447,0.022383,0.023913,0.025787,0.027346,0.02821
0,0.0025968,0.0051394,0.0075663,0.009916,0.012226,0.01437,0.016447,0.018491,0.020526,0.022535,0.024456,0.025967,0.027289,0.028408,0.029466,0.030624,0.031482,0.032995,0.034763,0.034183
0,0.0026423,0.0051874,0.007649,0.010103,0.012597,0.015008,0.017328,0.019425,0.021203,0.022804,0.024536,0.026003,0.027376,0.028798,0.030799,0.034051,0.037779,0.041254,0.040636,0.036426
0,0.0014252,0.0028331,0.0041397,0.0054136,0.0066137,0.0077468,0.0088209,0.010015,0.01118,0.012295,0.013451,0.01466,0.01592,0.017198,0.018519,0.020288,0.022747,0.026087,0.028815,0.029084
0,0.0017447,0.003459,0.0051143,0.0067727,0.00837,0.0099242,0.01143,0.01291,0.014254,0.015406,0.016461,0.017251,0.018047,0.019268,0.021396,0.024623,0.02854,0.03276,0.034748,0.033138
0,0.0021989,0.0043992,0.0065544,0.0086718,0.010672,0.012574,0.014286,0.015726,0.016856,0.017776,0.018661,0.019392,0.0202,0.021372,0.022926,0.024978,0.027556,0.031229,0.03475,0.035877
0,0.0026593,0.0052474,0.007754,0.010268,0.012617,0.01492,0.017036,0.018993,0.020738,0.022235,0.023503,0.024384,0.024978,0.02553,0.026539,0.02792,0.029268,0.031227,0.033823,0.03573
0,0.0031051,0.0060695,0.0089159,0.011596,0.01409,0.016467,0.018805,0.021051,0.023249,0.02542,0.027582,0.029598,0.031564,0.033795,0.035924,0.03814,0.040556,0.042058,0.042576,0.044113
0,0.0013029,0.0025357,0.0037005,0.004847,0.0059938,0.0071236,0.0082029,0.0092141,0.010139,0.011102,0.012211,0.013223,0.014337,0.01556,0.017145,0.019596,0.023707,0.028626,0.031875,0.031651
0,0.0018376,0.003608,0.0053027,0.0069501,0.0085124,0.0099525,0.01128,0.01246,0.013341,0.014004,0.014561,0.015062,0.015859,0.017144,0.019128,0.021661,0.024404,0.027267,0.029059,0.029256
0,0.0019646,0.0039378,0.0059195,0.0078796,0.0097837,0.011673,0.013436,0.015014,0.016214,0.017207,0.018213,0.018797,0.019219,0.019854,0.02136,0.023946,0.027515,0.032375,0.035612,0.035977
0,0.0026595,0.0052696,0.0077637,0.010249,0.01267,0.014924,0.016922,0.018813,0.020509,0.022132,0.023728,0.024759,0.025476,0.026025,0.026689,0.02739,0.028481,0.030573,0.032914,0.03434
0,0.0031739,0.0062004,0.0090585,0.011848,0.014503,0.017014,0.019278,0.021449,0.023655,0.025957,0.028407,0.030545,0.032732,0.034981,0.037143,0.039498,0.041918,0.044014,0.045162,0.046126
0,0.0013007,0.0026013,0.0038845,0.0050999,0.0062466,0.0073553,0.0085059,0.0097744,0.011045,0.012272,0.013566,0.014748,0.015802,0.016963,0.018065,0.019386,0.021438,0.024555,0.027032,0.026857
0,0.0018409,0.0036556,0.0054632,0.0071423,0.0087563,0.010241,0.011639,0.012876,0.013926,0.014575,0.014903,0.015218,0.015678,0.016325,0.017559,0.019756,0.02273,0.025836,0.027219,0.027794
0,0.0019385,0.0038642,0.0057867,0.0076542,0.0094301,0.01117,0.012749,0.014184,0.015323,0.016199,0.017025,0.017736,0.018491,0.019416,0.020675,0.022587,0.025277,0.028546,0.031254,0.032459
0,0.0026329,0.005266,0.0078774,0.01045,0.012909,0.015297,0.017601,0.019681,0.021315,0.022731,0.024102,0.025147,0.026172,0.026939,0.027481,0.028044,0.029019,0.031205,0.032925,0.033036
0,0.0030115,0.0058381,0.0085455,0.011131,0.0136,0.015965,0.018359,0.020768,0.023096,0.025233,0.027134,0.028792,0.030185,0.032035,0.034495,0.037224,0.041092,0.044224,0.04606,0.048126
0,0.0013327,0.0026046,0.0037901,0.0049603,0.0060988,0.0072516,0.0083286,0.0094636,0.010501,0.011434,0.012543,0.013579,0.014585,0.015521,0.016512,0.017906,0.020254,0.023784,0.0265,0.026777
0,0.0018568,0.0037243,0.0055032,0.0072598,0.0089053,0.010446,0.01179,0.012948,0.013874,0.01453,0.014965,0.015265,0.015631,0.016692,0.018379,0.020735,0.023481,0.026292,0.028076,0.02858
0,0.0021073,0.0042007,0.0062254,0.0082107,0.010155,0.012156,0.014079,0.015834,0.017289,0.018413,0.01939,0.019963,0.020495,0.020865,0.0215,0.022841,0.025015,0.028174,0.030081,0.03075
0,0.0024667,0.0049384,0.0074575,0.0099839,0.012436,0.014853,0.017186,0.019389,0.021424,0.023322,0.025276,0.0267,0.028005,0.028958,0.02945,0.029416,0.029592,0.031069,0.032803,0.032951
0,0.0027813,0.005497,0.0081546,0.010732,0.013254,0.015735,0.018182,0.020568,0.02283,0.025076,0.027384,0.02951,0.031944,0.034513,0.036947,0.040002,0.042998,0.045086,0.045202,0.044943
0,0.0012558,0.0025313,0.0037327,0.0048986,0.0060113,0.0070664,0.0080196,0.0089758,0.0098772,0.010682,0.011484,0.012348,0.013316,0.014471,0.015981,0.018364,0.021921,0.025886,0.028999,0.029341
0,0.0017396,0.003503,0.0052191,0.0069348,0.0085942,0.010198,0.011633,0.012921,0.013931,0.014731,0.015246,0.015638,0.015874,0.016359,0.01751,0.019234,0.021581,0.024261,0.025735,0.025526
0,0.0021284,0.004302,0.0064632,0.0086709,0.010797,0.012854,0.01473,0.016392,0.017745,0.018864,0.019853,0.020407,0.020785,0.021192,0.021804,0.022812,0.024814,0.027185,0.029045,0.029624
0,0.0027147,0.0053941,0.008067,0.010673,0.013278,0.015823,0.01828,0.020629,0.022698,0.024543,0.026207,0.027369,0.028438,0.029254,0.029967,0.031051,0.031888,0.033542,0.035842,0.035938
0,0.0031201,0.0060941,0.0089163,0.011641,0.014281,0.016815,0.019407,0.021857,0.02414,0.026222,0.028107,0.029753,0.031385,0.032957,0.034891,0.037876,0.041393,0.04435,0.044497,0.042316
0,0.0014623,0.0028751,0.0042024,0.005444,0.0066768,0.0079446,0.0091728,0.010354,0.011323,0.012207,0.013209,0.014059,0.014908,0.016112,0.017629,0.019591,0.0222,0.025781,0.029086,0.03055
0,0.0018203,0.0036387,0.0053667,0.007069,0.0087424,0.010357,0.011922,0.01333,0.014621,0.01571,0.016772,0.017749,0.018836,0.020531,0.023432,0.027503,0.032087,0.03638,0.038485,0.036874
0,0.0022623,0.0045222,0.0067442,0.0089388,0.011046,0.012954,0.014588,0.01597,0.016969,0.017706,0.018372,0.019066,0.019958,0.021426,0.023437,0.025685,0.02834,0.032363,0.036348,0.039709
0,0.0026582,0.0052479,0.0077098,0.010073,0.012308,0.01436,0.016315,0.018043,0.019512,0.020771,0.021859,0.02275,0.023751,0.025126,0.026853,0.02865,0.030057,0.031626,0.034345,0.037207
0,0.0027839,0.0054709,0.0080866,0.010692,0.013226,0.015608,0.018011,0.020336,0.022527,0.024543,0.026576,0.0284,0.030169,0.031979,0.03382,0.035677,0.037957,0.03942,0.039781,0.040134
0,0.0012686,0.0025303,0.0037416,0.0049029,0.006015,0.0070797,0.0080663,0.0089861,0.0097349,0.010475,0.011243,0.011902,0.012664,0.013617,0.015359,0.018158,0.022053,0.026455,0.029452,0.030266
0,0.0018942,0.0036824,0.0053463,0.0069083,0.0083285,0.0096799,0.010986,0.012109,0.013019,0.013692,0.014502,0.015325,0.016524,0.01809,0.020198,0.023093,0.026191,0.029125,0.031161,0.031432
0,0.002301,0.00457,0.0067226,0.0087134,0.010682,0.012596,0.014342,0.015833,0.016861,0.01747,0.017978,0.018276,0.018843,0.020153,0.022118,0.024855,0.02776,0.032721,0.037898,0.040545
0,0.0026628,0.0051902,0.0074929,0.0097424,0.011915,0.014034,0.01603,0.017918,0.019505,0.020877,0.022056,0.022941,0.023936,0.025074,0.026583,0.028149,0.029263,0.031003,0.03344,0.036434
0,0.0027671,0.0054961,0.0080811,0.010531,0.012928,0.015307,0.017611,0.019956,0.022403,0.024857,0.027326,0.02967,0.031799,0.03385,0.036115,0.03831,0.041076,0.043473,0.044154,0.043423
0,0.0013337,0.0026307,0.0038953,0.0051427,0.0063762,0.0076245,0.0088366,0.010016,0.011089,0.012035,0.013078,0.01404,0.015089,0.016269,0.017626,0.019379,0.021911,0.025348,0.028352,0.028948
0,0.0017516,0.0035075,0.0051988,0.0067564,0.0082964,0.009766,0.011165,0.012453,0.013527,0.014264,0.014918,0.015478,0.016137,0.017105,0.018758,0.021204,0.024407,0.028007,0.029962,0.029968
0,0.0023236,0.0046558,0.0068389,0.0089553,0.010929,0.01279,0.014536,0.016077,0.01727,0.018143,0.018832,0.019088,0.019292,0.02,0.021355,0.023647,0.02669,0.030209,0.033477,0.035933
0,0.0027582,0.0054642,0.0081782,0.010822,0.013252,0.015547,0.017607,0.019349,0.02069,0.021791,0.022719,0.023442,0.02418,0.024948,0.025948,0.026966,0.028032,0.029895,0.031902,0.033275
0,0.0029674,0.0058104,0.0085362,0.011172,0.01365,0.015932,0.018104,0.020383,0.022762,0.025255,0.027698,0.029484,0.031406,0.033565,0.036107,0.038141,0.039517,0.039792,0.040259,0.040266
0,0.0013756,0.0027118,0.0039928,0.0052945,0.0066097,0.0079041,0.0091025,0.010229,0.011196,0.012037,0.012974,0.013919,0.014942,0.016039,0.017392,0.019409,0.022455,0.026251,0.029161,0.029738
0,0.0017724,0.0035213,0.0051465,0.0067022,0.0081846,0.00962,0.010978,0.012298,0.013318,0.014005,0.014519,0.014964,0.015616,0.017004,0.019105,0.02173,0.024852,0.028052,0.030486,0.031146
0,0.0023468,0.0046997,0.0070686,0.009396,0.011608,0.013738,0.015635,0.017297,0.01859,0.019658,0.020567,0.021022,0.021304,0.021832,0.022648,0.024076,0.026561,0.030087,0.033222,0.034025
0,0.0026021,0.0051457,0.0076459,0.010076,0.012428,0.014785,0.017016,0.019055,0.020976,0.022858,0.024546,0.025668,0.026707,0.027733,0.028864,0.029641,0.029875,0.031063,0.032648,0.033634
0,0.0026576,0.0052718,0.007894,0.010493,0.012985,0.015477,0.018024,0.020574,0.022903,0.025062,0.027536,0.02984,0.032297,0.034984,0.037835,0.04089,0.043804,0.045165,0.044545,0.042644
0,0.0013782,0.0026931,0.0039573,0.0051254,0.0062578,0.0073911,0.0084456,0.0094056,0.010165,0.010813,0.011395,0.011846,0.012285,0.012984,0.014421,0.016906,0.020246,0.023795,0.026435,0.027423
0,0.0017572,0.0034928,0.0051402,0.0066738,0.0082007,0.0096834,0.011089,0.012341,0.013402,0.014152,0.014597,0.014836,0.015094,0.015726,0.017077,0.019219,0.022356,0.02599,0.028214,0.027712
0,0.0023255,0.0046076,0.0068589,0.0091096,0.011287,0.013359,0.015218,0.016864,0.018177,0.019227,0.020134,0.020595,0.020938,0.021545,0.022554,0.023904,0.025709,0.028084,0.030656,0.031846
0,0.002719,0.0053019,0.0077869,0.010248,0.012591,0.014911,0.0171,0.019166,0.021109,0.022873,0.02447,0.025601,0.026644,0.027661,0.028853,0.029856,0.030324,0.031635,0.033959,0.035403
0,0.0030729,0.0059977,0.0088185,0.011514,0.014145,0.016771,0.019292,0.021693,0.023858,0.025665,0.027378,0.028779,0.030435,0.032258,0.034827,0.038704,0.042736,0.044947,0.044349,0.040461
0,0.0014104,0.0028254,0.0041786,0.0055008,0.0067269,0.007878,0.0090625,0.010225,0.011339,0.012426,0.013544,0.014641,0.015897,0.01719,0.018597,0.02047,0.023059,0.026467,0.028918,0.029405
0,0.002013,0.0039174,0.005731,0.0075686,0.0093418,0.011086,0.012699,0.014162,0.015353,0.016431,0.017576,0.018525,0.019641,0.021282,0.023879,0.02766,0.0314,0.035203,0.037852,0.038339
0,0.0022629,0.0044901,0.0066643,0.0088189,0.010907,0.012888,0.014658,0.016163,0.017268,0.018135,0.018854,0.019402,0.020116,0.021351,0.023068,0.025636,0.02914,0.033721,0.038119,0.040177
0,0.0025604,0.0050935,0.0075511,0.0099832,0.012298,0.01447,0.01645,0.01822,0.019716,0.020986,0.022196,0.023053,0.023941,0.025145,0.026993,0.029206,0.031457,0.034397,0.037074,0.038934
0,0.0030283,0.0060873,0.009122,0.012117,0.014968,0.017676,0.020216,0.022502,0.024592,0.026528,0.028173,0.029405,0.030625,0.032186,0.034402,0.036962,0.039545,0.041794,0.043253,0.044307
0,0.0012395,0.002463,0.0036629,0.0048463,0.0060374,0.0072067,0.0082889,0.0093226,0.010301,0.011296,0.012414,0.013373,0.014442,0.015745,0.017566,0.020076,0.023839,0.02855,0.031833,0.031988
0,0.0019714,0.0038866,0.0057216,0.0074739,0.0091162,0.0107,0.012066,0.013178,0.014023,0.014692,0.015394,0.016149,0.017321,0.01892,0.021106,0.023927,0.026691,0.029405,0.031505,0.03283
0,0.0020008,0.0039921,0.005918,0.0077818,0.0096259,0.011417,0.013059,0.014559,0.015742,0.016749,0.017557,0.017979,0.018287,0.018881,0.020466,0.023409,0.027768,0.03252,0.035102,0.035874
0,0.0026276,0.0052052,0.0076505,0.010055,0.01235,0.014551,0.016606,0.018488,0.020083,0.021433,0.022692,0.023607,0.024451,0.025248,0.026535,0.028336,0.030343,0.032811,0.035279,0.038098
0,0.0030968,0.0061649,0.0091797,0.012142,0.015058,0.017872,0.020548,0.023087,0.025479,0.02775,0.029762,0.031383,0.032814,0.03429,0.036333,0.038906,0.041793,0.044127,0.045732,0.046372
0,0.0012637,0.0025388,0.0038088,0.0050606,0.0062157,0.0073254,0.008407,0.0095455,0.010685,0.011865,0.013091,0.014265,0.015374,0.016505,0.017724,0.019288,0.021654,0.024773,0.027093,0.027094
0,0.0017493,0.0034952,0.0051454,0.0067542,0.0083514,0.0099763,0.011612,0.013069,0.014245,0.015215,0.015955,0.016569,0.0173,0.018348,0.019899,0.022166,0.025119,0.028873,0.031332,0.032367
0,0.001954,0.0038555,0.0056334,0.0073131,0.008944,0.010499,0.011876,0.012993,0.013797,0.01439,0.014932,0.015429,0.016103,0.017275,0.01906,0.02167,0.024914,0.028257,0.031049,0.032827
0,0.0026254,0.0052761,0.0079241,0.010494,0.013025,0.015379,0.017634,0.01955,0.021033,0.022189,0.023099,0.023755,0.024511,0.025394,0.026472,0.028033,0.029903,0.032221,0.034124,0.035545
0,0.0031709,0.0062386,0.0091862,0.012048,0.014776,0.017428,0.020108,0.022685,0.025275,0.027556,0.029588,0.031106,0.03268,0.034568,0.037423,0.039859,0.041187,0.042014,0.043909,0.045202
0,0.0012975,0.0026031,0.0038956,0.0052036,0.0064528,0.0076029,0.0086682,0.0097128,0.010687,0.011674,0.012738,0.013753,0.014774,0.015775,0.016814,0.018103,0.020175,0.023603,0.026118,0.026514
0,0.0017474,0.0034174,0.005033,0.0066374,0.0082527,0.0097817,0.011224,0.01251,0.013466,0.014188,0.014815,0.015316,0.015987,0.017182,0.019377,0.022154,0.024853,0.027967,0.031076,0.033016
0,0.0019875,0.0039429,0.0058596,0.0077672,0.0096385,0.011446,0.013099,0.014565,0.015768,0.016808,0.017618,0.018037,0.018319,0.018686,0.019705,0.021624,0.024827,0.028158,0.030427,0.031147
0,0.0025839,0.0051665,0.0077554,0.010295,0.012764,0.015211,0.01758,0.019807,0.021812,0.023466,0.025035,0.026338,0.027691,0.028872,0.030005,0.031089,0.032116,0.033897,0.035317,0.036217
0,0.0029068,0.0057477,0.0086418,0.011541,0.014361,0.017272,0.02011,0.02291,0.025564,0.027978,0.030225,0.032055,0.033655,0.035331,0.037403,0.039915,0.042435,0.044039,0.044813,0.043977
0,0.0012901,0.0025772,0.0038601,0.005103,0.0062878,0.007398,0.0084728,0.0094914,0.010442,0.011278,0.012107,0.012891,0.013819,0.015001,0.016505,0.018746,0.02203,0.02594,0.028699,0.02871
0,0.0018459,0.0036645,0.0053722,0.0069734,0.0084915,0.0098897,0.011322,0.012618,0.013607,0.014349,0.014899,0.015257,0.015639,0.016164,0.017368,0.019261,0.021734,0.025265,0.028719,0.029513
0,0.0019088,0.0038041,0.0057167,0.0076205,0.0094516,0.01123,0.012896,0.014469,0.015772,0.016794,0.017611,0.018001,0.018293,0.018852,0.019817,0.021689,0.024498,0.026997,0.028909,0.029787
0,0.0029645,0.0058815,0.00874,0.011591,0.014369,0.01705,0.019519,0.021872,0.023906,0.025628,0.027199,0.02841,0.02959,0.030701,0.032045,0.033548,0.034661,0.035686,0.037044,0.037302
0,0.0030638,0.0060812,0.0090033,0.011864,0.01473,0.01763,0.020358,0.022912,0.025169,0.027134,0.028841,0.030168,0.031309,0.032469,0.034391,0.037581,0.040856,0.042566,0.042958,0.04116
0,0.0012981,0.0026027,0.0039299,0.0052376,0.0064869,0.0076815,0.0088715,0.010068,0.011178,0.01223,0.013437,0.014429,0.015409,0.016241,0.017267,0.019261,0.023625,0.029573,0.034037,0.035237
0,0.0016385,0.0033028,0.0049829,0.0066833,0.0083754,0.010042,0.011624,0.013016,0.014071,0.014921,0.01574,0.016569,0.017545,0.018581,0.0202,0.02265,0.026368,0.030437,0.032266,0.033617
0,0.0021335,0.0042173,0.006163,0.0079735,0.0097171,0.011404,0.012933,0.014242,0.015307,0.016192,0.016959,0.017781,0.018729,0.019839,0.021269,0.02297,0.02516,0.028716,0.032687,0.034793
0,0.0025902,0.005182,0.0076966,0.010143,0.012526,0.014866,0.01697,0.018891,0.020693,0.022439,0.024168,0.025858,0.027552,0.028864,0.030246,0.032435,0.035406,0.037765,0.040044,0.040337
0,0.0028853,0.0057498,0.0085232,0.011221,0.013811,0.01632,0.018643,0.020715,0.022455,0.023936,0.025216,0.026526,0.027649,0.029035,0.03155,0.035585,0.039875,0.041608,0.040578,0.036436
0,0.001232,0.0024519,0.0036219,0.0047739,0.0059186,0.0070062,0.0080494,0.0090973,0.010198,0.011271,0.01228,0.012827,0.013263,0.013745,0.014369,0.01593,0.019698,0.02542,0.029817,0.030792
0,0.0016416,0.0033058,0.0049931,0.0066046,0.0081358,0.0095828,0.010873,0.012001,0.012872,0.013581,0.014337,0.015198,0.016129,0.017171,0.018659,0.021149,0.025052,0.02925,0.031026,0.03213
0,0.0019729,0.0039549,0.0059082,0.0078023,0.0096722,0.011451,0.013134,0.014799,0.016419,0.017966,0.019347,0.020259,0.020862,0.021213,0.021738,0.022949,0.025038,0.027987,0.031879,0.034432
0,0.0028141,0.0056407,0.008374,0.011031,0.013659,0.016274,0.018701,0.020938,0.023097,0.025163,0.026939,0.028549,0.030107,0.031533,0.033421,0.035994,0.038488,0.040419,0.041576,0.042619
0,0.0028997,0.0058201,0.0086255,0.01139,0.014038,0.016614,0.018983,0.021068,0.023014,0.024808,0.026413,0.027958,0.029567,0.031466,0.034654,0.039603,0.043988,0.046193,0.045324,0.040706
0,0.0011956,0.0024001,0.0035855,0.0047766,0.0059406,0.0070699,0.008211,0.0093764,0.0104,0.011391,0.012452,0.013321,0.014227,0.01509,0.016072,0.01793,0.021697,0.026862,0.030568,0.030685
0,0.0016316,0.0032412,0.0048311,0.0063543,0.0077936,0.0092133,0.010509,0.011664,0.012592,0.013398,0.014163,0.015106,0.016119,0.017238,0.018618,0.02053,0.023625,0.027994,0.031235,0.032035
0,0.0018579,0.0037054,0.0055363,0.0072896,0.0089929,0.010573,0.01205,0.013395,0.014452,0.015346,0.01628,0.017252,0.018328,0.019405,0.020665,0.022133,0.024267,0.026926,0.029369,0.031456
0,0.0028221,0.0055779,0.0082949,0.010918,0.01356,0.016099,0.018382,0.020388,0.022087,0.023824,0.025642,0.027253,0.028576,0.02948,0.030753,0.033068,0.03638,0.038855,0.038815,0.038321
0,0.0027752,0.0055324,0.0081093,0.010492,0.01273,0.014971,0.017172,0.019254,0.021289,0.023234,0.025238,0.027094,0.028822,0.031099,0.033807,0.037476,0.041204,0.043617,0.043804,0.040219
0,0.0012507,0.0024823,0.003691,0.0048686,0.0059969,0.0070801,0.0081555,0.0092292,0.010267,0.011327,0.012448,0.013263,0.013988,0.014741,0.015567,0.017257,0.020544,0.025414,0.029145,0.02954
0,0.0017075,0.00342,0.0051249,0.0067665,0.0083766,0.0099142,0.011279,0.012443,0.013334,0.013982,0.014473,0.015205,0.015957,0.016949,0.01851,0.020808,0.024368,0.028676,0.031707,0.033931
0,0.0019564,0.0039163,0.0057954,0.0076116,0.0093972,0.011124,0.012756,0.014306,0.015739,0.01697,0.018289,0.019306,0.020099,0.020685,0.021184,0.022085,0.023899,0.026143,0.028274,0.029644
0,0.0025367,0.005033,0.0074491,0.0098602,0.012359,0.014938,0.017333,0.019442,0.02128,0.023197,0.025219,0.027192,0.029029,0.030704,0.032783,0.035675,0.038615,0.04001,0.039131,0.037644
0,0.0025847,0.0052144,0.0076936,0.010029,0.01222,0.014333,0.016348,0.01836,0.020265,0.022025,0.023705,0.025127,0.026263,0.027252,0.029138,0.032893,0.038134,0.04246,0.043235,0.036812
0,0.0011707,0.0023283,0.0035103,0.0046664,0.0057775,0.0069097,0.0079858,0.0090456,0.010046,0.011014,0.012121,0.012841,0.013485,0.013796,0.014148,0.015779,0.020804,0.026272,0.03034,0.031018
0,0.0016518,0.0032617,0.0048782,0.0064215,0.007846,0.0091917,0.010407,0.01149,0.012415,0.013242,0.014026,0.014773,0.015432,0.016099,0.017092,0.018689,0.021312,0.024772,0.028679,0.031766
0,0.0020572,0.0041281,0.0061218,0.008113,0.0099863,0.011778,0.013449,0.014912,0.01614,0.017302,0.018486,0.019496,0.020276,0.020819,0.021063,0.021605,0.023246,0.025341,0.027315,0.028255
0,0.0033005,0.0065564,0.0097091,0.012662,0.015465,0.018129,0.020588,0.022709,0.024583,0.0264,0.028373,0.030154,0.032054,0.034152,0.036435,0.039214,0.042876,0.045685,0.045573,0.044536
0,0.0026269,0.0051934,0.0076308,0.0099168,0.012102,0.014189,0.016106,0.017979,0.019723,0.021448,0.02323,0.024837,0.02618,0.02718,0.028339,0.030809,0.034901,0.039571,0.041703,0.036795
0,0.0011852,0.0023748,0.0035592,0.0047599,0.0059843,0.0071979,0.0084161,0.0095794,0.010616,0.01167,0.012833,0.013891,0.014934,0.015831,0.016857,0.019064,0.023299,0.029059,0.033479,0.034277
0,0.0018017,0.0035997,0.0053728,0.0070881,0.0087661,0.010397,0.01196,0.013406,0.014595,0.015576,0.016372,0.016934,0.017468,0.018164,0.019537,0.022231,0.026787,0.031959,0.034628,0.034437
0,0.0020263,0.0040496,0.0059479,0.007706,0.0093523,0.010847,0.012226,0.01354,0.014698,0.015628,0.016417,0.017367,0.018564,0.019859,0.021632,0.023752,0.026012,0.029352,0.033583,0.035443
0,0.0026168,0.0052375,0.0077766,0.010308,0.012809,0.015157,0.017447,0.019539,0.021353,0.02301,0.024666,0.025881,0.026762,0.027441,0.027828,0.028888,0.031301,0.033789,0.035777,0.036607
0,0.0032028,0.0064522,0.0095652,0.012688,0.01575,0.018631,0.02128,0.023601,0.025723,0.027608,0.029096,0.030333,0.031282,0.032336,0.034105,0.037689,0.041744,0.043684,0.04251,0.039152
0,0.0011575,0.0022753,0.0033849,0.0044588,0.0054584,0.0063776,0.0072934,0.0082093,0.0089984,0.0098507,0.010864,0.011729,0.012554,0.013343,0.014293,0.016259,0.020685,0.027159,0.032607,0.033524
0,0.0017465,0.0035343,0.0052815,0.0069234,0.0083489,0.0095923,0.010622,0.011445,0.012109,0.012742,0.013489,0.01421,0.014996,0.016049,0.017593,0.020212,0.023974,0.028063,0.03031,0.030773
0,0.0019864,0.0039975,0.0059447,0.0078701,0.0096811,0.011359,0.01298,0.014628,0.016287,0.017791,0.018897,0.019423,0.0197,0.020075,0.020709,0.022406,0.025427,0.02952,0.033838,0.036235
0,0.0028424,0.0057189,0.008534,0.011296,0.013847,0.016307,0.018677,0.020866,0.022687,0.024457,0.026234,0.027499,0.028374,0.029121,0.03013,0.031893,0.034219,0.035605,0.036994,0.03761
0,0.0029974,0.00604,0.0090348,0.011962,0.014854,0.017681,0.020323,0.022782,0.024874,0.026815,0.028672,0.030469,0.032047,0.033739,0.036599,0.041074,0.046217,0.048803,0.047535,0.043982
0,0.0011781,0.0023478,0.0035167,0.0046786,0.0058277,0.0069749,0.0080824,0.0090813,0.010029,0.011045,0.012236,0.013332,0.014429,0.015409,0.016502,0.018373,0.022028,0.026955,0.030572,0.030375
0,0.001642,0.0032991,0.0049492,0.0065623,0.0081084,0.0095391,0.010813,0.011804,0.012569,0.013214,0.013943,0.014669,0.015444,0.016423,0.017898,0.020132,0.023794,0.028976,0.032688,0.032388
0,0.0017817,0.0036192,0.0054356,0.0072099,0.0089182,0.010486,0.011897,0.013212,0.014273,0.015223,0.015989,0.016603,0.017316,0.018316,0.019826,0.021747,0.024176,0.027288,0.029758,0.031723
0,0.0027686,0.0055444,0.0081535,0.010616,0.012915,0.015121,0.017148,0.018988,0.020636,0.022231,0.023757,0.024878,0.025684,0.026079,0.026733,0.028234,0.030654,0.03326,0.034258,0.03349
0,0.0028214,0.0056359,0.0083507,0.011014,0.013678,0.016288,0.018847,0.021242,0.023448,0.025525,0.027513,0.029374,0.031416,0.033677,0.036503,0.039975,0.043852,0.04646,0.045671,0.043706
0,0.0012132,0.0023996,0.0035887,0.0047009,0.0057425,0.0067443,0.0077321,0.008697,0.0096254,0.010542,0.011613,0.012584,0.01353,0.014419,0.01567,0.017593,0.020945,0.02564,0.029522,0.029572
0,0.0017798,0.0035463,0.0052861,0.0069713,0.0086007,0.010192,0.011609,0.012772,0.013635,0.014244,0.014684,0.015197,0.015872,0.016956,0.018564,0.020989,0.024499,0.029193,0.033007,0.033317
0,0.0019248,0.0037818,0.0056407,0.0074955,0.0092658,0.010906,0.012548,0.014173,0.015593,0.016876,0.017995,0.018857,0.01959,0.020139,0.020861,0.022061,0.023914,0.026538,0.028645,0.030107
0,0.0025707,0.0050748,0.0075052,0.0099329,0.012369,0.014727,0.016936,0.019027,0.02083,0.022449,0.024036,0.025328,0.026329,0.027042,0.028253,0.030285,0.032763,0.034511,0.034665,0.032898
0,0.0026289,0.0052056,0.0076895,0.01012,0.012491,0.014754,0.016845,0.018919,0.020967,0.02292,0.02483,0.026432,0.027888,0.029376,0.031865,0.035672,0.04072,0.045029,0.044847,0.039364
0,0.0011489,0.002266,0.0033598,0.0044285,0.0054325,0.0063904,0.0073925,0.0083979,0.0093571,0.010331,0.011454,0.012393,0.013058,0.013437,0.013903,0.015969,0.021313,0.027772,0.032191,0.032682
0,0.0016402,0.0033016,0.0048934,0.0063711,0.0077284,0.0089875,0.010149,0.011175,0.011997,0.012624,0.01317,0.013653,0.014154,0.014928,0.01611,0.018046,0.021321,0.025602,0.029028,0.03085
0,0.0021909,0.0043754,0.0065241,0.0086015,0.010499,0.012262,0.013915,0.015467,0.016845,0.018069,0.019091,0.019767,0.020292,0.020609,0.020873,0.021418,0.023298,0.02549,0.027368,0.028444
0,0.0027627,0.0054701,0.0080664,0.010574,0.012922,0.015175,0.017327,0.019395,0.021282,0.02318,0.025197,0.026839,0.028086,0.029137,0.030159,0.031783,0.034042,0.036173,0.036957,0.036422
0,0.0027108,0.0053857,0.0079415,0.01037,0.012607,0.014716,0.016649,0.018508,0.020225,0.021776,0.023355,0.025002,0.026465,0.02759,0.029036,0.032192,0.036971,0.042587,0.043109,0.037614
0,0.0012518,0.0024973,0.0037711,0.0050523,0.0062827,0.0075231,0.0087525,0.0099052,0.010954,0.012125,0.013469,0.014567,0.015555,0.016317,0.017389,0.01962,0.023941,0.029813,0.034395,0.034931
0,0.0017008,0.0033972,0.0051063,0.0068465,0.0085539,0.010202,0.011695,0.012908,0.014008,0.014969,0.015762,0.01648,0.017258,0.018243,0.019785,0.022472,0.026357,0.031539,0.035012,0.034308
0,0.0020029,0.0039916,0.0059304,0.0077258,0.0093955,0.010958,0.01242,0.013693,0.014634,0.015321,0.015861,0.016476,0.017277,0.018367,0.020003,0.022282,0.025351,0.029405,0.033418,0.035618
0,0.0025264,0.0050768,0.0075916,0.010023,0.012447,0.01484,0.017134,0.019279,0.021186,0.022952,0.024698,0.025867,0.026688,0.027208,0.027556,0.028182,0.029725,0.031442,0.033708,0.03561
0,0.0033942,0.0068198,0.010319,0.013794,0.01721,0.02055,0.023655,0.02652,0.029099,0.031416,0.033669,0.035899,0.038192,0.040144,0.042056,0.04499,0.048808,0.050124,0.04904,0.047648
0,0.0012562,0.002504,0.00369,0.0048054,0.0058818,0.0069001,0.0078479,0.0087718,0.0096936,0.010642,0.011719,0.012769,0.013761,0.014501,0.01544,0.017628,0.022185,0.029169,0.034699,0.035463
0,0.001842,0.0036544,0.0054536,0.0072041,0.0088124,0.010243,0.011452,0.012356,0.013032,0.013583,0.014157,0.014972,0.016041,0.017371,0.019085,0.02171,0.025402,0.02987,0.032401,0.031679
0,0.0019487,0.0038581,0.0057282,0.0075701,0.0093848,0.01113,0.012863,0.014488,0.015945,0.017271,0.018354,0.018809,0.018971,0.019117,0.019835,0.02179,0.025213,0.029842,0.034404,0.037092
0,0.0026289,0.0052551,0.0079224,0.010607,0.01322,0.015718,0.018049,0.020228,0.022119,0.023849,0.02549,0.026742,0.027572,0.028037,0.028631,0.029837,0.031495,0.032726,0.034757,0.036183
0,0.0033683,0.006695,0.009919,0.013077,0.016112,0.019145,0.022063,0.024882,0.027559,0.03026,0.033092,0.03594,0.038812,0.041569,0.04455,0.048644,0.053075,0.055261,0.054382,0.0523
0,0.001235,0.0024393,0.0036242,0.0048374,0.0060207,0.0072105,0.0083778,0.0094899,0.010495,0.011552,0.012768,0.013869,0.014868,0.015677,0.016681,0.018636,0.022329,0.027582,0.031341,0.031236
0,0.0017215,0.0034973,0.0052809,0.0070606,0.0087533,0.010348,0.011727,0.01287,0.013639,0.01419,0.014779,0.015607,0.016694,0.017987,0.019489,0.021471,0.025147,0.030328,0.034105,0.032719
0,0.0017163,0.0034431,0.0051781,0.0069194,0.0085894,0.010106,0.011515,0.012787,0.013784,0.014552,0.015337,0.015977,0.016519,0.017102,0.018211,0.02019,0.023258,0.027219,0.030597,0.033269
0,0.002532,0.0050573,0.0075325,0.0099669,0.012321,0.014556,0.01669,0.01874,0.020503,0.022126,0.023776,0.025054,0.025963,0.026433,0.026795,0.027496,0.028872,0.031033,0.032533,0.03238
0,0.0035747,0.0070613,0.010343,0.013579,0.016589,0.019335,0.022008,0.02468,0.027005,0.029049,0.031486,0.034344,0.037274,0.040135,0.043191,0.04697,0.051738,0.056757,0.057512,0.056838
0,0.0012735,0.0025329,0.0037477,0.0049036,0.0060287,0.0071026,0.0081411,0.0091171,0.010052,0.011047,0.012251,0.013192,0.014048,0.014748,0.015813,0.017711,0.021015,0.026082,0.029965,0.030416
0,0.0018307,0.0037069,0.0055945,0.0074641,0.0092764,0.011005,0.012496,0.013644,0.014355,0.014964,0.015484,0.01605,0.01693,0.018204,0.019872,0.022138,0.025685,0.030305,0.034447,0.033812
0,0.0017977,0.0036719,0.0055882,0.0074318,0.0092562,0.010997,0.012679,0.014375,0.0158,0.016982,0.018123,0.018883,0.01941,0.019676,0.020156,0.021237,0.023613,0.027279,0.03025,0.032269
0,0.0024664,0.0050436,0.0075659,0.010077,0.012518,0.014941,0.017211,0.019262,0.021087,0.022717,0.024251,0.025412,0.026262,0.026847,0.027615,0.029014,0.030527,0.031505,0.032246,0.032018
0,0.003219,0.0063558,0.0093056,0.011993,0.01458,0.017113,0.01961,0.022027,0.02438,0.026639,0.029183,0.031533,0.033899,0.036039,0.039238,0.043551,0.04812,0.051464,0.051313,0.047819
0,0.0011631,0.0023283,0.0035032,0.0046197,0.0056533,0.0066109,0.0075407,0.0084822,0.009447,0.010484,0.011637,0.01254,0.013273,0.013642,0.014285,0.016436,0.021548,0.028682,0.033508,0.034413
0,0.0016676,0.0033552,0.0050449,0.0066988,0.0082706,0.0097384,0.011055,0.01222,0.013066,0.013704,0.014227,0.014711,0.015225,0.01608,0.017253,0.01923,0.022271,0.025737,0.029064,0.029273
0,0.002035,0.0040468,0.0060932,0.00807,0.0099775,0.011837,0.013601,0.015112,0.016304,0.017344,0.018375,0.019196,0.019719,0.019945,0.020099,0.020687,0.022709,0.026178,0.028498,0.030084
0,0.002766,0.0054788,0.0080498,0.010463,0.012814,0.015089,0.017206,0.019482,0.02176,0.023888,0.025834,0.027069,0.028051,0.028861,0.029904,0.031408,0.033212,0.034113,0.034788,0.035525
0,0.0033543,0.0065937,0.0097225,0.012703,0.01563,0.018685,0.021532,0.024121,0.026208,0.028035,0.029931,0.031898,0.033799,0.035461,0.037393,0.040763,0.045735,0.050677,0.051353,0.045846
0,0.0014313,0.0029077,0.0043645,0.0057653,0.0071194,0.0084233,0.0096866,0.010883,0.011969,0.013016,0.014204,0.01536,0.016505,0.017525,0.018851,0.021499,0.026211,0.032442,0.03727,0.038703
0,0.0018111,0.0035752,0.0052731,0.0069301,0.0086014,0.010242,0.011718,0.013089,0.014299,0.01525,0.016112,0.016884,0.017738,0.018724,0.02026,0.023427,0.028554,0.034642,0.038699,0.03867
0,0.0022218,0.0044258,0.0064921,0.0084279,0.010218,0.011735,0.012991,0.014147,0.015143,0.016104,0.017058,0.01818,0.019539,0.021097,0.022902,0.025196,0.028071,0.032194,0.036797,0.040592
0,0.0024169,0.0048206,0.0071694,0.009424,0.011627,0.013701,0.015775,0.017846,0.019863,0.021924,0.023821,0.025387,0.026608,0.027771,0.028998,0.030405,0.031998,0.033132,0.034794,0.037192
0,0.0031967,0.0063922,0.0095258,0.012507,0.015439,0.018374,0.021065,0.023499,0.025691,0.027724,0.029533,0.030776,0.031913,0.033092,0.034599,0.036929,0.039688,0.041686,0.041119,0.038872
0,0.0012985,0.002575,0.0037866,0.0049854,0.0062401,0.0074271,0.0084772,0.009393,0.010229,0.011017,0.011805,0.012348,0.012963,0.013795,0.014965,0.017239,0.021517,0.027878,0.033398,0.035321
0,0.0018381,0.0036159,0.0053354,0.0069686,0.0085606,0.009986,0.01125,0.012334,0.013207,0.014,0.014909,0.015613,0.016383,0.017485,0.019297,0.022087,0.026243,0.03103,0.034521,0.034791
0,0.0022304,0.004431,0.0065595,0.0086037,0.010555,0.012273,0.013857,0.015384,0.016703,0.017927,0.019202,0.02045,0.021507,0.022542,0.023949,0.025742,0.02861,0.033203,0.038404,0.042436
0,0.0028914,0.0057697,0.0085593,0.011303,0.013968,0.016413,0.01865,0.020637,0.0225,0.024209,0.025969,0.02749,0.028834,0.02991,0.031065,0.032769,0.034491,0.035111,0.036662,0.038689
0,0.0032408,0.006405,0.0093774,0.012203,0.014939,0.017699,0.020324,0.022855,0.02515,0.027378,0.029569,0.031539,0.033706,0.035991,0.038708,0.042418,0.046157,0.04865,0.047971,0.045463
0,0.0012665,0.0025106,0.0037801,0.0050841,0.0063925,0.007682,0.0089194,0.010081,0.011156,0.012189,0.013332,0.014339,0.015433,0.016425,0.017402,0.019363,0.022895,0.02842,0.032639,0.033344
0,0.0018323,0.0037403,0.005618,0.0073854,0.0090478,0.010494,0.0117,0.012719,0.013491,0.01406,0.014807,0.015543,0.016192,0.017245,0.018787,0.021265,0.025442,0.031212,0.035897,0.035572
0,0.0021216,0.0042133,0.0062174,0.0081042,0.0098927,0.011459,0.012844,0.01404,0.014943,0.015705,0.016429,0.017208,0.018,0.018882,0.020206,0.022178,0.025104,0.029141,0.032431,0.035291
0,0.0027328,0.0054123,0.0079755,0.010441,0.01273,0.014823,0.016732,0.018428,0.01997,0.02141,0.022849,0.024182,0.02534,0.026362,0.027286,0.028228,0.029828,0.03133,0.032292,0.033852
0,0.0031625,0.0063119,0.0093865,0.012327,0.015093,0.017607,0.019862,0.021909,0.02384,0.025808,0.02832,0.030666,0.03294,0.035126,0.037632,0.041089,0.044912,0.046869,0.046411,0.044662
0,0.0012766,0.0025549,0.0038304,0.0050534,0.0062091,0.0073117,0.0083182,0.0093325,0.010339,0.011457,0.012642,0.013498,0.014271,0.014966,0.015978,0.017878,0.020954,0.026193,0.030589,0.031492
0,0.0018205,0.0036735,0.0054693,0.0072163,0.0088146,0.010302,0.011536,0.012548,0.013266,0.013777,0.014349,0.014994,0.015788,0.016896,0.018618,0.021472,0.025856,0.031038,0.035544,0.035455
0,0.0020688,0.0040957,0.0060929,0.0080634,0.0099475,0.011608,0.013123,0.014523,0.015755,0.016982,0.018374,0.019594,0.020546,0.021299,0.022161,0.023378,0.025381,0.028564,0.032062,0.034395
0,0.0024558,0.0049019,0.0072971,0.0095827,0.011759,0.013833,0.015848,0.017697,0.01942,0.021258,0.023285,0.024976,0.026323,0.027442,0.028789,0.030412,0.03173,0.03185,0.032097,0.032857
0,0.0027999,0.0055669,0.0082758,0.010922,0.013435,0.015803,0.018033,0.020267,0.022458,0.024588,0.02681,0.028694,0.030517,0.032385,0.035061,0.039068,0.043796,0.047284,0.046558,0.042469
0,0.0013161,0.0025622,0.0038079,0.0050114,0.006193,0.0073158,0.0083179,0.0092712,0.010136,0.010982,0.011917,0.012567,0.013236,0.013748,0.014605,0.017279,0.022939,0.028869,0.032954,0.034542
0,0.0016806,0.0033413,0.0049164,0.0064115,0.0078034,0.0091153,0.010274,0.011252,0.011959,0.012501,0.013041,0.013339,0.013627,0.014141,0.015286,0.017615,0.021555,0.026569,0.030453,0.030487
0,0.0022424,0.0044356,0.0065471,0.0085737,0.010501,0.012303,0.013941,0.015304,0.016426,0.017635,0.018902,0.020068,0.020978,0.021599,0.022083,0.022589,0.024374,0.0274,0.030086,0.032029
0,0.0028669,0.005699,0.0085426,0.01128,0.013846,0.016191,0.018298,0.020375,0.022342,0.024196,0.025835,0.027054,0.027998,0.028907,0.030277,0.032148,0.033779,0.03443,0.03579,0.036797
0,0.0031199,0.0061298,0.0089685,0.011599,0.01411,0.016467,0.018591,0.020544,0.022371,0.024164,0.026236,0.028149,0.029884,0.031531,0.033656,0.037362,0.04236,0.04658,0.046066,0.04033
0,0.001422,0.0028202,0.0041778,0.0055242,0.0067985,0.0080361,0.0092424,0.010421,0.011479,0.012536,0.013782,0.014858,0.015938,0.016904,0.018153,0.020427,0.024813,0.030626,0.034874,0.035943
0,0.0017946,0.0036498,0.0054898,0.0073175,0.0091358,0.010866,0.012409,0.013775,0.014932,0.01584,0.01663,0.017173,0.017817,0.018729,0.020476,0.024024,0.028814,0.034027,0.038393,0.040057
0,0.0022445,0.0044331,0.0065158,0.0085255,0.010376,0.012012,0.013499,0.014759,0.015674,0.016429,0.016984,0.017418,0.017913,0.018752,0.020354,0.02297,0.026639,0.031384,0.035929,0.038813
0,0.0024197,0.0048153,0.0071533,0.0094545,0.011704,0.013974,0.016274,0.018475,0.02048,0.022366,0.024256,0.025599,0.026749,0.027613,0.028483,0.029948,0.032098,0.033919,0.036166,0.038539
0,0.0033088,0.0065974,0.0098094,0.012907,0.015927,0.01882,0.021501,0.023784,0.025831,0.027593,0.029084,0.030199,0.031097,0.032038,0.033651,0.036274,0.039695,0.042282,0.042316,0.041306
0,0.0012666,0.002509,0.0037481,0.0049383,0.0060499,0.0071364,0.0082023,0.009266,0.010261,0.011299,0.012493,0.013445,0.014275,0.014891,0.015683,0.017729,0.022286,0.029129,0.033724,0.034293
0,0.0018933,0.0038086,0.0056929,0.0075009,0.0092606,0.010803,0.012141,0.013296,0.014242,0.015053,0.015878,0.016637,0.017409,0.018449,0.020238,0.023167,0.027104,0.031545,0.035062,0.036481
0,0.0020563,0.0040954,0.0061214,0.0080517,0.009891,0.011623,0.01334,0.014874,0.016118,0.017225,0.018116,0.018556,0.018656,0.018758,0.01949,0.021738,0.025603,0.031212,0.0357,0.037921
0,0.0025909,0.005109,0.0076657,0.010188,0.012649,0.015038,0.017317,0.019546,0.021742,0.02372,0.025458,0.026652,0.027545,0.028187,0.028915,0.030488,0.032725,0.034339,0.035986,0.038161
0,0.0033592,0.0067158,0.0099668,0.013087,0.01612,0.018946,0.021541,0.02393,0.025924,0.027739,0.029591,0.031315,0.032948,0.034613,0.037024,0.040414,0.044091,0.046517,0.046543,0.045788
0,0.0013165,0.0026063,0.00383,0.0050471,0.0062322,0.0074438,0.0086498,0.0098115,0.010881,0.011978,0.01329,0.014371,0.015355,0.0162,0.017198,0.01919,0.023065,0.028421,0.032137,0.032274
0,0.0019018,0.0038578,0.0058025,0.0077141,0.0095603,0.011287,0.012777,0.014014,0.014879,0.015576,0.016161,0.016723,0.01731,0.01824,0.019756,0.022075,0.025517,0.030681,0.035865,0.03707
0,0.0018834,0.003778,0.0056062,0.0072977,0.0088879,0.010314,0.011643,0.012811,0.013751,0.014506,0.015118,0.015538,0.015911,0.016514,0.01773,0.020156,0.023892,0.027825,0.031001,0.033763
0,0.0025311,0.0050126,0.0073815,0.0096188,0.011726,0.013781,0.015753,0.017779,0.019555,0.021131,0.022647,0.023812,0.024864,0.025733,0.026649,0.027995,0.030097,0.03236,0.033617,0.035107
0,0.003136,0.0062597,0.0093731,0.012397,0.015304,0.018119,0.02088,0.023399,0.025748,0.028017,0.030199,0.03197,0.033748,0.03554,0.037794,0.040983,0.044081,0.045215,0.045322,0.04585
0,0.0013296,0.0026728,0.0039637,0.0051757,0.0063121,0.0073761,0.0084292,0.0095105,0.010601,0.011704,0.012898,0.013772,0.014535,0.015319,0.016374,0.018148,0.021235,0.025868,0.029526,0.029939
0,0.0018994,0.0038348,0.005783,0.0076443,0.0094468,0.011164,0.012668,0.013874,0.01467,0.015206,0.015773,0.016261,0.016691,0.017401,0.018626,0.021065,0.025203,0.030223,0.034635,0.036764
0,0.0018292,0.0036654,0.0054861,0.0073125,0.0090741,0.010713,0.012263,0.01371,0.014913,0.015919,0.016849,0.017388,0.017864,0.018388,0.019218,0.02069,0.023638,0.027581,0.030569,0.0326
0,0.0024707,0.0048833,0.0072732,0.0094943,0.011587,0.013567,0.015597,0.017692,0.019699,0.021614,0.023479,0.024883,0.026168,0.027249,0.028555,0.030236,0.032229,0.033372,0.03363,0.034096
0,0.00308,0.0061947,0.0092391,0.012047,0.014752,0.017457,0.02002,0.022333,0.024318,0.026068,0.027896,0.029472,0.030831,0.032279,0.03445,0.037906,0.042468,0.045242,0.044481,0.042163
0,0.0012316,0.0024698,0.0036696,0.0048318,0.0059424,0.0069977,0.0080388,0.0090979,0.010093,0.01111,0.012265,0.013054,0.013754,0.014183,0.014744,0.016668,0.021849,0.028396,0.032877,0.033932
0,0.0016916,0.003427,0.0051668,0.0068455,0.0084214,0.0098071,0.010932,0.011798,0.012437,0.012967,0.013554,0.013989,0.014463,0.014919,0.01581,0.01791,0.021374,0.025718,0.030102,0.032701
0,0.0018201,0.0036421,0.0054701,0.0073392,0.0092272,0.011038,0.012684,0.014156,0.015306,0.016365,0.017388,0.018069,0.018641,0.019107,0.019632,0.020637,0.023043,0.026269,0.028635,0.030545
0,0.0027968,0.0055619,0.0082169,0.010745,0.01303,0.015202,0.017329,0.019428,0.021478,0.023506,0.025495,0.026819,0.0279,0.028903,0.030025,0.031915,0.03452,0.035833,0.03595,0.035751
0,0.0030859,0.0061548,0.009165,0.012028,0.014766,0.017384,0.019821,0.022062,0.02403,0.025756,0.027512,0.028946,0.030089,0.031213,0.033153,0.036389,0.041188,0.04409,0.042841,0.038933
0,0.0012512,0.0024772,0.0037349,0.0050236,0.0062807,0.0075049,0.0087392,0.009947,0.011117,0.012187,0.013136,0.013923,0.014744,0.015767,0.016933,0.018603,0.020918,0.023221,0.023948,0.023767
