0,0.048028,0.09914,0.15933,0.22916,0.32507,0.43453,0.51829,0.58135,0.61509,0.61272,0.58709,0.55246,0.51265,0.47417,0.4446,0.42605,0.41428,0.40121,0.38022,0.3623
0,0.081806,0.16912,0.26044,0.3577,0.44956,0.52307,0.56781,0.59113,0.59596,0.58351,0.56055,0.53529,0.51041,0.48402,0.4581,0.43579,0.41728,0.39861,0.3671,0.34322
0,0.10385,0.19778,0.27229,0.31994,0.36601,0.40082,0.43192,0.45978,0.47995,0.49167,0.49785,0.4995,0.49707,0.48976,0.4775,0.46259,0.45213,0.44809,0.44382,0.43651
0,0.068213,0.13614,0.20635,0.27956,0.34639,0.40033,0.45122,0.49591,0.53015,0.55316,0.56899,0.58239,0.58854,0.58929,0.58548,0.58167,0.57635,0.56917,0.56224,0.55419
0,0.044792,0.093766,0.15176,0.21926,0.29554,0.3739,0.44351,0.49978,0.5348,0.54934,0.55419,0.55603,0.55784,0.56126,0.56898,0.57719,0.58457,0.58957,0.58948,0.58701
0,0.043728,0.095445,0.15622,0.23748,0.34072,0.4399,0.52347,0.58481,0.61156,0.60541,0.57599,0.5332,0.4892,0.44648,0.40661,0.3763,0.35637,0.34084,0.32784,0.32495
0,0.079857,0.1664,0.25299,0.33246,0.40403,0.45884,0.49334,0.51266,0.52006,0.51989,0.51625,0.51177,0.50436,0.49378,0.47723,0.45808,0.44038,0.4226,0.40369,0.37978
0,0.093406,0.17328,0.23599,0.28481,0.32297,0.35219,0.37623,0.39543,0.40997,0.42341,0.4353,0.44489,0.4511,0.45268,0.44777,0.43323,0.41521,0.39923,0.38409,0.37015
0,0.085188,0.17324,0.25651,0.33205,0.396,0.45851,0.5175,0.56813,0.60791,0.63498,0.65107,0.65847,0.65896,0.65916,0.65652,0.64943,0.64112,0.63415,0.624,0.60723
0,0.042935,0.093732,0.15382,0.21703,0.28742,0.35547,0.41884,0.46587,0.49253,0.49467,0.48599,0.47725,0.47096,0.46915,0.47137,0.48055,0.49392,0.50514,0.50956,0.50381
0,0.046886,0.099327,0.16561,0.26482,0.39577,0.53004,0.63743,0.70449,0.72592,0.71473,0.68072,0.64406,0.60431,0.56267,0.523,0.48989,0.46265,0.43527,0.40122,0.37065
0,0.093662,0.19845,0.31252,0.42366,0.49941,0.54157,0.56626,0.57897,0.58377,0.58401,0.58277,0.58102,0.57717,0.5711,0.56429,0.55798,0.55217,0.5429,0.52711,0.49836
0,0.077353,0.14794,0.21502,0.27438,0.3264,0.36946,0.39816,0.41589,0.42823,0.43595,0.44131,0.45088,0.4598,0.46692,0.46954,0.46909,0.46789,0.46444,0.46031,0.45311
0,0.084748,0.16885,0.25056,0.33221,0.41867,0.50691,0.58149,0.63442,0.67298,0.69859,0.71612,0.72768,0.73311,0.73458,0.73288,0.72971,0.72536,0.71653,0.7014,0.67923
0,0.057927,0.11711,0.17498,0.229,0.27882,0.32623,0.36799,0.40265,0.42529,0.43383,0.43071,0.42731,0.42587,0.42712,0.43047,0.43374,0.44039,0.45403,0.47179,0.48568
0,0.059366,0.13397,0.23262,0.35492,0.49043,0.60432,0.67888,0.72362,0.73567,0.72157,0.68992,0.66258,0.63805,0.61383,0.58912,0.56485,0.54381,0.52366,0.49635,0.46903
0,0.11744,0.24437,0.37068,0.47787,0.54956,0.58677,0.60976,0.62023,0.62365,0.62828,0.63479,0.64433,0.65321,0.65559,0.64752,0.63097,0.60965,0.59438,0.58339,0.57019
0,0.088479,0.16531,0.23593,0.29781,0.35961,0.41363,0.459,0.49246,0.51274,0.52295,0.53026,0.53928,0.54793,0.55545,0.561,0.56783,0.57587,0.58052,0.5817,0.57888
0,0.092751,0.18438,0.27213,0.35165,0.42076,0.48613,0.53848,0.58151,0.61525,0.63902,0.65581,0.66469,0.67179,0.67868,0.69083,0.7072,0.72222,0.73162,0.73802,0.74397
0,0.041635,0.087409,0.13451,0.18438,0.23598,0.28421,0.32346,0.35346,0.37468,0.38133,0.36732,0.34394,0.31791,0.29885,0.28803,0.27751,0.27163,0.27233,0.28505,0.30392
0,0.1107,0.22829,0.33471,0.40913,0.45693,0.49924,0.53142,0.55035,0.5582,0.55635,0.54792,0.53566,0.52131,0.50801,0.49747,0.48556,0.46684,0.43947,0.41368,0.43599
0,0.10328,0.19161,0.26303,0.31956,0.36189,0.39096,0.40699,0.41403,0.41545,0.41306,0.41137,0.41033,0.40983,0.40462,0.39531,0.38517,0.37454,0.35722,0.33229,0.30053
0,0.12509,0.27006,0.41439,0.5453,0.65172,0.71771,0.75375,0.77078,0.77192,0.76208,0.74828,0.73217,0.71629,0.6986,0.6834,0.67402,0.67394,0.67342,0.68024,0.6756
0,0.1351,0.27361,0.41578,0.55245,0.68241,0.78065,0.85275,0.89587,0.91041,0.89992,0.87355,0.84281,0.81397,0.79116,0.77975,0.78641,0.80591,0.82856,0.8479,0.85674
0,0.040868,0.086708,0.14073,0.20752,0.28074,0.35738,0.42075,0.46952,0.49658,0.50462,0.50407,0.50454,0.50878,0.51615,0.52754,0.54045,0.55059,0.55323,0.55236,0.54517
0,0.057081,0.11859,0.18728,0.26154,0.33204,0.39685,0.44502,0.47859,0.49201,0.48242,0.46166,0.44109,0.42769,0.42217,0.42583,0.43651,0.44529,0.45484,0.471,0.49422
0,0.079155,0.17408,0.29108,0.41149,0.50418,0.57376,0.62923,0.66204,0.67306,0.66488,0.64706,0.62524,0.59983,0.56996,0.53538,0.50313,0.4764,0.45154,0.41621,0.36944
0,0.095081,0.19292,0.28005,0.35045,0.40519,0.44511,0.47264,0.49242,0.50608,0.51433,0.52488,0.536,0.54275,0.54377,0.53497,0.51953,0.50172,0.48969,0.47796,0.4607
0,0.084618,0.17104,0.25456,0.33112,0.40059,0.4631,0.51137,0.54825,0.57194,0.58714,0.5966,0.59746,0.58932,0.57779,0.56521,0.56066,0.56184,0.57062,0.57895,0.57839
0,0.051809,0.11229,0.17963,0.25055,0.32357,0.3989,0.46054,0.50826,0.54263,0.55561,0.56323,0.576,0.58794,0.60181,0.61717,0.63764,0.65679,0.66694,0.66833,0.66216
0,0.04359,0.088555,0.13969,0.20801,0.29641,0.39357,0.48058,0.53417,0.5555,0.54612,0.51989,0.49126,0.46434,0.44125,0.42348,0.41604,0.41579,0.41934,0.42624,0.44355
0,0.084028,0.18461,0.30196,0.42174,0.52617,0.5913,0.63125,0.65136,0.66082,0.6644,0.66422,0.66146,0.65384,0.64285,0.62794,0.61077,0.59316,0.57459,0.55145,0.52215
0,0.11242,0.21381,0.31156,0.38966,0.44678,0.48386,0.51347,0.53531,0.55059,0.55857,0.56455,0.56932,0.56786,0.559,0.54471,0.52549,0.5033,0.48201,0.46215,0.44432
0,0.10944,0.21954,0.31733,0.40166,0.47261,0.53336,0.58667,0.62743,0.65601,0.67492,0.68771,0.69953,0.70931,0.7144,0.7188,0.72153,0.72195,0.71592,0.70238,0.68195
0,0.040643,0.089062,0.14326,0.20501,0.26326,0.32745,0.37961,0.41612,0.43524,0.43526,0.42918,0.42416,0.41866,0.41405,0.41312,0.41406,0.41614,0.41805,0.42339,0.42884
0,0.057995,0.12274,0.19461,0.27827,0.36459,0.45691,0.53593,0.59071,0.61751,0.61567,0.59889,0.57465,0.54499,0.51626,0.49508,0.48215,0.47615,0.47217,0.4686,0.47691
0,0.094744,0.20297,0.32688,0.45816,0.56902,0.63647,0.66349,0.67706,0.68201,0.68235,0.68335,0.68338,0.68098,0.67109,0.65568,0.64077,0.63074,0.62027,0.59959,0.56372
0,0.10272,0.20162,0.29317,0.36284,0.41615,0.45646,0.49,0.51434,0.52839,0.54041,0.55376,0.56561,0.57329,0.57564,0.57016,0.56339,0.55777,0.55563,0.55547,0.55894
0,0.10497,0.20949,0.31105,0.40742,0.49045,0.5665,0.63156,0.68673,0.72937,0.76359,0.7889,0.8045,0.81144,0.81351,0.81792,0.82799,0.84564,0.86477,0.8822,0.89263
0,0.035786,0.075739,0.12009,0.17123,0.23102,0.2896,0.3384,0.38117,0.40485,0.40616,0.38483,0.35371,0.32184,0.29584,0.26966,0.24616,0.22487,0.20338,0.19008,0.19603
0,0.073013,0.15817,0.24643,0.31786,0.371,0.40635,0.43115,0.447,0.45517,0.45838,0.45313,0.43976,0.42178,0.40208,0.38563,0.37292,0.36167,0.35898,0.39952,0.48738
0,0.11775,0.22197,0.295,0.34962,0.39399,0.42896,0.45104,0.45909,0.45934,0.45712,0.45531,0.45047,0.44291,0.43433,0.42652,0.41717,0.40269,0.38084,0.35138,0.33814
0,0.096248,0.21637,0.35512,0.4575,0.52145,0.56169,0.57885,0.58163,0.57855,0.573,0.56506,0.55667,0.54814,0.53708,0.52397,0.51375,0.50722,0.50119,0.48624,0.46698
0,0.11682,0.25573,0.40228,0.5478,0.678,0.76943,0.82638,0.85622,0.86796,0.86026,0.8429,0.81727,0.78973,0.76673,0.75656,0.7671,0.79871,0.83676,0.86261,0.87178
0,0.051988,0.10565,0.16215,0.21886,0.27387,0.32678,0.37111,0.40326,0.41976,0.41924,0.41227,0.40652,0.40384,0.40951,0.42067,0.43498,0.45294,0.46976,0.48004,0.49057
0,0.097575,0.20788,0.32015,0.43365,0.53191,0.59324,0.63213,0.65623,0.66852,0.66794,0.66267,0.65537,0.64578,0.63443,0.62496,0.61543,0.60553,0.59737,0.59377,0.61219
0,0.1161,0.23514,0.34497,0.4306,0.48513,0.52039,0.53852,0.55115,0.5618,0.57505,0.58846,0.60231,0.61151,0.6138,0.60642,0.59168,0.57511,0.55834,0.54562,0.53418
0,0.077712,0.15538,0.22189,0.28584,0.34825,0.40741,0.46891,0.52128,0.56411,0.60457,0.63826,0.65392,0.65362,0.63933,0.61361,0.57853,0.54292,0.50897,0.48031,0.458
0,0.067767,0.13675,0.20556,0.28142,0.35467,0.41974,0.47739,0.52172,0.55367,0.57407,0.5882,0.59819,0.60086,0.59605,0.58607,0.57473,0.56671,0.56122,0.55047,0.52666
0,0.056651,0.11764,0.18286,0.25554,0.34337,0.44237,0.52519,0.59063,0.62281,0.62697,0.61574,0.60498,0.60302,0.60428,0.60338,0.61096,0.62351,0.63293,0.63799,0.63336
0,0.057,0.11737,0.17912,0.25121,0.32877,0.41151,0.47306,0.5169,0.536,0.53316,0.52251,0.51146,0.49744,0.48463,0.47539,0.46957,0.46465,0.46274,0.45885,0.47155
0,0.060492,0.13501,0.22594,0.33966,0.4645,0.58555,0.66449,0.70173,0.71426,0.70351,0.67767,0.64792,0.61429,0.57943,0.54536,0.52016,0.50702,0.49639,0.47235,0.43418
0,0.11004,0.21801,0.33105,0.42762,0.50143,0.55037,0.58951,0.61838,0.63668,0.6475,0.65276,0.65121,0.64458,0.63285,0.61903,0.60421,0.58965,0.57565,0.56317,0.54497
0,0.097062,0.19859,0.2936,0.37861,0.45039,0.51132,0.55927,0.59356,0.61317,0.62403,0.62893,0.62889,0.62301,0.61693,0.61627,0.61506,0.61745,0.6203,0.61475,0.59573
0,0.054676,0.11368,0.17273,0.23727,0.29798,0.35236,0.40364,0.44059,0.461,0.46501,0.45739,0.45037,0.44664,0.44405,0.44129,0.44571,0.45308,0.46466,0.47721,0.49416
0,0.053295,0.11522,0.19255,0.29156,0.39159,0.47632,0.54049,0.58252,0.60209,0.59795,0.57923,0.55409,0.52605,0.50197,0.48082,0.4672,0.46144,0.45557,0.45704,0.47315
0,0.10115,0.21194,0.33709,0.46497,0.5494,0.59739,0.62234,0.6346,0.63985,0.64351,0.64827,0.65446,0.65995,0.66117,0.65689,0.64668,0.63542,0.62736,0.62411,0.62463
0,0.12031,0.24875,0.3666,0.45735,0.51629,0.55106,0.57323,0.59237,0.60785,0.62495,0.64512,0.66079,0.66815,0.66594,0.6568,0.64286,0.62474,0.60722,0.59149,0.57818
0,0.10736,0.21464,0.32467,0.42845,0.52031,0.59668,0.65322,0.69089,0.71269,0.72474,0.73464,0.74077,0.73846,0.7371,0.7429,0.75586,0.774,0.79335,0.80304,0.79626
0,0.035633,0.079177,0.13143,0.18968,0.25483,0.31976,0.37149,0.40636,0.42577,0.42807,0.41066,0.38526,0.35724,0.32736,0.29591,0.2675,0.24248,0.21208,0.19038,0.19592
0,0.073297,0.16092,0.23992,0.30692,0.35674,0.38773,0.40823,0.42391,0.43295,0.43302,0.42512,0.40927,0.39142,0.37508,0.36072,0.34914,0.34524,0.3524,0.37943,0.44584
0,0.11554,0.22695,0.29971,0.34268,0.37429,0.40677,0.43188,0.44923,0.45736,0.46047,0.46028,0.45875,0.4563,0.45234,0.44948,0.44562,0.43363,0.41632,0.39213,0.35902
0,0.092713,0.19461,0.30887,0.4044,0.47379,0.51235,0.5283,0.5263,0.51765,0.50476,0.48963,0.47474,0.46003,0.44531,0.43399,0.42617,0.42164,0.41993,0.41511,0.40686
0,0.16337,0.32443,0.46398,0.58879,0.68426,0.74965,0.78098,0.79191,0.79488,0.79012,0.7767,0.76196,0.74889,0.7363,0.71862,0.70951,0.70751,0.70811,0.69694,0.6769
0,0.047969,0.099799,0.15601,0.21617,0.27817,0.33908,0.38893,0.42548,0.44725,0.45042,0.44279,0.43394,0.42656,0.42351,0.42205,0.42658,0.43489,0.44741,0.46156,0.47325
0,0.094565,0.20036,0.32084,0.43532,0.52869,0.59286,0.63687,0.65925,0.66714,0.66584,0.65696,0.6443,0.62696,0.60352,0.57603,0.54757,0.52432,0.50365,0.4902,0.49755
0,0.13284,0.27073,0.39963,0.50884,0.57331,0.60698,0.62491,0.63197,0.63227,0.62847,0.6259,0.62537,0.62523,0.62489,0.62359,0.61967,0.61767,0.61509,0.60767,0.59396
0,0.088611,0.17075,0.23879,0.29178,0.33832,0.38218,0.41887,0.44789,0.47673,0.50637,0.53444,0.55365,0.55994,0.55691,0.54864,0.53738,0.52538,0.51535,0.50449,0.49427
0,0.1002,0.20868,0.31848,0.41416,0.48775,0.54322,0.58633,0.61913,0.63816,0.65027,0.65844,0.66394,0.66417,0.66067,0.65264,0.64477,0.64626,0.65221,0.64734,0.63096
0,0.065277,0.13215,0.20549,0.28537,0.36649,0.44709,0.50983,0.55228,0.5745,0.58116,0.57702,0.5723,0.5681,0.56853,0.57755,0.59037,0.60003,0.59795,0.58479,0.5642
0,0.081929,0.18215,0.29058,0.40814,0.52379,0.61117,0.66748,0.69284,0.70219,0.70001,0.69362,0.68457,0.67148,0.65804,0.64506,0.63528,0.62446,0.61521,0.61509,0.63291
0,0.12321,0.25567,0.37944,0.48699,0.55787,0.59503,0.62107,0.64106,0.65469,0.66229,0.6677,0.67242,0.67295,0.66883,0.6586,0.64291,0.62503,0.60555,0.58092,0.54623
0,0.074564,0.14814,0.2198,0.28704,0.34934,0.4052,0.45265,0.49003,0.52152,0.54789,0.56683,0.58037,0.58526,0.58171,0.57152,0.55784,0.53955,0.51984,0.49735,0.46927
0,0.10485,0.2066,0.30184,0.39533,0.48129,0.55579,0.61078,0.65156,0.67826,0.69317,0.70414,0.71408,0.72471,0.73411,0.74104,0.74804,0.75338,0.75372,0.74651,0.73132
0,0.055806,0.1163,0.18283,0.25892,0.34002,0.41223,0.47051,0.51052,0.53113,0.53941,0.5414,0.54325,0.54424,0.54817,0.55387,0.55901,0.56634,0.57459,0.58353,0.59849
0,0.051998,0.1143,0.18878,0.28813,0.39344,0.48267,0.55231,0.60357,0.62874,0.62363,0.59977,0.56374,0.52457,0.48097,0.43754,0.40775,0.39746,0.39398,0.39616,0.41734
0,0.081863,0.18455,0.3317,0.4976,0.6229,0.71272,0.75883,0.78405,0.78883,0.78006,0.75676,0.72689,0.69193,0.65641,0.62688,0.60073,0.57578,0.54944,0.51426,0.48371
0,0.13474,0.27663,0.41714,0.5283,0.60136,0.65375,0.69257,0.72425,0.7495,0.76641,0.77776,0.78666,0.78829,0.78352,0.77209,0.75258,0.73093,0.71224,0.69604,0.67684
0,0.094634,0.18408,0.27053,0.34516,0.40981,0.47175,0.52764,0.57248,0.60837,0.6354,0.65864,0.68048,0.69322,0.69858,0.69718,0.69929,0.70128,0.70367,0.70382,0.69878
0,0.058085,0.1175,0.17082,0.2279,0.28747,0.34728,0.392,0.42491,0.44497,0.44663,0.4372,0.42224,0.40198,0.3779,0.3459,0.31213,0.28082,0.26233,0.25989,0.28698
0,0.054891,0.11634,0.19083,0.273,0.35334,0.42149,0.47069,0.5053,0.52323,0.51876,0.49753,0.47004,0.43654,0.40377,0.36835,0.33662,0.31226,0.30877,0.34663,0.4144
0,0.14851,0.29213,0.3981,0.47278,0.52566,0.56655,0.59556,0.61502,0.62904,0.63837,0.6458,0.64536,0.64326,0.64013,0.63592,0.62907,0.61044,0.58263,0.57731,0.63582
0,0.16318,0.32404,0.41114,0.46743,0.51729,0.55489,0.57381,0.58065,0.58157,0.58097,0.58286,0.5878,0.59495,0.5962,0.5937,0.59035,0.58532,0.57545,0.55491,0.52602
0,0.12043,0.25545,0.38097,0.4792,0.54789,0.58865,0.60606,0.60812,0.60248,0.59227,0.58182,0.58082,0.58109,0.57692,0.57159,0.57031,0.57205,0.58195,0.59134,0.5909
0,0.06143,0.13029,0.20055,0.27212,0.33847,0.40104,0.45673,0.49364,0.51121,0.51134,0.49886,0.47815,0.45944,0.44235,0.43385,0.42823,0.4331,0.44015,0.45322,0.478
0,0.081441,0.16791,0.26297,0.35952,0.44356,0.50946,0.55918,0.59058,0.60387,0.60466,0.5921,0.5765,0.55845,0.53355,0.50014,0.46451,0.43019,0.40554,0.39959,0.42221
0,0.17149,0.33567,0.45646,0.543,0.58476,0.60624,0.62153,0.63267,0.63743,0.63542,0.62919,0.62309,0.61778,0.61114,0.60478,0.59662,0.58679,0.57017,0.54207,0.51238
0,0.11212,0.21995,0.30158,0.35134,0.38717,0.41878,0.44456,0.46611,0.48494,0.50018,0.51464,0.52731,0.53575,0.53767,0.53004,0.51947,0.51195,0.50668,0.50165,0.49131
0,0.092794,0.18149,0.26676,0.3537,0.43801,0.50366,0.5592,0.60884,0.6495,0.68512,0.71211,0.72871,0.72953,0.71483,0.6891,0.65914,0.6346,0.61521,0.59493,0.56439
0,0.054383,0.11586,0.18513,0.26093,0.34707,0.44015,0.51217,0.56433,0.59524,0.59969,0.59098,0.58046,0.57141,0.56343,0.55982,0.56341,0.56471,0.56148,0.5454,0.51734
0,0.091234,0.18779,0.28938,0.39526,0.49375,0.58294,0.66122,0.70939,0.72821,0.72654,0.71319,0.69274,0.66564,0.63438,0.60733,0.58745,0.5768,0.57339,0.5737,0.58261
0,0.14162,0.28575,0.43902,0.57699,0.6637,0.71243,0.74535,0.77163,0.78852,0.79506,0.79537,0.79174,0.78482,0.77481,0.75967,0.73938,0.71735,0.69537,0.66558,0.63335
0,0.12181,0.24151,0.34916,0.43168,0.48413,0.51621,0.54734,0.5763,0.59538,0.60632,0.6149,0.62082,0.62098,0.61569,0.60314,0.58551,0.57182,0.56176,0.54935,0.52693
0,0.096523,0.19334,0.28335,0.37197,0.45084,0.51235,0.56586,0.60812,0.63672,0.65301,0.66206,0.66792,0.67113,0.67537,0.68089,0.68761,0.69271,0.69245,0.68029,0.65713
0,0.069604,0.14578,0.22478,0.30844,0.40167,0.49469,0.56341,0.60479,0.62688,0.63623,0.63961,0.64225,0.64412,0.64538,0.65005,0.65683,0.66019,0.65705,0.6461,0.62133
0,0.0722,0.15963,0.26415,0.37607,0.48838,0.58127,0.64781,0.68544,0.70132,0.69948,0.6897,0.67718,0.66069,0.64825,0.63626,0.62591,0.6155,0.5987,0.58202,0.56885
0,0.12262,0.25948,0.40709,0.52128,0.61244,0.66054,0.68383,0.69934,0.71004,0.71761,0.72486,0.7308,0.73132,0.72494,0.71396,0.69985,0.6822,0.66321,0.64002,0.60953
0,0.078749,0.16265,0.23904,0.31548,0.3942,0.46199,0.52157,0.57138,0.61597,0.65447,0.68609,0.71074,0.72172,0.72159,0.71019,0.68721,0.65766,0.62762,0.59491,0.56375
0,0.075242,0.1473,0.21552,0.28627,0.35706,0.43081,0.49674,0.54585,0.57874,0.60334,0.62117,0.63549,0.64462,0.64668,0.64347,0.63875,0.63166,0.6214,0.60872,0.59103
0,0.04865,0.10097,0.15707,0.21441,0.2756,0.33697,0.38648,0.41312,0.43016,0.43432,0.42711,0.41205,0.38924,0.36077,0.33084,0.30473,0.2814,0.25652,0.24034,0.25571
0,0.049192,0.11746,0.20708,0.31519,0.4093,0.49023,0.54736,0.59279,0.61218,0.60174,0.56882,0.52941,0.48786,0.44836,0.40086,0.35558,0.30593,0.27317,0.27723,0.33082
0,0.094897,0.193,0.27856,0.32588,0.36515,0.39626,0.4233,0.44251,0.45315,0.45756,0.4562,0.45189,0.44541,0.43634,0.4265,0.41588,0.40273,0.39529,0.43151,0.55462
0,0.13749,0.26578,0.35859,0.41749,0.46101,0.49935,0.53436,0.55761,0.57213,0.58032,0.59009,0.60149,0.60839,0.60974,0.60798,0.59991,0.58235,0.5564,0.5235,0.49018
0,0.13062,0.25343,0.36173,0.45458,0.53231,0.58961,0.63139,0.65774,0.66719,0.66833,0.66392,0.66552,0.66909,0.66394,0.65237,0.63973,0.62751,0.61805,0.60314,0.58455
0,0.071731,0.14338,0.21571,0.29065,0.36354,0.43007,0.48958,0.53453,0.56241,0.5738,0.57456,0.5773,0.58663,0.60251,0.62495,0.64953,0.67265,0.69028,0.70345,0.72041
0,0.074473,0.16312,0.26951,0.38969,0.50971,0.61066,0.68073,0.72266,0.74357,0.74704,0.73249,0.70851,0.67532,0.6323,0.57615,0.51257,0.45843,0.41803,0.40674,0.42832
0,0.12779,0.26271,0.37791,0.46902,0.52589,0.55157,0.56691,0.57729,0.5852,0.59122,0.59478,0.5967,0.59595,0.59378,0.5886,0.5795,0.56884,0.56855,0.6046,0.70446
0,0.1345,0.26262,0.37364,0.4416,0.48918,0.51685,0.5427,0.56868,0.594,0.61882,0.6466,0.67345,0.68902,0.69456,0.68531,0.66363,0.63571,0.60703,0.58683,0.57644
0,0.10481,0.2113,0.30208,0.38153,0.45662,0.51657,0.56714,0.60368,0.6232,0.62884,0.62869,0.6251,0.61429,0.60417,0.60096,0.60255,0.60672,0.61015,0.60849,0.59984
0,0.06772,0.13916,0.21333,0.29676,0.38843,0.47804,0.54414,0.58697,0.61143,0.61865,0.61478,0.60757,0.60016,0.59788,0.60372,0.61579,0.62765,0.63109,0.62381,0.60218
0,0.071784,0.15574,0.24549,0.34711,0.44681,0.53557,0.61168,0.66048,0.68237,0.68088,0.66591,0.64547,0.61614,0.58328,0.55256,0.5334,0.52733,0.52894,0.54096,0.56125
0,0.11671,0.2542,0.40609,0.55699,0.6836,0.75629,0.79107,0.80474,0.81184,0.81246,0.80672,0.79835,0.78506,0.76709,0.74605,0.72878,0.71602,0.70599,0.70741,0.73844
0,0.14059,0.2921,0.43742,0.54698,0.62806,0.69084,0.72311,0.74253,0.75434,0.7587,0.76106,0.75782,0.75056,0.73879,0.72355,0.70786,0.6943,0.68197,0.66274,0.62901
0,0.086044,0.17035,0.25403,0.33787,0.41349,0.48019,0.53305,0.57726,0.61035,0.63453,0.65197,0.66521,0.66939,0.6647,0.65587,0.64424,0.62984,0.61258,0.58519,0.54192
0,0.075527,0.16935,0.26017,0.35509,0.45445,0.55251,0.63037,0.68566,0.71754,0.72584,0.72505,0.72233,0.72047,0.72041,0.72522,0.73167,0.73538,0.73006,0.715,0.68607
0,0.073521,0.15434,0.24134,0.3392,0.4406,0.53871,0.61662,0.66938,0.69536,0.6951,0.67802,0.65747,0.63506,0.61168,0.59233,0.58026,0.57523,0.56918,0.56763,0.57203
0,0.11383,0.25224,0.38126,0.49942,0.58329,0.63884,0.67563,0.70345,0.72172,0.72836,0.73016,0.72976,0.7268,0.71916,0.70258,0.68003,0.65331,0.62721,0.59948,0.56942
0,0.094586,0.17819,0.25386,0.31386,0.35711,0.39064,0.42095,0.44296,0.45909,0.47084,0.48006,0.48916,0.49449,0.49073,0.48062,0.47058,0.46631,0.46589,0.46605,0.46003
0,0.085451,0.16976,0.25495,0.33712,0.42091,0.49157,0.54691,0.59264,0.62691,0.6466,0.65672,0.66085,0.66259,0.66442,0.66683,0.67075,0.67678,0.67698,0.67057,0.65622
0,0.060289,0.12977,0.20787,0.29463,0.38167,0.46248,0.52915,0.57837,0.60353,0.61209,0.61295,0.61398,0.61372,0.61634,0.62477,0.63472,0.63849,0.63344,0.61798,0.59102
0,0.069125,0.15767,0.25817,0.35318,0.44241,0.52744,0.59572,0.64092,0.66167,0.66005,0.64798,0.63105,0.61263,0.60097,0.59524,0.59182,0.58799,0.57988,0.56229,0.5448
0,0.096668,0.21002,0.32513,0.41469,0.47446,0.50972,0.53195,0.54661,0.55574,0.56064,0.56528,0.57064,0.57472,0.57658,0.57504,0.56697,0.55076,0.52902,0.50695,0.48148
0,0.080761,0.1607,0.22946,0.29124,0.35774,0.42127,0.47376,0.51701,0.55608,0.59466,0.63241,0.6612,0.67862,0.6832,0.67692,0.65631,0.62436,0.59036,0.55757,0.52764
0,0.085921,0.17677,0.26498,0.34815,0.4255,0.4909,0.54631,0.59098,0.62172,0.64174,0.65211,0.65399,0.65233,0.64868,0.64224,0.62815,0.61014,0.59564,0.57755,0.55343
0,0.050485,0.10166,0.15651,0.21759,0.28003,0.34523,0.4095,0.45882,0.48872,0.50148,0.50525,0.50864,0.51189,0.51437,0.51934,0.52892,0.53911,0.54924,0.55519,0.54304
0,0.07705,0.15475,0.22967,0.30059,0.38157,0.46778,0.53636,0.57677,0.58872,0.58156,0.56659,0.55481,0.54921,0.54661,0.54286,0.53875,0.535,0.53154,0.53108,0.53771
0,0.089205,0.19554,0.31197,0.42077,0.50031,0.5532,0.58179,0.59434,0.59646,0.59075,0.58493,0.58035,0.5768,0.57116,0.56476,0.5552,0.54169,0.52897,0.52425,0.54687
0,0.12813,0.25147,0.34637,0.40625,0.44864,0.48051,0.50104,0.52355,0.54334,0.55874,0.56972,0.57247,0.5747,0.57548,0.57017,0.55664,0.53474,0.51677,0.50677,0.49996
0,0.083271,0.16697,0.24498,0.32105,0.39414,0.45725,0.5092,0.55539,0.59087,0.61667,0.63905,0.65837,0.67398,0.68365,0.68681,0.68613,0.68399,0.67754,0.66431,0.64414
0,0.064958,0.1329,0.20226,0.27179,0.347,0.4235,0.50199,0.56578,0.60774,0.6325,0.64354,0.64585,0.64476,0.64361,0.64591,0.65188,0.66006,0.66872,0.66968,0.65161
0,0.053821,0.11127,0.17415,0.24833,0.33949,0.44766,0.52948,0.57665,0.58698,0.57339,0.5506,0.52971,0.5034,0.47574,0.45396,0.44049,0.43094,0.42429,0.42651,0.44603
0,0.079062,0.17774,0.28465,0.38789,0.48165,0.54276,0.57806,0.60039,0.61016,0.6168,0.62144,0.626,0.62921,0.6316,0.62726,0.61697,0.59351,0.56523,0.53588,0.52284
0,0.10653,0.19618,0.2664,0.31699,0.35571,0.38621,0.41687,0.43951,0.45949,0.4781,0.49775,0.51602,0.53092,0.54104,0.54407,0.53633,0.5146,0.48915,0.46213,0.43661
0,0.08124,0.15922,0.23696,0.31256,0.37454,0.42771,0.47526,0.51907,0.55978,0.5936,0.6231,0.64238,0.65803,0.66967,0.68203,0.69158,0.69287,0.67452,0.64388,0.61777
0,0.054244,0.11331,0.16924,0.23089,0.29907,0.37517,0.44889,0.49955,0.52449,0.53497,0.54177,0.54896,0.55641,0.5652,0.57866,0.59421,0.61058,0.62321,0.62611,0.61385
0,0.073219,0.14435,0.21802,0.30772,0.41002,0.53224,0.6315,0.68503,0.69398,0.67578,0.64596,0.61902,0.59606,0.5749,0.55075,0.53245,0.51724,0.50103,0.47926,0.46919
0,0.086087,0.18574,0.3022,0.42682,0.52576,0.58411,0.61449,0.62918,0.63545,0.64006,0.64189,0.64242,0.64251,0.64618,0.64892,0.64398,0.62821,0.60259,0.57191,0.53288
0,0.099464,0.18123,0.24265,0.29102,0.32766,0.35268,0.3697,0.38587,0.40158,0.41938,0.4419,0.46392,0.48444,0.50293,0.52075,0.52902,0.52385,0.51042,0.49089,0.47022
0,0.086248,0.17693,0.26297,0.34511,0.42567,0.50094,0.56734,0.63415,0.68658,0.72837,0.75632,0.77569,0.78899,0.79762,0.80569,0.81174,0.81244,0.80523,0.78757,0.76111
0,0.05264,0.11271,0.17688,0.25017,0.33143,0.40221,0.45656,0.49303,0.51656,0.52983,0.53711,0.5418,0.54354,0.54468,0.54852,0.55424,0.56273,0.57385,0.58647,0.58485
0,0.072406,0.14945,0.24865,0.36774,0.49047,0.58538,0.63767,0.65979,0.66037,0.64618,0.62645,0.61012,0.5998,0.59388,0.59068,0.58916,0.58939,0.59327,0.60463,0.63727
0,0.10112,0.20954,0.32323,0.44185,0.54149,0.60441,0.64061,0.65957,0.67058,0.68292,0.70432,0.72439,0.7396,0.74571,0.73636,0.71218,0.67859,0.6417,0.60909,0.57625
0,0.085829,0.16191,0.2283,0.28954,0.34436,0.39563,0.4426,0.48115,0.51306,0.53735,0.56331,0.59061,0.61724,0.64377,0.66738,0.689,0.70781,0.72163,0.72225,0.71272
0,0.080598,0.16641,0.25606,0.33845,0.41968,0.49595,0.55807,0.60356,0.63931,0.6656,0.68955,0.71136,0.72704,0.74333,0.76312,0.78619,0.80997,0.82784,0.83632,0.83222
0,0.063432,0.12487,0.18904,0.2482,0.30621,0.35695,0.39284,0.42302,0.44581,0.45293,0.44316,0.43017,0.41835,0.40976,0.39513,0.38454,0.38871,0.4059,0.42582,0.44789
0,0.11642,0.25337,0.38018,0.4862,0.55182,0.5848,0.60338,0.61864,0.62575,0.62272,0.61049,0.59762,0.5936,0.59648,0.60336,0.61045,0.60915,0.60151,0.64061,0.73589
0,0.10943,0.20671,0.297,0.36633,0.40568,0.43047,0.44504,0.45009,0.452,0.45501,0.46068,0.46294,0.46207,0.45896,0.45534,0.4465,0.43135,0.40725,0.36717,0.32969
0,0.12496,0.28012,0.42039,0.50849,0.56943,0.60782,0.62549,0.62951,0.62585,0.60957,0.58398,0.56018,0.53639,0.51038,0.48505,0.47146,0.46127,0.45815,0.46084,0.46296
0,0.12968,0.26871,0.39975,0.51921,0.62776,0.71864,0.78564,0.82923,0.85157,0.86138,0.85245,0.83087,0.79986,0.77268,0.7631,0.77175,0.78471,0.79449,0.79222,0.78661
0,0.066542,0.13316,0.19589,0.25794,0.32072,0.38589,0.44732,0.49758,0.53173,0.55151,0.56427,0.57617,0.588,0.60121,0.61529,0.62903,0.64229,0.65117,0.65237,0.62967
0,0.076214,0.15077,0.22316,0.29741,0.37101,0.44562,0.50002,0.53867,0.55637,0.56073,0.56023,0.56174,0.56245,0.56381,0.56593,0.57089,0.57477,0.58125,0.5956,0.61622
0,0.074093,0.16017,0.26099,0.36682,0.45195,0.51734,0.56167,0.58343,0.59041,0.5857,0.57828,0.57039,0.56006,0.55129,0.53894,0.52477,0.50885,0.49377,0.48268,0.48985
0,0.11083,0.21954,0.32218,0.4131,0.48026,0.52413,0.54964,0.56964,0.5876,0.60548,0.62102,0.63892,0.6559,0.66763,0.66878,0.65757,0.63188,0.59908,0.56453,0.53656
0,0.085005,0.17645,0.26668,0.35431,0.4318,0.5027,0.56117,0.60513,0.63724,0.65922,0.67894,0.69349,0.68692,0.66816,0.65211,0.6342,0.61755,0.61327,0.60329,0.57992
0,0.063241,0.12346,0.1891,0.26794,0.34883,0.42272,0.48915,0.53947,0.56971,0.58876,0.60321,0.61736,0.63132,0.64497,0.66082,0.67731,0.68995,0.69626,0.69448,0.68006
0,0.063193,0.13098,0.19475,0.25967,0.33102,0.41212,0.48863,0.53731,0.55555,0.55555,0.54323,0.53276,0.52147,0.51045,0.50495,0.50685,0.51253,0.5207,0.5331,0.55606
0,0.075633,0.16381,0.26104,0.378,0.51648,0.63298,0.69315,0.72147,0.735,0.74274,0.74777,0.75149,0.74839,0.74006,0.7298,0.71529,0.6964,0.67175,0.63643,0.59172
0,0.12748,0.25346,0.36611,0.45627,0.52199,0.56461,0.59345,0.6122,0.6262,0.63625,0.64619,0.65827,0.66969,0.68032,0.68272,0.67409,0.65592,0.62792,0.59738,0.56862
0,0.087597,0.18754,0.2864,0.37326,0.44762,0.51031,0.55842,0.59507,0.62785,0.65632,0.68158,0.69931,0.71364,0.72872,0.74663,0.76284,0.76771,0.7596,0.73521,0.70469
0,0.050378,0.10843,0.16594,0.22502,0.28614,0.34631,0.40479,0.4473,0.47503,0.48915,0.49349,0.49482,0.49368,0.49061,0.48746,0.48425,0.48138,0.48069,0.47693,0.4647
0,0.066018,0.14076,0.21831,0.29739,0.3867,0.47397,0.5454,0.59243,0.61074,0.60916,0.59416,0.5765,0.56159,0.55309,0.55245,0.55774,0.56507,0.57044,0.58187,0.61552
0,0.087144,0.18433,0.3015,0.44328,0.57543,0.66014,0.70405,0.71776,0.72558,0.7386,0.75468,0.76682,0.77149,0.76683,0.75586,0.73663,0.71095,0.6785,0.6314,0.57358
0,0.088028,0.16875,0.24662,0.32033,0.38699,0.44448,0.48976,0.51712,0.53764,0.55487,0.57321,0.59513,0.61517,0.62766,0.63397,0.63436,0.6301,0.62728,0.62445,0.62288
0,0.094341,0.19642,0.29955,0.3995,0.48659,0.57173,0.64161,0.69471,0.73385,0.76598,0.79661,0.81489,0.82759,0.84336,0.86474,0.88973,0.91851,0.94334,0.95093,0.94278
0,0.045643,0.092745,0.14157,0.19289,0.24592,0.30062,0.35196,0.39203,0.41794,0.41955,0.39933,0.37436,0.34719,0.32382,0.30512,0.28783,0.27274,0.2619,0.2558,0.2574
0,0.075305,0.16767,0.25838,0.34987,0.42711,0.46916,0.49722,0.51295,0.52608,0.53132,0.52784,0.52054,0.51073,0.50294,0.49343,0.47949,0.47094,0.48488,0.53971,0.6597
0,0.13793,0.25904,0.34998,0.42472,0.47605,0.50546,0.52266,0.53126,0.53319,0.53366,0.53412,0.53249,0.52579,0.52126,0.51896,0.51498,0.49116,0.43829,0.36509,0.31905
0,0.13237,0.28143,0.40349,0.483,0.53312,0.56107,0.57641,0.58406,0.58503,0.57904,0.56767,0.55428,0.53645,0.51427,0.49935,0.49492,0.50436,0.51964,0.52722,0.52388
0,0.12783,0.26534,0.4061,0.53769,0.64833,0.72609,0.782,0.82659,0.85155,0.85483,0.84522,0.83292,0.8189,0.82253,0.84054,0.88696,0.96209,1.0404,1.0993,1.1214
0,0.053672,0.11124,0.1711,0.23224,0.29922,0.36136,0.41369,0.4515,0.46852,0.47277,0.47665,0.48488,0.49352,0.50464,0.51873,0.53485,0.55341,0.57368,0.58878,0.5991
0,0.080059,0.17545,0.28563,0.40501,0.51183,0.6016,0.6545,0.67921,0.68519,0.68338,0.6796,0.67815,0.67592,0.67327,0.66513,0.66048,0.65564,0.65775,0.68437,0.74894
0,0.10724,0.20669,0.30631,0.3869,0.44165,0.47829,0.49968,0.51177,0.51979,0.53112,0.54504,0.55894,0.57071,0.57612,0.57149,0.55702,0.53631,0.51816,0.50683,0.48678
0,0.085181,0.16284,0.23801,0.30826,0.36828,0.41416,0.45085,0.48463,0.52072,0.55893,0.60078,0.62673,0.63319,0.62405,0.60621,0.57954,0.54524,0.51296,0.49171,0.46816
0,0.071237,0.13804,0.20039,0.26244,0.32152,0.37653,0.42859,0.47315,0.51419,0.54629,0.56906,0.58435,0.59546,0.60086,0.60052,0.59612,0.59172,0.58196,0.55928,0.51846
0,0.082995,0.15801,0.23251,0.30189,0.36717,0.44485,0.52245,0.59016,0.63106,0.64883,0.65287,0.65214,0.65109,0.65447,0.66348,0.67851,0.69263,0.70227,0.70269,0.67287
0,0.083819,0.16907,0.25438,0.33193,0.40162,0.46818,0.53235,0.57736,0.5997,0.60387,0.60439,0.60507,0.59958,0.59737,0.59612,0.59994,0.60246,0.60104,0.60124,0.61204
0,0.061193,0.13296,0.21976,0.32045,0.44328,0.56111,0.64154,0.67767,0.68103,0.66644,0.64465,0.62309,0.60046,0.58207,0.56559,0.55081,0.53711,0.52083,0.49904,0.47008
0,0.13582,0.27928,0.42353,0.54933,0.64556,0.69665,0.72799,0.75296,0.77327,0.78794,0.79508,0.79793,0.79871,0.79736,0.79468,0.78444,0.76445,0.74118,0.71532,0.68924
0,0.11832,0.23273,0.32773,0.39772,0.45668,0.50514,0.53901,0.56339,0.57879,0.58915,0.59581,0.59854,0.59545,0.59474,0.60712,0.62093,0.63362,0.63515,0.62304,0.60381
0,0.061365,0.12549,0.19261,0.26145,0.32335,0.37323,0.41648,0.45101,0.47246,0.48077,0.479,0.47579,0.46956,0.46402,0.46206,0.46386,0.46409,0.46193,0.45903,0.45203
0,0.061018,0.12197,0.18588,0.24866,0.32006,0.40292,0.48475,0.54271,0.5693,0.57521,0.56712,0.55088,0.53364,0.52174,0.51865,0.5232,0.53309,0.54358,0.56028,0.60971
0,0.082831,0.18242,0.3119,0.45874,0.59543,0.68071,0.71614,0.72574,0.72776,0.73504,0.74907,0.76493,0.77949,0.78365,0.78102,0.77022,0.74807,0.71725,0.67966,0.64429
0,0.11181,0.22614,0.33607,0.44038,0.52361,0.56857,0.59698,0.61325,0.62761,0.64678,0.6724,0.70328,0.72548,0.73561,0.73446,0.71934,0.69154,0.66499,0.64402,0.62689
0,0.10464,0.20533,0.30611,0.40278,0.4903,0.56896,0.62737,0.67152,0.70226,0.7285,0.75065,0.77185,0.78715,0.80175,0.8216,0.85016,0.88786,0.92184,0.93604,0.92669
0,0.044967,0.086491,0.13037,0.18239,0.23239,0.28388,0.3373,0.3802,0.40303,0.40393,0.38593,0.36059,0.33356,0.31196,0.2878,0.26237,0.24422,0.23484,0.23991,0.25865
0,0.080246,0.1661,0.2622,0.35285,0.41517,0.45997,0.4812,0.48869,0.48995,0.48616,0.47879,0.4722,0.46538,0.46105,0.46079,0.47062,0.49678,0.53278,0.59282,0.66967
0,0.12848,0.26585,0.37537,0.43518,0.48025,0.52154,0.54961,0.5595,0.56284,0.56654,0.5709,0.57081,0.56329,0.55043,0.53981,0.53152,0.51715,0.48276,0.43173,0.40506
0,0.13593,0.28852,0.44536,0.54376,0.59164,0.61604,0.63364,0.6405,0.64039,0.63175,0.61652,0.592,0.55878,0.52834,0.50144,0.48299,0.47309,0.48075,0.48464,0.48113
0,0.19324,0.37989,0.52722,0.63963,0.72732,0.78535,0.81496,0.82159,0.8117,0.79211,0.77319,0.75843,0.74107,0.72099,0.6958,0.67741,0.68319,0.6954,0.71322,0.74721
0,0.048567,0.09995,0.15706,0.21981,0.28664,0.35582,0.42222,0.46861,0.49266,0.49765,0.49262,0.4872,0.48205,0.48102,0.48531,0.49346,0.5062,0.52158,0.53163,0.52437
0,0.074551,0.16177,0.25876,0.37353,0.49907,0.60996,0.68473,0.72178,0.73259,0.72636,0.7103,0.68936,0.66508,0.63657,0.60983,0.58953,0.57724,0.57885,0.60623,0.66089
0,0.13002,0.25907,0.38172,0.48473,0.55246,0.59382,0.61636,0.62768,0.63072,0.62717,0.6245,0.62262,0.62106,0.61863,0.61388,0.60789,0.60161,0.59461,0.58017,0.54856
0,0.098105,0.18815,0.26744,0.32786,0.3684,0.40389,0.43263,0.4542,0.47229,0.48768,0.50532,0.52095,0.53053,0.53364,0.53372,0.53075,0.52386,0.51514,0.50765,0.49943
0,0.085216,0.17529,0.265,0.34621,0.41453,0.46796,0.51081,0.53991,0.55712,0.56624,0.57086,0.57291,0.57015,0.56495,0.56223,0.56291,0.57104,0.58792,0.60198,0.5991
0,0.067836,0.14332,0.22142,0.30178,0.38941,0.47878,0.55872,0.613,0.63833,0.64783,0.64951,0.65218,0.65466,0.66166,0.67514,0.6961,0.71841,0.72877,0.72704,0.71564
0,0.077508,0.16839,0.27573,0.39759,0.5365,0.66099,0.74611,0.79252,0.81071,0.81276,0.80916,0.80482,0.79853,0.79165,0.7835,0.77831,0.77509,0.76534,0.76988,0.79619
0,0.11518,0.2405,0.366,0.48178,0.58566,0.65947,0.70392,0.73254,0.75075,0.76111,0.76596,0.7709,0.77496,0.7753,0.76754,0.75039,0.72454,0.69208,0.64515,0.58105
0,0.086667,0.17555,0.24983,0.31123,0.36426,0.41143,0.45277,0.48456,0.5139,0.53965,0.56397,0.58497,0.59951,0.60946,0.61467,0.61111,0.59784,0.56999,0.5334,0.49113
0,0.087982,0.1795,0.26863,0.35516,0.4406,0.51223,0.56512,0.60703,0.6404,0.66717,0.69103,0.71837,0.74364,0.76434,0.77957,0.79244,0.80258,0.80571,0.8024,0.78974
0,0.079766,0.15981,0.23913,0.31788,0.39366,0.46669,0.52974,0.57804,0.60896,0.62351,0.62795,0.62842,0.62627,0.62152,0.61694,0.61465,0.61397,0.61506,0.61962,0.61209
0,0.072564,0.13479,0.19104,0.24947,0.31231,0.37613,0.4338,0.48624,0.51956,0.52592,0.51065,0.48669,0.46311,0.44785,0.44413,0.44379,0.44833,0.46149,0.48683,0.52615
0,0.080121,0.16834,0.26677,0.4023,0.53172,0.63783,0.69404,0.71727,0.72258,0.71729,0.70749,0.69806,0.68757,0.67905,0.66821,0.65667,0.64482,0.63181,0.61868,0.64177
0,0.12893,0.27107,0.41219,0.54852,0.65836,0.72802,0.7778,0.81271,0.84381,0.87275,0.89974,0.91797,0.92516,0.92134,0.90898,0.89069,0.86589,0.83651,0.79898,0.75624
0,0.098023,0.19632,0.29213,0.37347,0.44159,0.50172,0.55714,0.59927,0.62677,0.64294,0.65631,0.67156,0.68835,0.70891,0.7303,0.75581,0.7792,0.80135,0.80961,0.8033
0,0.084737,0.1558,0.22671,0.28932,0.33911,0.38499,0.421,0.44994,0.46654,0.46989,0.4627,0.44661,0.42877,0.41094,0.39351,0.37948,0.37336,0.37687,0.3849,0.41404
0,0.053954,0.11566,0.19242,0.27552,0.35529,0.41826,0.45809,0.48454,0.49733,0.49535,0.48338,0.46564,0.44288,0.4232,0.40493,0.38688,0.37675,0.3878,0.42886,0.49944
0,0.13711,0.29492,0.4687,0.60172,0.68808,0.73251,0.75673,0.77375,0.77868,0.77723,0.77334,0.77024,0.77061,0.77604,0.78095,0.77874,0.77011,0.76119,0.75774,0.84173
0,0.19562,0.39334,0.52541,0.60695,0.65078,0.67317,0.68235,0.67775,0.66449,0.65151,0.6456,0.65074,0.65808,0.6671,0.67286,0.67518,0.67456,0.66437,0.6269,0.5584
0,0.1817,0.3694,0.5387,0.64764,0.71944,0.76282,0.78769,0.80169,0.80449,0.79361,0.76385,0.72327,0.68377,0.65363,0.6453,0.66458,0.7051,0.75182,0.78013,0.7973
0,0.070916,0.14109,0.20707,0.27833,0.34812,0.42244,0.48374,0.52878,0.55476,0.56499,0.56493,0.56247,0.55944,0.55907,0.56142,0.56799,0.57739,0.59402,0.61175,0.61974
0,0.069667,0.14161,0.22655,0.32872,0.43977,0.53347,0.60182,0.64329,0.65809,0.65589,0.64278,0.6247,0.5979,0.56654,0.54115,0.52025,0.51437,0.52574,0.56205,0.60969
0,0.1713,0.34568,0.48383,0.58938,0.65558,0.68993,0.71105,0.72196,0.72481,0.72418,0.72153,0.71942,0.71467,0.70521,0.69223,0.67613,0.65554,0.63389,0.6103,0.62042
0,0.12198,0.24225,0.35175,0.42986,0.47233,0.50138,0.52096,0.53327,0.53966,0.54332,0.54995,0.56024,0.5709,0.57577,0.57279,0.56213,0.54684,0.54974,0.55946,0.56886
0,0.086835,0.17539,0.2591,0.34013,0.411,0.47933,0.538,0.58435,0.6199,0.64813,0.66803,0.67714,0.66928,0.65277,0.63124,0.611,0.5975,0.59631,0.59328,0.58115
0,0.065437,0.13397,0.20206,0.27227,0.35041,0.43646,0.5252,0.59129,0.62678,0.63811,0.6334,0.6352,0.64029,0.64857,0.65838,0.67395,0.69146,0.69731,0.68657,0.6554
0,0.091862,0.1941,0.30611,0.43066,0.54967,0.65252,0.73987,0.80143,0.82815,0.82437,0.80436,0.78145,0.75947,0.74027,0.72766,0.73186,0.74646,0.76833,0.79753,0.8266
0,0.14779,0.31374,0.50628,0.69074,0.8295,0.90342,0.94252,0.9715,0.98749,0.99408,0.99536,0.99739,0.99599,0.9913,0.98085,0.95878,0.92698,0.88795,0.83552,0.75769
0,0.12149,0.25142,0.36389,0.4552,0.52453,0.56376,0.59149,0.60995,0.6209,0.63052,0.64089,0.65646,0.67278,0.68272,0.68103,0.66963,0.64926,0.62676,0.61033,0.59404
0,0.079484,0.16197,0.24589,0.32548,0.40504,0.47747,0.53286,0.57443,0.60723,0.63091,0.64554,0.65794,0.66909,0.67897,0.68699,0.69555,0.7027,0.70281,0.69214,0.6676
0,0.063951,0.13691,0.22166,0.322,0.4293,0.53469,0.63081,0.70179,0.74479,0.76749,0.77877,0.78901,0.79488,0.80096,0.81232,0.82816,0.84093,0.84395,0.83113,0.80499
0,0.080162,0.17194,0.28462,0.41142,0.53312,0.6451,0.72667,0.77257,0.78772,0.78904,0.78383,0.77976,0.77591,0.76566,0.75213,0.73693,0.72482,0.70922,0.69277,0.69821
0,0.10776,0.23978,0.39234,0.53819,0.63993,0.69881,0.72927,0.75205,0.76579,0.78094,0.7978,0.80992,0.81555,0.81626,0.80841,0.78834,0.76184,0.7323,0.69965,0.65748
0,0.07609,0.15499,0.23391,0.30779,0.37068,0.43251,0.4922,0.54586,0.59232,0.63733,0.67979,0.71257,0.73605,0.74704,0.74643,0.73199,0.70354,0.65855,0.60335,0.54819
0,0.06979,0.13828,0.2113,0.28748,0.35978,0.42622,0.48633,0.53629,0.5694,0.59558,0.62352,0.64878,0.66725,0.679,0.68457,0.6863,0.68538,0.67674,0.65706,0.62057
0,0.050333,0.10164,0.1555,0.21353,0.27391,0.33479,0.38696,0.4264,0.44807,0.45186,0.4386,0.41752,0.39421,0.37394,0.34626,0.31321,0.28327,0.26665,0.27621,0.30736
0,0.080887,0.15141,0.21596,0.2924,0.38504,0.47295,0.51891,0.54869,0.56306,0.56237,0.54714,0.52226,0.49297,0.46552,0.43508,0.40124,0.37725,0.36922,0.38868,0.44592
0,0.10343,0.21932,0.3258,0.40435,0.45676,0.48336,0.50107,0.51554,0.52704,0.53235,0.53201,0.52695,0.52042,0.51648,0.51395,0.50959,0.5064,0.51022,0.56009,0.68526
0,0.16194,0.32645,0.47302,0.54019,0.58725,0.62305,0.6541,0.68077,0.6936,0.70132,0.71062,0.71803,0.71693,0.71457,0.71397,0.71818,0.70796,0.67277,0.60727,0.51592
0,0.15102,0.30829,0.44612,0.53971,0.61103,0.66624,0.70788,0.7368,0.75508,0.75703,0.74626,0.72794,0.70106,0.67007,0.6364,0.61915,0.61922,0.61907,0.60659,0.59872
0,0.062661,0.1251,0.19277,0.26537,0.34192,0.42203,0.48905,0.53702,0.56305,0.57396,0.5796,0.58354,0.58493,0.58806,0.59169,0.59924,0.6079,0.6184,0.62234,0.62403
0,0.084988,0.17106,0.2575,0.34365,0.44858,0.5564,0.64915,0.71219,0.74292,0.73995,0.71649,0.68375,0.64542,0.614,0.59295,0.5853,0.58367,0.59063,0.60171,0.61337
0,0.11835,0.25385,0.39028,0.51352,0.59663,0.64315,0.66234,0.67244,0.67718,0.68232,0.68519,0.68707,0.68565,0.68058,0.67213,0.65806,0.64168,0.63054,0.64375,0.73132
0,0.16609,0.31526,0.43632,0.52082,0.56743,0.58912,0.60273,0.61451,0.62387,0.63763,0.65634,0.67088,0.67964,0.68187,0.67854,0.66617,0.64427,0.63078,0.62602,0.61861
0,0.11232,0.22491,0.32737,0.4142,0.48305,0.53894,0.59042,0.6286,0.64159,0.63363,0.61733,0.60356,0.59252,0.58643,0.58787,0.59715,0.60867,0.61908,0.62561,0.62384
0,0.065769,0.12796,0.19223,0.26544,0.34785,0.44045,0.53055,0.58893,0.61766,0.62352,0.6189,0.61374,0.60102,0.59428,0.59906,0.61367,0.635,0.64558,0.64192,0.62326
0,0.10122,0.20434,0.30356,0.41786,0.54065,0.66042,0.75784,0.81505,0.83618,0.83248,0.81866,0.80731,0.79366,0.78458,0.78345,0.79299,0.81228,0.83511,0.85399,0.86001
0,0.12352,0.26944,0.42806,0.594,0.74734,0.84804,0.90218,0.92844,0.94005,0.93991,0.93477,0.92544,0.90908,0.88635,0.85886,0.83182,0.81191,0.79612,0.79428,0.82476
0,0.14454,0.29275,0.43774,0.57317,0.67452,0.74804,0.79424,0.82072,0.82718,0.82427,0.81965,0.81724,0.81397,0.80937,0.80432,0.79438,0.77609,0.75744,0.73781,0.71153
0,0.07502,0.14437,0.21339,0.28033,0.3443,0.40181,0.44956,0.48943,0.52081,0.54777,0.57588,0.60255,0.62128,0.63796,0.64668,0.64099,0.61624,0.581,0.5442,0.50182
0,0.076392,0.16056,0.25215,0.34841,0.44647,0.54061,0.63258,0.70818,0.75155,0.76575,0.76798,0.76777,0.76457,0.7664,0.77445,0.79094,0.80421,0.81002,0.79713,0.75733
0,0.083072,0.17107,0.26037,0.36567,0.48667,0.60299,0.69251,0.75281,0.7818,0.78935,0.78572,0.77936,0.76991,0.76358,0.76241,0.76765,0.77641,0.78373,0.79114,0.80071
0,0.11228,0.23519,0.36312,0.49351,0.59383,0.66434,0.71625,0.74684,0.76304,0.77419,0.78186,0.78773,0.78709,0.78307,0.76768,0.74099,0.70602,0.66705,0.62733,0.58908
0,0.096223,0.18441,0.2649,0.3372,0.3888,0.42277,0.4484,0.46458,0.47355,0.48187,0.4944,0.5073,0.51667,0.51983,0.51703,0.5114,0.50519,0.50579,0.5084,0.50491
0,0.068383,0.14092,0.21827,0.29383,0.35731,0.4215,0.47785,0.52433,0.55708,0.58062,0.59636,0.60985,0.62271,0.63914,0.65619,0.67156,0.68554,0.69759,0.70009,0.68073
0,0.064063,0.13255,0.20474,0.28701,0.372,0.45745,0.54384,0.60696,0.64007,0.65412,0.65647,0.65966,0.66053,0.66692,0.6806,0.69171,0.69576,0.68744,0.66519,0.63936
0,0.082017,0.18046,0.29291,0.41694,0.52181,0.60256,0.67279,0.71642,0.73289,0.734,0.73145,0.73151,0.73542,0.74185,0.74624,0.74741,0.74785,0.74596,0.73967,0.73521
0,0.099441,0.21152,0.3245,0.42514,0.50359,0.54695,0.57217,0.59071,0.60325,0.6139,0.6225,0.62957,0.63731,0.64512,0.64995,0.64327,0.62385,0.59611,0.56416,0.52993
0,0.096327,0.18284,0.26528,0.33493,0.38105,0.42374,0.46906,0.50678,0.54319,0.58572,0.62865,0.65929,0.68273,0.69839,0.70294,0.69383,0.67148,0.63048,0.58621,0.54113
0,0.075179,0.15615,0.2404,0.32224,0.39157,0.4525,0.51294,0.56714,0.60822,0.64057,0.66544,0.68072,0.68668,0.68636,0.68236,0.67445,0.65831,0.63281,0.60436,0.57521
0,0.071522,0.141,0.21103,0.27578,0.34341,0.4115,0.48698,0.55495,0.60524,0.62863,0.63339,0.63034,0.61054,0.58674,0.57041,0.5685,0.57692,0.59421,0.61338,0.59931
0,0.089901,0.18311,0.2868,0.39287,0.4826,0.5655,0.63136,0.67832,0.70294,0.71008,0.70967,0.70626,0.70162,0.69812,0.69356,0.69023,0.69269,0.70411,0.72777,0.75062
0,0.094797,0.19672,0.30756,0.4381,0.55997,0.65537,0.7079,0.73247,0.74181,0.74105,0.73993,0.74117,0.74265,0.74545,0.74465,0.73682,0.71957,0.69876,0.69131,0.71122
0,0.12589,0.25355,0.36509,0.46652,0.5376,0.57307,0.5904,0.60062,0.60865,0.61559,0.6218,0.6299,0.63751,0.64531,0.65941,0.6671,0.66987,0.6677,0.66443,0.66092
0,0.085457,0.16996,0.25391,0.33284,0.40611,0.46897,0.51882,0.56199,0.59901,0.62406,0.64052,0.65782,0.67244,0.68287,0.68886,0.69363,0.69665,0.69425,0.69261,0.6817
0,0.07378,0.14535,0.2178,0.29485,0.36956,0.44953,0.52699,0.60356,0.65866,0.69222,0.70422,0.70222,0.69227,0.68061,0.6692,0.66052,0.66338,0.66751,0.66415,0.64049
0,0.067841,0.13785,0.2097,0.2864,0.36354,0.44184,0.5295,0.60562,0.64645,0.6534,0.64102,0.62371,0.59785,0.56169,0.52716,0.49577,0.48997,0.50005,0.52769,0.5621
0,0.07638,0.16193,0.26349,0.37113,0.47176,0.55927,0.61849,0.6551,0.67638,0.68775,0.69526,0.70437,0.7138,0.72134,0.72508,0.72194,0.70773,0.67924,0.64954,0.66846
0,0.102,0.20219,0.29281,0.3738,0.44248,0.48687,0.5084,0.52322,0.53728,0.54993,0.56466,0.58408,0.61068,0.63594,0.65891,0.67313,0.67068,0.64661,0.60624,0.57917
0,0.083407,0.16992,0.25595,0.33126,0.40002,0.45655,0.50195,0.53208,0.55395,0.57393,0.59293,0.61599,0.63679,0.65825,0.68394,0.7076,0.72295,0.72002,0.70047,0.68201
0,0.065953,0.13482,0.20532,0.27285,0.34204,0.41691,0.50248,0.58161,0.63609,0.66266,0.67328,0.68031,0.6801,0.67561,0.67051,0.66921,0.67215,0.68299,0.69002,0.6576
0,0.072669,0.15968,0.25386,0.35133,0.44687,0.54133,0.63598,0.70525,0.73773,0.74507,0.7342,0.71677,0.69082,0.66211,0.63507,0.61366,0.59739,0.59559,0.59758,0.60644
0,0.080702,0.17076,0.27625,0.38815,0.49834,0.58147,0.64066,0.6775,0.69391,0.70144,0.70651,0.71168,0.71578,0.71979,0.72195,0.70899,0.68337,0.65522,0.61215,0.57322
0,0.093919,0.17283,0.24232,0.30598,0.35337,0.38803,0.41393,0.42872,0.43345,0.42991,0.43147,0.4414,0.45752,0.47932,0.50905,0.53313,0.54461,0.54365,0.53303,0.52853
0,0.085051,0.17635,0.27346,0.36653,0.44338,0.5082,0.56761,0.61196,0.65303,0.69571,0.73813,0.77947,0.81469,0.84583,0.87306,0.89451,0.90747,0.8985,0.8615,0.81041
0,0.068038,0.13808,0.21316,0.29529,0.38101,0.47475,0.55438,0.60466,0.6324,0.65049,0.66267,0.66919,0.66704,0.66041,0.64885,0.63596,0.62768,0.62383,0.62125,0.58842
0,0.094611,0.19212,0.2869,0.3738,0.46363,0.56274,0.65975,0.72137,0.74436,0.7407,0.7253,0.71213,0.69929,0.68921,0.68047,0.6718,0.67373,0.69326,0.73223,0.75602
0,0.09059,0.19549,0.30637,0.40816,0.50372,0.58472,0.64064,0.67607,0.69676,0.71169,0.72756,0.74345,0.76013,0.76819,0.7681,0.75595,0.72788,0.68679,0.64425,0.6106
0,0.086131,0.16856,0.24876,0.3157,0.37342,0.42363,0.46339,0.49645,0.5212,0.53942,0.55825,0.58415,0.6074,0.63491,0.67219,0.72017,0.77264,0.81166,0.81371,0.78625
0,0.074747,0.1507,0.22862,0.30612,0.37373,0.44517,0.51059,0.55678,0.59231,0.61808,0.64114,0.67018,0.69728,0.7233,0.75029,0.78315,0.81412,0.83782,0.84935,0.83834
0,0.075876,0.16269,0.25501,0.34046,0.42012,0.49549,0.54991,0.58038,0.59501,0.60538,0.61423,0.61868,0.6131,0.60106,0.58911,0.58087,0.58079,0.59502,0.62865,0.64711
0,0.090655,0.18294,0.29337,0.42438,0.55883,0.6645,0.73168,0.75845,0.77,0.77058,0.76292,0.75579,0.75061,0.74692,0.7377,0.71128,0.68586,0.69207,0.74981,0.85869
0,0.10837,0.22366,0.35016,0.48556,0.60791,0.69394,0.74143,0.77311,0.79035,0.79659,0.79153,0.77716,0.75039,0.72181,0.69099,0.66569,0.63837,0.59213,0.55069,0.53536
0,0.15867,0.32677,0.47887,0.59628,0.68354,0.78283,0.88064,0.93175,0.94634,0.93247,0.87505,0.80184,0.73062,0.67241,0.64204,0.63806,0.66414,0.69078,0.72212,0.73913
0,0.10667,0.22197,0.33813,0.45928,0.56399,0.6558,0.72974,0.78651,0.81133,0.78069,0.72255,0.70643,0.70979,0.71052,0.71995,0.76095,0.8097,0.8386,0.84467,0.83207
0,0.073951,0.15165,0.2256,0.29195,0.35692,0.42294,0.49164,0.55175,0.59372,0.6173,0.62829,0.62954,0.62079,0.61003,0.59901,0.5954,0.60058,0.61174,0.61996,0.58927
0,0.077498,0.15521,0.23528,0.32592,0.41114,0.48923,0.56396,0.62187,0.65373,0.66894,0.67309,0.67132,0.66177,0.64474,0.63,0.62228,0.62549,0.63302,0.65792,0.67596
0,0.07351,0.15659,0.25306,0.36463,0.47376,0.56657,0.64662,0.69001,0.70565,0.70938,0.70947,0.71015,0.71327,0.71038,0.70187,0.68298,0.6587,0.63908,0.6316,0.65741
0,0.097059,0.20509,0.31745,0.41768,0.50968,0.57113,0.60622,0.63234,0.65008,0.66662,0.68296,0.70697,0.73405,0.75986,0.77149,0.76926,0.74248,0.69351,0.64042,0.60575
0,0.083787,0.16666,0.25564,0.34641,0.42845,0.49813,0.55352,0.60035,0.6365,0.66276,0.68011,0.69361,0.6973,0.69477,0.68873,0.67583,0.65885,0.64001,0.62624,0.62223
0,0.082468,0.16262,0.23753,0.31072,0.3881,0.47533,0.55776,0.62517,0.67255,0.69935,0.71254,0.72036,0.71964,0.71585,0.71379,0.71554,0.71903,0.71645,0.70889,0.67577
0,0.058897,0.12388,0.19959,0.28314,0.36103,0.43315,0.4996,0.55774,0.59212,0.60527,0.60149,0.59243,0.57536,0.55333,0.53252,0.52116,0.52491,0.54002,0.57303,0.59736
0,0.081573,0.16898,0.26186,0.3707,0.49189,0.61048,0.71692,0.78099,0.81065,0.82188,0.8246,0.83045,0.8358,0.83526,0.82491,0.8005,0.76346,0.71424,0.66538,0.63486
0,0.10855,0.22468,0.3358,0.43033,0.50849,0.56782,0.60494,0.62073,0.62827,0.63548,0.64146,0.65238,0.6697,0.69904,0.73052,0.74733,0.74177,0.70819,0.65888,0.61908
0,0.077397,0.1578,0.24271,0.33012,0.41418,0.48149,0.53422,0.5697,0.59631,0.62399,0.6503,0.67902,0.7032,0.72682,0.75757,0.79037,0.81105,0.81205,0.7915,0.76573
0,0.057294,0.11683,0.18153,0.24657,0.31112,0.37655,0.44131,0.49067,0.51933,0.53247,0.53401,0.52901,0.51483,0.49565,0.47547,0.45471,0.43844,0.42645,0.41768,0.39833
0,0.072243,0.14787,0.2238,0.3047,0.38356,0.45724,0.52671,0.58787,0.62844,0.64421,0.63986,0.62715,0.61362,0.60557,0.59961,0.59932,0.60693,0.62485,0.6494,0.65977
0,0.088671,0.18568,0.29528,0.42028,0.54154,0.63821,0.70904,0.74586,0.76262,0.77576,0.79013,0.80142,0.80553,0.79898,0.7878,0.76639,0.73422,0.68647,0.629,0.57923
0,0.075814,0.15618,0.23531,0.3093,0.37785,0.43311,0.46961,0.495,0.51573,0.5295,0.54401,0.56505,0.5961,0.62878,0.65579,0.68063,0.70566,0.72717,0.71656,0.693
0,0.081354,0.16472,0.25147,0.33863,0.42157,0.49805,0.56321,0.61132,0.6396,0.65918,0.67454,0.69531,0.72109,0.75485,0.79529,0.84432,0.8951,0.92365,0.91686,0.87605
0,0.059812,0.12194,0.18687,0.25582,0.32536,0.38583,0.4378,0.4741,0.49478,0.50435,0.50502,0.50172,0.49341,0.48298,0.46731,0.44336,0.42149,0.41595,0.41435,0.40669
0,0.080144,0.16445,0.25772,0.36127,0.46572,0.56029,0.63031,0.66437,0.6763,0.67974,0.67786,0.67401,0.66733,0.6595,0.63258,0.598,0.5758,0.60258,0.68443,0.75645
0,0.11564,0.22872,0.34432,0.4949,0.63634,0.73349,0.7808,0.79812,0.80221,0.80331,0.80088,0.79412,0.78108,0.76305,0.75082,0.72671,0.6748,0.58979,0.52928,0.53345
0,0.125,0.28704,0.45702,0.5951,0.71562,0.8074,0.88098,0.92809,0.95302,0.95874,0.94278,0.9016,0.83185,0.75857,0.69666,0.67373,0.69945,0.73507,0.75846,0.71046
0,0.1178,0.25096,0.40195,0.55902,0.68449,0.79039,0.87716,0.9386,0.9714,0.9677,0.92969,0.88882,0.84427,0.81319,0.7805,0.77795,0.84503,0.9594,1.0411,1.0603
0,0.065252,0.13474,0.20897,0.28834,0.37067,0.4488,0.52011,0.57542,0.60977,0.62951,0.64411,0.65091,0.64774,0.6439,0.64099,0.64188,0.65086,0.67353,0.7035,0.70906
0,0.073488,0.14837,0.23224,0.33406,0.44487,0.55666,0.64815,0.70596,0.73428,0.7417,0.73861,0.72701,0.70399,0.67046,0.63322,0.61175,0.61785,0.65372,0.7215,0.82016
0,0.11006,0.22142,0.32914,0.43189,0.51913,0.5807,0.61699,0.6337,0.63832,0.63856,0.63808,0.63759,0.63785,0.63716,0.63628,0.63485,0.62778,0.61612,0.60222,0.57819
0,0.087245,0.17815,0.26556,0.35281,0.42827,0.4853,0.5242,0.54468,0.55444,0.55939,0.56432,0.57286,0.57965,0.58454,0.58756,0.58579,0.57875,0.5646,0.55443,0.53499
0,0.084382,0.16583,0.23643,0.29374,0.34193,0.38377,0.41584,0.43606,0.4515,0.46083,0.47104,0.48872,0.50256,0.51146,0.52066,0.5291,0.53994,0.54428,0.52996,0.4927
0,0.084521,0.1756,0.26734,0.35182,0.42931,0.50343,0.57751,0.64333,0.68629,0.70298,0.70046,0.69436,0.67895,0.66159,0.65072,0.6447,0.6422,0.64056,0.63258,0.58418
0,0.079224,0.16873,0.25805,0.34181,0.42913,0.51746,0.58691,0.64855,0.68495,0.70074,0.70732,0.7074,0.70094,0.68959,0.67911,0.66727,0.66066,0.65838,0.65873,0.65461
0,0.078567,0.15704,0.24399,0.33944,0.44401,0.55062,0.65323,0.72434,0.75072,0.75293,0.74372,0.7313,0.71254,0.69306,0.66861,0.63848,0.59956,0.5536,0.52981,0.52127
0,0.12393,0.26115,0.40216,0.53413,0.65616,0.74671,0.79831,0.82296,0.83891,0.84728,0.84999,0.85154,0.85505,0.86597,0.87603,0.87708,0.86305,0.83222,0.79949,0.75162
0,0.12097,0.23823,0.345,0.44251,0.5216,0.5808,0.61926,0.63779,0.64872,0.6518,0.64644,0.64402,0.64678,0.65595,0.67337,0.69475,0.71179,0.72291,0.7254,0.7239
0,0.071449,0.1422,0.21392,0.29238,0.37394,0.44421,0.49968,0.54124,0.56765,0.57898,0.58075,0.57745,0.56887,0.55772,0.54425,0.53224,0.5209,0.51093,0.50339,0.49027
0,0.061215,0.13316,0.21189,0.28693,0.3534,0.42058,0.4912,0.55208,0.59704,0.6158,0.61741,0.61173,0.60036,0.59179,0.58714,0.59063,0.59902,0.61414,0.66161,0.70036
0,0.079266,0.17209,0.2744,0.38313,0.514,0.65515,0.75347,0.80451,0.82238,0.83303,0.84654,0.86005,0.87156,0.87299,0.85976,0.82903,0.77983,0.72148,0.66944,0.62645
0,0.1058,0.21292,0.31468,0.40975,0.49022,0.54819,0.58803,0.61603,0.63179,0.64065,0.65352,0.67285,0.69735,0.7225,0.74016,0.7505,0.74774,0.72136,0.69937,0.67714
0,0.091893,0.1815,0.2696,0.35616,0.43861,0.51315,0.56747,0.60752,0.63221,0.64975,0.66782,0.6923,0.71792,0.75007,0.78164,0.82335,0.87673,0.92473,0.93961,0.9209
0,0.060705,0.12478,0.18693,0.25257,0.32154,0.38871,0.44518,0.48502,0.50853,0.51643,0.51279,0.50313,0.48699,0.46876,0.44276,0.41913,0.40454,0.40187,0.4115,0.40782
0,0.077527,0.16229,0.26507,0.38042,0.49517,0.60497,0.68886,0.71854,0.72402,0.7216,0.71381,0.70649,0.69817,0.6893,0.68027,0.6797,0.67938,0.68962,0.72937,0.76392
0,0.10519,0.21957,0.33751,0.46768,0.59688,0.67484,0.71114,0.73187,0.74048,0.74116,0.73315,0.71776,0.70101,0.69004,0.68201,0.66798,0.62966,0.56733,0.52275,0.56204
0,0.15008,0.30586,0.46618,0.66603,0.82833,0.91064,0.96832,1.0131,1.0347,1.0455,1.0405,1.0094,0.94519,0.86249,0.78495,0.74249,0.74997,0.77149,0.76669,0.7258
0,0.18194,0.35541,0.49123,0.6146,0.74074,0.87316,0.9786,1.0347,1.0481,1.0377,1.0002,0.94234,0.87696,0.8434,0.82395,0.81786,0.83643,0.87007,0.9256,0.98471
0,0.062365,0.12638,0.19083,0.26097,0.33695,0.42465,0.50933,0.57778,0.61566,0.62724,0.62675,0.62217,0.61009,0.59274,0.57866,0.57647,0.58236,0.60194,0.61737,0.61082
0,0.098284,0.19258,0.28585,0.38238,0.49541,0.63622,0.75993,0.83297,0.86017,0.86255,0.85397,0.83942,0.81538,0.7873,0.7548,0.72612,0.71214,0.72945,0.77375,0.81356
0,0.1237,0.2589,0.39939,0.51548,0.60371,0.66913,0.7149,0.74161,0.7497,0.74939,0.74652,0.7427,0.73832,0.7292,0.71881,0.70562,0.69007,0.67469,0.65687,0.63988
0,0.11165,0.22358,0.32958,0.41594,0.47772,0.51621,0.54018,0.55801,0.56758,0.57091,0.57405,0.57739,0.58115,0.58602,0.59522,0.60783,0.61645,0.61709,0.61294,0.60348
0,0.096177,0.1925,0.27984,0.35106,0.41206,0.45289,0.48099,0.50167,0.51242,0.51012,0.5024,0.49831,0.4977,0.50388,0.51385,0.52541,0.54096,0.55556,0.57009,0.57315
0,0.07254,0.15451,0.24899,0.34724,0.45212,0.55696,0.65444,0.74258,0.7939,0.80455,0.80279,0.80502,0.80217,0.79922,0.80024,0.80857,0.82348,0.84833,0.87512,0.87949
0,0.075686,0.1607,0.25669,0.36881,0.49186,0.62505,0.74422,0.8332,0.88035,0.89347,0.88894,0.88545,0.8711,0.85464,0.84251,0.83235,0.82489,0.82709,0.84842,0.88071
0,0.10796,0.21924,0.33714,0.45911,0.57524,0.66819,0.74051,0.78735,0.81255,0.82213,0.82482,0.82595,0.82517,0.81902,0.80637,0.7764,0.73967,0.69208,0.63542,0.57077
0,0.071321,0.15528,0.24248,0.32726,0.39746,0.45189,0.49452,0.51941,0.53359,0.54024,0.54583,0.5594,0.58102,0.61052,0.63591,0.6498,0.65041,0.62935,0.57831,0.52414
0,0.069584,0.14399,0.21559,0.28996,0.36273,0.42845,0.48012,0.51616,0.53973,0.55534,0.57033,0.60143,0.63733,0.67423,0.70879,0.73797,0.76282,0.77816,0.79174,0.79373
0,0.087643,0.17782,0.26756,0.36353,0.46167,0.56213,0.64625,0.70859,0.74629,0.7607,0.75984,0.74993,0.73109,0.70622,0.68235,0.66428,0.64984,0.64116,0.64297,0.61951
0,0.081932,0.16897,0.24954,0.32217,0.38249,0.4301,0.47638,0.52418,0.55653,0.56523,0.55999,0.55395,0.55189,0.55532,0.55746,0.5607,0.57077,0.58455,0.6102,0.62923
0,0.092296,0.18177,0.27452,0.36988,0.47202,0.58609,0.68697,0.73896,0.75523,0.75651,0.75294,0.74679,0.73698,0.72699,0.71546,0.69713,0.67403,0.654,0.67602,0.74693
0,0.10693,0.23377,0.36677,0.49534,0.60712,0.69061,0.74253,0.77926,0.80398,0.8216,0.83737,0.8517,0.86056,0.86665,0.8691,0.86638,0.85427,0.81302,0.76182,0.72761
0,0.10817,0.21199,0.30727,0.38632,0.46173,0.52766,0.5832,0.63122,0.65614,0.66408,0.66012,0.65745,0.65772,0.67546,0.70273,0.7378,0.78135,0.82549,0.85128,0.85933
0,0.095085,0.19152,0.29502,0.40314,0.49666,0.57946,0.63659,0.67079,0.68996,0.69814,0.69866,0.69576,0.69056,0.6827,0.67286,0.6639,0.6589,0.6676,0.68138,0.68579
0,0.084464,0.17256,0.26489,0.34813,0.4251,0.49677,0.56632,0.62555,0.65532,0.6651,0.66143,0.65426,0.64052,0.6166,0.59282,0.57569,0.57037,0.58963,0.62776,0.67076
0,0.16248,0.33207,0.49661,0.65698,0.81865,0.94677,1.037,1.0769,1.0912,1.0966,1.0934,1.0923,1.0937,1.0929,1.0934,1.09,1.0795,1.0552,1.0632,1.1252
0,0.15186,0.3427,0.5185,0.684,0.8552,0.98233,1.0499,1.0799,1.0805,1.0695,1.0514,1.0319,1.018,1.0164,1.0184,1.0167,1.0131,1.0074,0.96277,0.85515
0,0.16869,0.36849,0.58556,0.76599,0.916,1.0404,1.122,1.1825,1.2215,1.2372,1.2287,1.1918,1.1109,1.0059,0.9135,0.87803,0.91491,0.99037,1.0323,0.99363
0,0.082613,0.16263,0.24987,0.33807,0.41671,0.49831,0.57796,0.638,0.67554,0.68853,0.69388,0.69405,0.68622,0.67529,0.66529,0.65925,0.66082,0.67584,0.70529,0.70595
0,0.099844,0.20499,0.30655,0.39892,0.49026,0.60631,0.72427,0.79961,0.83302,0.83739,0.82344,0.80195,0.77469,0.74715,0.71967,0.70125,0.70327,0.72784,0.77642,0.81411
0,0.13864,0.29514,0.46323,0.609,0.72439,0.81098,0.85802,0.88312,0.89768,0.90023,0.89833,0.89412,0.88249,0.86504,0.84378,0.82012,0.79634,0.77794,0.76583,0.76936
0,0.1131,0.22752,0.34364,0.45743,0.55586,0.62364,0.66445,0.68498,0.69262,0.68999,0.68213,0.67839,0.67209,0.66636,0.66354,0.66596,0.67103,0.6864,0.70989,0.71063
0,0.10259,0.20466,0.29815,0.37669,0.44915,0.50906,0.55864,0.59048,0.60864,0.61872,0.62212,0.62173,0.61795,0.61099,0.60295,0.59648,0.58756,0.57686,0.57091,0.57419
0,0.071841,0.14555,0.22348,0.30318,0.38263,0.47156,0.56821,0.66018,0.72742,0.75143,0.75532,0.75814,0.75125,0.74098,0.73991,0.7455,0.75409,0.76475,0.76336,0.73244
0,0.10741,0.22051,0.33964,0.46394,0.60204,0.74589,0.86271,0.95206,1.0033,1.0141,1.0027,0.99118,0.97435,0.96329,0.95535,0.95191,0.95984,0.98235,1.0146,1.021
0,0.12308,0.26869,0.43492,0.61615,0.80033,0.94873,1.037,1.0819,1.1023,1.1107,1.1117,1.1118,1.106,1.0956,1.079,1.0381,0.98632,0.9188,0.84434,0.77624
0,0.1045,0.21947,0.34676,0.47231,0.57131,0.63516,0.67177,0.69602,0.70421,0.70098,0.69405,0.6903,0.69399,0.70526,0.71856,0.72747,0.72334,0.70779,0.69002,0.66431
0,0.070091,0.14304,0.22132,0.2972,0.36417,0.42847,0.48562,0.5331,0.56722,0.59013,0.60464,0.6189,0.63228,0.65003,0.67259,0.69677,0.71733,0.72849,0.71939,0.69
0,0.07371,0.15092,0.2294,0.31877,0.41928,0.5388,0.65678,0.76477,0.83842,0.87138,0.88105,0.88739,0.87876,0.8663,0.85768,0.86157,0.87168,0.88481,0.88882,0.86109
0,0.078118,0.16461,0.26557,0.37722,0.50011,0.62318,0.73608,0.82262,0.86649,0.88008,0.87754,0.86741,0.84347,0.81514,0.78507,0.75909,0.73705,0.72423,0.72772,0.74146
0,0.095231,0.19964,0.33109,0.48197,0.62489,0.72775,0.78744,0.81426,0.82912,0.83851,0.84634,0.85661,0.86314,0.86215,0.85651,0.84434,0.82273,0.79478,0.76532,0.71974
0,0.074157,0.14906,0.22807,0.3097,0.38237,0.44273,0.48612,0.53081,0.5712,0.60461,0.63524,0.66838,0.69543,0.717,0.73423,0.74147,0.73006,0.69534,0.64003,0.59728
0,0.07545,0.14727,0.21893,0.29377,0.37642,0.44737,0.51027,0.56233,0.59864,0.62598,0.65412,0.68405,0.70308,0.71504,0.72642,0.7367,0.74548,0.74098,0.71742,0.67172
0,0.064876,0.13009,0.19641,0.25911,0.31913,0.38081,0.43841,0.48981,0.51996,0.52732,0.52081,0.50757,0.48425,0.45091,0.41528,0.39123,0.38274,0.39097,0.4079,0.42459
0,0.090619,0.19463,0.31523,0.43994,0.54674,0.62393,0.68693,0.72854,0.74861,0.75563,0.74976,0.73948,0.72954,0.71319,0.69462,0.68444,0.67855,0.68406,0.70978,0.73737
0,0.1292,0.24796,0.38103,0.51171,0.62373,0.70183,0.74514,0.75504,0.75525,0.7519,0.74553,0.74453,0.74398,0.7432,0.73694,0.7205,0.69449,0.68395,0.73763,0.81047
0,0.14624,0.30256,0.46455,0.6258,0.79926,0.92556,0.97268,0.99462,1.0147,1.0232,1.0203,1.0063,0.99104,0.97382,0.97505,0.97072,0.93796,0.86755,0.77886,0.74967
0,0.16694,0.36376,0.55517,0.72175,0.85741,0.96523,1.0511,1.1106,1.1424,1.1492,1.1292,1.079,0.99652,0.90468,0.83625,0.81298,0.83676,0.86444,0.86885,0.8208
0,0.081603,0.1651,0.24709,0.32842,0.41026,0.50003,0.5786,0.63288,0.6637,0.67718,0.68195,0.68326,0.67671,0.66888,0.65945,0.65237,0.65716,0.67523,0.69151,0.67654
0,0.11142,0.23762,0.37287,0.50633,0.6216,0.72763,0.84071,0.92667,0.96042,0.96549,0.95466,0.9432,0.93217,0.91501,0.90001,0.89357,0.89651,0.90639,0.92741,0.92027
0,0.14098,0.2634,0.39235,0.52478,0.64903,0.74503,0.80203,0.83623,0.84961,0.8529,0.85423,0.85321,0.84361,0.8195,0.78328,0.74445,0.70775,0.69691,0.76608,0.90386
0,0.1537,0.33557,0.52259,0.663,0.74735,0.79519,0.81609,0.82266,0.81791,0.81103,0.8107,0.81235,0.81274,0.81268,0.81013,0.80679,0.80242,0.80792,0.83003,0.8412
0,0.10887,0.22406,0.35698,0.476,0.57012,0.64333,0.69303,0.71697,0.72166,0.71156,0.69605,0.6743,0.65132,0.63528,0.6339,0.64666,0.66451,0.68284,0.70565,0.71076
0,0.075126,0.15443,0.23552,0.31121,0.38596,0.47112,0.55822,0.6267,0.6642,0.66798,0.65992,0.65479,0.64261,0.6315,0.62785,0.62774,0.63488,0.64504,0.64233,0.60748
0,0.10263,0.21915,0.35237,0.49931,0.63604,0.77441,0.91053,1.0177,1.0744,1.0903,1.0897,1.0888,1.0836,1.0732,1.0681,1.0713,1.0894,1.1071,1.1205,1.103
0,0.10619,0.2235,0.35282,0.49393,0.63847,0.78056,0.89719,0.97906,1.022,1.0314,1.0244,1.0124,0.98728,0.95263,0.91469,0.87155,0.83504,0.81119,0.81131,0.84951
0,0.11475,0.25032,0.39345,0.55089,0.69203,0.80371,0.87851,0.91371,0.92867,0.92839,0.91852,0.90984,0.90243,0.89566,0.88904,0.88012,0.86539,0.84639,0.82389,0.78571
0,0.074389,0.15548,0.24406,0.33269,0.40858,0.46464,0.50219,0.52755,0.54152,0.55183,0.56298,0.57956,0.60116,0.63648,0.67579,0.70477,0.70384,0.67454,0.62325,0.57134
0,0.076319,0.15391,0.23445,0.31636,0.40623,0.51032,0.61255,0.69802,0.75831,0.785,0.7927,0.79385,0.78182,0.7689,0.75856,0.75085,0.7455,0.73839,0.72068,0.67498
0,0.091588,0.19068,0.29312,0.40373,0.52349,0.65013,0.7672,0.85321,0.90652,0.93188,0.94095,0.94127,0.93165,0.91488,0.89228,0.87758,0.87777,0.8883,0.91225,0.90842
0,0.094642,0.20134,0.32138,0.45005,0.57042,0.67099,0.75237,0.79658,0.8178,0.82561,0.82749,0.82949,0.82359,0.8098,0.78763,0.75484,0.71455,0.67162,0.64321,0.61503
0,0.1075,0.21734,0.31834,0.39921,0.46896,0.52281,0.55989,0.57837,0.58185,0.58257,0.58412,0.5894,0.59472,0.60151,0.60597,0.61138,0.61528,0.62219,0.6212,0.62029
0,0.069098,0.13708,0.20673,0.27445,0.33817,0.39576,0.44742,0.49747,0.53403,0.55309,0.56611,0.58172,0.59404,0.60942,0.63234,0.66044,0.69563,0.71735,0.71726,0.69692
0,0.07458,0.15308,0.2357,0.3292,0.43161,0.54227,0.64495,0.72133,0.76864,0.78374,0.78384,0.77836,0.76284,0.74236,0.7149,0.68497,0.65982,0.64213,0.62552,0.58884
0,0.090282,0.18988,0.29116,0.40515,0.52526,0.64383,0.73358,0.79894,0.83418,0.84976,0.85855,0.86687,0.86585,0.85876,0.85455,0.84676,0.83533,0.82354,0.82963,0.83254
0,0.10523,0.22221,0.34005,0.44733,0.55634,0.63385,0.67916,0.70514,0.72039,0.73157,0.74215,0.75239,0.75907,0.76236,0.76032,0.7469,0.72315,0.68985,0.65902,0.62349
0,0.10243,0.20527,0.31435,0.4108,0.49467,0.55972,0.60139,0.62651,0.64123,0.65753,0.68171,0.71396,0.73963,0.75994,0.7753,0.78669,0.77913,0.75023,0.70068,0.6665
0,0.073327,0.14713,0.2205,0.29751,0.36859,0.4342,0.49168,0.54309,0.58413,0.62054,0.65366,0.67983,0.69064,0.69031,0.68663,0.68198,0.67832,0.67224,0.66459,0.64277
0,0.038543,0.082892,0.13756,0.20045,0.27112,0.34063,0.40188,0.45257,0.48501,0.48956,0.47854,0.46244,0.44868,0.43835,0.43198,0.43016,0.43191,0.4311,0.42907,0.42828
