0,0.0023477,0.0051498,0.007672,0.0071874,0.0068247,0.0074817,0.0086968,0.0095937,0.01051,0.011383,0.01224,0.012949,0.013796,0.014712,0.015729,0.016772,0.017908,0.019102,0.020238,0.021452
0,0.0059973,0.011419,0.016177,0.01917,0.01925,0.019159,0.018825,0.018928,0.019222,0.021485,0.023169,0.024726,0.028314,0.03311,0.038106,0.043078,0.047664,0.051612,0.055242,0.058665
0,0.0032013,0.0061401,0.0086183,0.011384,0.013081,0.011973,0.010994,0.010938,0.011399,0.011633,0.01194,0.01271,0.013663,0.014488,0.015344,0.016292,0.01752,0.019221,0.021503,0.024591
0,0.0049548,0.01035,0.01528,0.019397,0.0225,0.024738,0.024954,0.025644,0.02575,0.024653,0.022824,0.022009,0.023281,0.024414,0.025237,0.025976,0.026608,0.028104,0.030955,0.034572
0,0.0031973,0.0063018,0.0091302,0.012091,0.014901,0.014765,0.013642,0.013804,0.013841,0.014815,0.015341,0.015497,0.015656,0.016031,0.016633,0.017055,0.017425,0.017922,0.018871,0.020315
0,0.0039376,0.0082791,0.01284,0.017554,0.022342,0.027034,0.031085,0.034006,0.035549,0.036439,0.038653,0.040559,0.041857,0.045119,0.049985,0.053657,0.055707,0.055574,0.054582,0.055949
0,0.0045792,0.0094885,0.01484,0.019903,0.024259,0.026665,0.028791,0.027652,0.026039,0.024471,0.023638,0.023257,0.022656,0.021779,0.02182,0.022416,0.022954,0.023177,0.024287,0.0264
0,0.0035874,0.0075498,0.011998,0.016196,0.019746,0.022562,0.024886,0.026745,0.025708,0.023804,0.022844,0.022915,0.023341,0.023741,0.024715,0.026783,0.029923,0.034111,0.039606,0.045331
0,0.0048719,0.010096,0.015346,0.02008,0.024371,0.028375,0.032399,0.035588,0.039241,0.041848,0.041774,0.040613,0.039781,0.039468,0.039129,0.039041,0.039345,0.040006,0.041111,0.042887
0,0.0052314,0.01166,0.018723,0.025329,0.030466,0.034232,0.036119,0.038541,0.039167,0.036733,0.034913,0.033126,0.032892,0.032203,0.03216,0.034017,0.037028,0.038928,0.041376,0.043969
0,0.0081242,0.01751,0.027494,0.034493,0.037731,0.039118,0.041132,0.042532,0.042613,0.04367,0.046185,0.050869,0.055582,0.059517,0.062442,0.064812,0.0676,0.071014,0.075683,0.082355
0,0.0054698,0.012948,0.023118,0.027773,0.03428,0.032873,0.03247,0.033814,0.037185,0.040393,0.041752,0.042995,0.045626,0.048387,0.051105,0.055014,0.059458,0.06517,0.07074,0.076762
0,0.0047563,0.0064278,0.0068783,0.0075859,0.0080927,0.0088926,0.0096361,0.010338,0.011152,0.012001,0.012984,0.01424,0.015597,0.017106,0.018365,0.019441,0.020514,0.021563,0.022667,0.023756
0,0.0056932,0.01178,0.017399,0.021175,0.024027,0.027166,0.029437,0.030407,0.030345,0.031985,0.032802,0.033108,0.033284,0.033135,0.03341,0.034144,0.034841,0.03514,0.034871,0.034998
0,0.0043184,0.0089152,0.013485,0.018378,0.023805,0.03009,0.036198,0.043321,0.049208,0.0534,0.054649,0.050725,0.048051,0.04779,0.048118,0.047654,0.047815,0.049077,0.050929,0.053062
0,0.0052595,0.010357,0.015006,0.018741,0.02167,0.024291,0.025534,0.02738,0.028439,0.031365,0.033334,0.033888,0.03531,0.039242,0.039628,0.040576,0.041836,0.043776,0.045796,0.04818
0,0.013566,0.021207,0.025596,0.041605,0.047769,0.048821,0.048403,0.047747,0.047579,0.04766,0.047903,0.048643,0.049759,0.051228,0.053229,0.055387,0.057528,0.059881,0.062342,0.064799
0,0.0098793,0.010172,0.012873,0.014585,0.017403,0.020401,0.022119,0.02356,0.025988,0.029398,0.030972,0.032686,0.034604,0.036606,0.038519,0.040714,0.043185,0.045699,0.047746,0.049617
0,0.0033546,0.0069256,0.010611,0.014535,0.017612,0.02245,0.028705,0.035554,0.036944,0.037361,0.037119,0.037512,0.038948,0.040747,0.043268,0.046682,0.050219,0.053324,0.05608,0.057894
0,0.0045377,0.0086251,0.012425,0.016394,0.020833,0.024806,0.027824,0.029235,0.030332,0.032309,0.032362,0.031167,0.030513,0.030892,0.031955,0.033387,0.034076,0.03548,0.036989,0.039322
0,0.006291,0.010838,0.01191,0.012528,0.013168,0.013669,0.014107,0.014609,0.015174,0.016022,0.017129,0.01866,0.02042,0.022376,0.024363,0.026375,0.028362,0.030329,0.032322,0.034336
0,0.01157,0.0085715,0.011654,0.013374,0.014321,0.014867,0.015408,0.016085,0.016867,0.017758,0.018577,0.019281,0.019954,0.020713,0.021596,0.022574,0.023561,0.024689,0.026023,0.027482
0,0.0035719,0.0073668,0.010282,0.012967,0.015503,0.017696,0.020804,0.022233,0.022409,0.023062,0.023323,0.024135,0.026387,0.029345,0.031947,0.033146,0.033164,0.033229,0.033346,0.033572
0,0.0052842,0.010444,0.015654,0.020771,0.025428,0.029975,0.033073,0.032736,0.031073,0.030177,0.030302,0.031121,0.031485,0.032203,0.03366,0.034161,0.034471,0.035633,0.037521,0.040251
0,0.0024195,0.0049905,0.0075876,0.010505,0.01362,0.017016,0.020908,0.02575,0.027855,0.023976,0.021668,0.020633,0.020648,0.021392,0.023965,0.026613,0.029163,0.03163,0.033498,0.034868
0,0.0051053,0.0098312,0.014641,0.019675,0.022993,0.022236,0.024367,0.028639,0.032051,0.033978,0.035511,0.035458,0.038094,0.042715,0.048995,0.052668,0.054313,0.055713,0.057741,0.05985
0,0.0055073,0.0095921,0.010096,0.013217,0.016973,0.016926,0.017064,0.017856,0.019238,0.020876,0.022585,0.024139,0.02553,0.026919,0.02835,0.029932,0.031613,0.033301,0.03501,0.036662
0,0.0020249,0.0044149,0.0066448,0.0081683,0.0090201,0.010123,0.013271,0.01546,0.016396,0.016666,0.019256,0.021083,0.022848,0.024049,0.024771,0.02491,0.0243,0.024092,0.02512,0.027933
0,0.0027577,0.0061378,0.010684,0.01516,0.019061,0.019384,0.018843,0.018129,0.01692,0.01545,0.015525,0.016233,0.017851,0.020513,0.023167,0.025818,0.028482,0.030689,0.032523,0.03431
0,0.0050306,0.011725,0.01828,0.018386,0.016982,0.01833,0.017857,0.018964,0.02124,0.023606,0.025926,0.028076,0.029774,0.030584,0.031447,0.033145,0.035405,0.038546,0.040637,0.04068
0,0.0042478,0.0071832,0.0092399,0.01023,0.010668,0.010874,0.010675,0.010319,0.010082,0.010091,0.010095,0.0099245,0.0098184,0.0097358,0.0097639,0.0099596,0.010291,0.010845,0.011534,0.012355
0,0.0044845,0.0092567,0.013979,0.019227,0.024336,0.028946,0.029922,0.030043,0.029555,0.027603,0.025437,0.023147,0.023421,0.025549,0.027952,0.030099,0.032221,0.035389,0.039228,0.043606
0,0.0061039,0.0084131,0.010668,0.014162,0.016655,0.018902,0.020715,0.021753,0.022317,0.022392,0.022513,0.02313,0.023849,0.024653,0.0256,0.026734,0.028427,0.030366,0.032347,0.034094
0,0.0046552,0.0053474,0.0059293,0.0062124,0.0064806,0.0066934,0.0068574,0.0070228,0.007241,0.007502,0.0078034,0.0081732,0.0086118,0.0090906,0.0096092,0.010148,0.010744,0.011391,0.01207,0.012743
0,0.0035708,0.0080518,0.015238,0.021267,0.025824,0.02803,0.029738,0.032202,0.033697,0.036178,0.039055,0.04293,0.047038,0.05096,0.055342,0.058734,0.06076,0.062732,0.063578,0.064377
0,0.0031179,0.0058922,0.0093336,0.011599,0.013544,0.01658,0.018109,0.02001,0.021765,0.023231,0.02508,0.027603,0.031316,0.035101,0.03934,0.043016,0.046482,0.049836,0.052916,0.055656
0,0.0051332,0.0096813,0.013388,0.018891,0.025207,0.033707,0.042049,0.044887,0.045822,0.046285,0.047171,0.048701,0.050521,0.053167,0.057234,0.061144,0.063849,0.065989,0.067652,0.068489
0,0.0035751,0.01064,0.011334,0.014362,0.017168,0.019163,0.020676,0.022383,0.024315,0.025944,0.025531,0.025297,0.025652,0.026484,0.02689,0.027277,0.027643,0.028462,0.029946,0.031246
0,0.0028156,0.0055054,0.0082281,0.011189,0.015146,0.020029,0.024218,0.026227,0.027354,0.027996,0.029076,0.030514,0.033111,0.035273,0.036642,0.037769,0.038129,0.038304,0.038569,0.038797
0,0.0078107,0.010386,0.0131,0.017005,0.017618,0.016399,0.018451,0.021215,0.023898,0.026576,0.029083,0.031654,0.034319,0.036521,0.038535,0.040325,0.042011,0.043648,0.045287,0.047096
0,0.0046957,0.0093404,0.014341,0.013705,0.01322,0.014469,0.017821,0.020229,0.022294,0.024527,0.027184,0.029868,0.031854,0.033719,0.034731,0.037167,0.038131,0.038965,0.040067,0.042243
0,0.0033007,0.0066966,0.010313,0.014164,0.018192,0.022195,0.025413,0.029128,0.033369,0.036695,0.038234,0.038883,0.041672,0.047282,0.052159,0.054126,0.054386,0.053572,0.052838,0.052549
0,0.0059837,0.011722,0.017067,0.019897,0.022522,0.022916,0.023885,0.02507,0.027364,0.029309,0.031355,0.03371,0.036236,0.037623,0.03905,0.040623,0.042252,0.043954,0.045979,0.048336
0,0.0022808,0.0047215,0.0068374,0.0080375,0.008839,0.0096787,0.010636,0.012044,0.013969,0.015203,0.015123,0.014267,0.014354,0.015431,0.016454,0.017195,0.018209,0.019233,0.020456,0.022536
0,0.003834,0.0063635,0.0076996,0.0098037,0.012806,0.014655,0.015699,0.016345,0.016046,0.015644,0.015497,0.015752,0.016519,0.017724,0.019016,0.020409,0.021989,0.023473,0.024681,0.025739
0,0.0029968,0.0060968,0.0089351,0.011372,0.013907,0.015593,0.016405,0.017734,0.019968,0.022627,0.024702,0.024894,0.023217,0.021173,0.02108,0.021735,0.022551,0.023368,0.024734,0.02673
0,0.0040842,0.0082671,0.011368,0.014584,0.016939,0.018543,0.020726,0.022504,0.023543,0.023988,0.02425,0.025003,0.025934,0.026776,0.027972,0.029364,0.031436,0.033916,0.03728,0.041383
0,0.0041857,0.0064349,0.007131,0.010526,0.014773,0.017442,0.019233,0.020655,0.021751,0.022206,0.022445,0.022425,0.022099,0.021657,0.020603,0.019548,0.018642,0.018457,0.019224,0.02052
0,0.0020758,0.004909,0.0071561,0.0099726,0.010627,0.011811,0.013465,0.015734,0.018346,0.021418,0.023018,0.022629,0.021346,0.021114,0.02169,0.023663,0.02577,0.028169,0.031147,0.034179
0,0.0023935,0.0048814,0.0075868,0.010103,0.012709,0.015429,0.018171,0.020434,0.020707,0.021951,0.024876,0.024667,0.021836,0.019712,0.01998,0.021183,0.022715,0.024342,0.02643,0.02878
0,0.0058329,0.0080974,0.011484,0.014958,0.01939,0.021966,0.022499,0.023431,0.024223,0.025097,0.02676,0.029055,0.031936,0.034973,0.038841,0.042778,0.046773,0.050463,0.053958,0.05737
0,0.0040848,0.0082633,0.012267,0.016043,0.0199,0.023625,0.027457,0.029869,0.028135,0.026503,0.02596,0.024874,0.027706,0.033314,0.036135,0.037951,0.039171,0.039789,0.04008,0.04046
0,0.013041,0.014579,0.015335,0.015555,0.016332,0.018254,0.020591,0.022385,0.023879,0.024793,0.02526,0.025224,0.025316,0.025435,0.025737,0.026423,0.027192,0.028161,0.029474,0.031099
0,0.008388,0.01656,0.019217,0.017793,0.018207,0.021814,0.02055,0.021713,0.025318,0.028686,0.032091,0.035155,0.038008,0.040494,0.042954,0.045832,0.049068,0.052613,0.05643,0.060458
0,0.0018253,0.0037696,0.0051249,0.0064324,0.0081425,0.0093119,0.010714,0.011564,0.011735,0.012538,0.013794,0.015001,0.016257,0.017092,0.01736,0.017614,0.017779,0.0184,0.019341,0.020611
0,0.0071085,0.011531,0.013456,0.014945,0.01874,0.022407,0.024891,0.026216,0.026736,0.027548,0.02873,0.029986,0.031575,0.03331,0.035159,0.037337,0.040048,0.04292,0.045781,0.048915
0,0.0044602,0.0090274,0.013793,0.019396,0.025883,0.031153,0.034606,0.038659,0.040291,0.041219,0.041432,0.041049,0.040081,0.040394,0.042011,0.042811,0.043179,0.043029,0.042161,0.041585
0,0.0033377,0.0062291,0.0086996,0.011361,0.01455,0.018532,0.023155,0.027881,0.03204,0.036759,0.03787,0.038956,0.040522,0.040795,0.038502,0.03821,0.039085,0.039954,0.04022,0.040847
0,0.0088773,0.010762,0.011522,0.012026,0.012425,0.012827,0.013247,0.013644,0.014058,0.014504,0.014886,0.015359,0.015932,0.016562,0.01719,0.017973,0.018792,0.019709,0.020727,0.021817
0,0.0054257,0.0074686,0.0088774,0.010034,0.011553,0.01245,0.012677,0.012672,0.013791,0.015526,0.017445,0.019003,0.020197,0.021177,0.022452,0.023695,0.025148,0.027131,0.02955,0.031622
0,0.0019977,0.0040724,0.0056385,0.0072191,0.0084162,0.010633,0.012911,0.014023,0.01517,0.016373,0.017894,0.019889,0.022335,0.024898,0.027582,0.02943,0.030938,0.032393,0.033873,0.035403
0,0.0024025,0.0048312,0.0071313,0.0092274,0.011143,0.012871,0.014578,0.016196,0.017751,0.019238,0.020755,0.022475,0.024844,0.028714,0.040068,0.033798,0.036239,0.035731,0.034012,0.034113
0,0.0035325,0.0068308,0.0098955,0.012788,0.015306,0.017541,0.019953,0.022447,0.02479,0.026891,0.028634,0.030108,0.031783,0.031772,0.032865,0.035149,0.038416,0.043142,0.047984,0.052781
0,0.0036633,0.0068416,0.0091515,0.010477,0.011329,0.012019,0.012689,0.013333,0.014049,0.015028,0.016266,0.017651,0.019897,0.021821,0.024356,0.025396,0.027027,0.029251,0.031332,0.033561
0,0.0041053,0.008714,0.013558,0.018842,0.022691,0.027092,0.030221,0.03422,0.035826,0.035839,0.036904,0.038623,0.040599,0.042322,0.044078,0.044876,0.043803,0.044867,0.043115,0.044902
0,0.0035541,0.0070006,0.01079,0.014571,0.017219,0.019676,0.02026,0.021231,0.023813,0.026808,0.02898,0.031254,0.032368,0.03471,0.038301,0.041729,0.044982,0.048716,0.052371,0.056169
0,0.0038043,0.0079879,0.012257,0.016743,0.021531,0.028384,0.034357,0.039592,0.041885,0.043602,0.044519,0.0452,0.044856,0.044828,0.045936,0.047379,0.048228,0.048436,0.048304,0.048317
0,0.0042641,0.0090508,0.01396,0.018662,0.024073,0.028776,0.031878,0.036081,0.039442,0.039603,0.039264,0.039844,0.040898,0.0429,0.045222,0.04702,0.048729,0.05085,0.053555,0.057022
0,0.0044502,0.010037,0.015129,0.018071,0.023319,0.025602,0.029834,0.033725,0.035133,0.036109,0.037132,0.037761,0.03836,0.039008,0.040226,0.04186,0.043418,0.044942,0.046289,0.047719
0,0.0048369,0.009932,0.01494,0.020263,0.026142,0.029997,0.033704,0.034482,0.033666,0.032545,0.032267,0.032624,0.033752,0.034963,0.03647,0.038535,0.041259,0.044219,0.047485,0.051225
0,0.003189,0.0067598,0.010469,0.014404,0.019123,0.022956,0.025462,0.025279,0.026352,0.027615,0.027597,0.027786,0.029231,0.030791,0.033483,0.036941,0.040408,0.042762,0.043325,0.044184
0,0.0042377,0.008835,0.014006,0.019647,0.024836,0.028761,0.031837,0.035541,0.043946,0.058967,0.046401,0.040939,0.039438,0.039684,0.039629,0.038564,0.03843,0.040014,0.042568,0.045774
0,0.0045655,0.0092431,0.013624,0.017974,0.022442,0.026368,0.029202,0.031292,0.032375,0.032582,0.033786,0.035574,0.037677,0.038918,0.039662,0.040377,0.039562,0.037854,0.037743,0.039859
0,0.0038008,0.0076997,0.011548,0.015245,0.019128,0.023671,0.02829,0.032585,0.036126,0.039799,0.037763,0.034259,0.031907,0.032485,0.034488,0.037165,0.039838,0.042259,0.045129,0.048557
0,0.0036474,0.0067906,0.010056,0.013281,0.015707,0.016762,0.017563,0.018077,0.01829,0.01866,0.019358,0.02049,0.021472,0.022376,0.023603,0.024783,0.026066,0.027389,0.028707,0.030184
0,0.0028047,0.0053509,0.0076306,0.009877,0.012017,0.013773,0.015122,0.01597,0.016419,0.016289,0.016132,0.015828,0.015935,0.017221,0.019192,0.021318,0.023966,0.026795,0.030864,0.035813
0,0.0041407,0.0075913,0.010668,0.013063,0.015123,0.017379,0.019816,0.022727,0.025559,0.029758,0.03512,0.036022,0.035987,0.041454,0.049783,0.057535,0.062933,0.066842,0.070256,0.073133
0,0.0042559,0.0089374,0.014175,0.019982,0.026218,0.032845,0.03824,0.040911,0.042376,0.046659,0.048794,0.050162,0.05167,0.052476,0.05403,0.056306,0.059053,0.062219,0.066143,0.071351
0,0.0036497,0.0071189,0.0089,0.0095282,0.0085833,0.0090148,0.010163,0.010603,0.011418,0.012418,0.01265,0.012458,0.012909,0.013286,0.014056,0.015131,0.016325,0.017559,0.018721,0.019942
0,0.0016416,0.0036089,0.0054807,0.0083437,0.010755,0.011608,0.012023,0.012043,0.012002,0.012181,0.012382,0.01254,0.012702,0.012866,0.013138,0.013456,0.013939,0.014461,0.015079,0.015814
0,0.0042673,0.008556,0.01223,0.015303,0.018058,0.021193,0.024235,0.027243,0.028909,0.031064,0.033102,0.034296,0.034956,0.034983,0.034152,0.03305,0.03176,0.031578,0.032402,0.034288
0,0.0028015,0.005903,0.0093357,0.012565,0.016367,0.01913,0.023195,0.026207,0.027204,0.028211,0.029172,0.029206,0.028563,0.027527,0.026802,0.027092,0.028234,0.030287,0.032949,0.035729
0,0.0028526,0.0059802,0.0096247,0.013901,0.017397,0.017917,0.018767,0.021596,0.023554,0.024091,0.02477,0.02558,0.026744,0.028288,0.030547,0.033583,0.036176,0.037849,0.038794,0.039882
0,0,0,0,0,0,0,0,0,0,0,0,0,0,0,0,0,0,0,0,0
0,0.0029073,0.0056834,0.0083281,0.011039,0.013713,0.016176,0.018305,0.02036,0.021961,0.023129,0.02464,0.026373,0.028717,0.030355,0.033066,0.036386,0.036916,0.040178,0.042346,0.041592
0,0.0032858,0.0063678,0.0090923,0.011714,0.014425,0.017384,0.020607,0.023978,0.027671,0.029984,0.032685,0.034344,0.031454,0.030341,0.030491,0.030984,0.03257,0.038529,0.050449,0.061733
0,0.0065177,0.013239,0.019432,0.025979,0.032169,0.036144,0.038588,0.041658,0.045009,0.047802,0.048185,0.0482,0.049899,0.050268,0.047724,0.045328,0.042955,0.040591,0.039017,0.038689
0,0.0030149,0.0059309,0.0086123,0.011138,0.013961,0.016474,0.018833,0.021227,0.023752,0.02609,0.028283,0.029832,0.031401,0.032997,0.034438,0.035173,0.035353,0.035399,0.035435,0.035473
0,0.0035607,0.0072368,0.011152,0.015072,0.019229,0.022781,0.024424,0.025353,0.0258,0.024596,0.024142,0.025456,0.028076,0.031326,0.033743,0.035843,0.037357,0.038427,0.039352,0.040507
0,0.0059489,0.012118,0.018474,0.020862,0.019237,0.02022,0.021098,0.023719,0.026281,0.029408,0.033405,0.036604,0.03845,0.041445,0.045345,0.04906,0.053127,0.057725,0.062137,0.06421
0,0.0043668,0.0083479,0.012118,0.015929,0.019457,0.02119,0.020999,0.021083,0.022041,0.024555,0.027699,0.030766,0.033842,0.035377,0.035818,0.036342,0.037012,0.038401,0.040652,0.044309
0,0.0034572,0.0073193,0.011913,0.015912,0.019629,0.023134,0.028097,0.031756,0.034628,0.037087,0.039823,0.044362,0.047203,0.048045,0.047459,0.045998,0.048104,0.052281,0.057864,0.06461
0,0.0045702,0.010017,0.016233,0.018104,0.016046,0.017201,0.0191,0.020612,0.021784,0.022795,0.023821,0.024725,0.025124,0.025642,0.026344,0.027317,0.028383,0.029779,0.031438,0.033183
0,0.0026211,0.0053503,0.008921,0.013096,0.017699,0.022433,0.027464,0.030644,0.033871,0.037494,0.038811,0.039466,0.039574,0.039183,0.039991,0.041996,0.044697,0.049314,0.054898,0.061023
0,0.010766,0.015441,0.017058,0.018765,0.020123,0.021345,0.022421,0.023387,0.02436,0.025228,0.026106,0.027266,0.028323,0.029609,0.030952,0.032343,0.033757,0.035296,0.036966,0.038734
0,0.0037461,0.0073871,0.010889,0.014262,0.01723,0.020438,0.023296,0.026119,0.028644,0.030947,0.031713,0.031914,0.031877,0.031097,0.030068,0.02821,0.0275,0.02921,0.032594,0.036228
0,0.0040075,0.0082722,0.012548,0.016936,0.021714,0.026285,0.029956,0.032133,0.033674,0.03604,0.038679,0.040868,0.042719,0.044032,0.04533,0.04762,0.050236,0.051874,0.051938,0.049603
0,0.0069342,0.0099489,0.012347,0.015014,0.018209,0.021022,0.02322,0.025048,0.026773,0.028382,0.030007,0.031497,0.032931,0.03433,0.035524,0.036653,0.037963,0.039483,0.041275,0.043474
0,0.0062952,0.012311,0.017809,0.022282,0.026083,0.029891,0.03357,0.031533,0.029229,0.02959,0.030011,0.030636,0.032773,0.036428,0.041807,0.046926,0.050514,0.052103,0.052972,0.053487
0,0.0083541,0.017088,0.02609,0.039219,0.036162,0.032861,0.033961,0.035424,0.03582,0.036171,0.036383,0.036885,0.037486,0.037836,0.038245,0.038887,0.039781,0.041002,0.04255,0.044409
0,0.0040245,0.0056609,0.0062988,0.0070143,0.0075467,0.0079472,0.0082762,0.0086301,0.0089727,0.0093412,0.0097328,0.010131,0.01055,0.011063,0.011682,0.012452,0.013268,0.014105,0.015042,0.016077
0,0.0039223,0.0079874,0.012131,0.016789,0.020286,0.023998,0.021334,0.018529,0.016681,0.016492,0.017432,0.019189,0.021971,0.025306,0.028688,0.031289,0.033128,0.034212,0.034564,0.03538
0,0.0024934,0.0050146,0.0075379,0.010209,0.013261,0.016385,0.019263,0.020258,0.021044,0.023103,0.025652,0.028358,0.030875,0.033084,0.035192,0.037094,0.038814,0.042135,0.045148,0.052681
0,0.0045076,0.0091332,0.014581,0.019988,0.023798,0.028893,0.033724,0.035085,0.032432,0.031591,0.033841,0.036225,0.039104,0.043303,0.047234,0.050554,0.053304,0.055479,0.05741,0.058689
0,0.0098025,0.015292,0.02065,0.024184,0.025681,0.027006,0.027775,0.028332,0.02914,0.030391,0.031617,0.032539,0.033319,0.034116,0.034839,0.035552,0.036464,0.037326,0.038202,0.040244
0,0.0085804,0.011634,0.011691,0.02133,0.034566,0.043896,0.048977,0.052307,0.054783,0.057091,0.059336,0.061663,0.0634,0.064999,0.066222,0.066956,0.067452,0.068019,0.068815,0.069637
0,0.0029804,0.005893,0.0088746,0.012036,0.015282,0.018682,0.021865,0.024756,0.027691,0.030738,0.033497,0.035538,0.035454,0.033545,0.033086,0.032725,0.034628,0.037681,0.04177,0.044945
0,0.0044176,0.0086815,0.012818,0.01457,0.015718,0.01537,0.014668,0.013261,0.012946,0.014213,0.016771,0.020277,0.023812,0.026728,0.029601,0.032045,0.034226,0.036226,0.038133,0.039769
0,0.003689,0.0076409,0.012141,0.017491,0.023472,0.029415,0.032811,0.031859,0.030192,0.028801,0.027124,0.025943,0.025334,0.025742,0.026995,0.029006,0.031597,0.034881,0.038636,0.042924
0,0.0049883,0.010349,0.016312,0.022792,0.027292,0.029171,0.028355,0.027532,0.027021,0.026913,0.02733,0.027515,0.027794,0.028095,0.028535,0.02939,0.03071,0.032672,0.035188,0.038096
0,0.0037917,0.0051504,0.008015,0.01086,0.013381,0.016047,0.018909,0.021828,0.024346,0.025689,0.026196,0.026042,0.026859,0.027658,0.028275,0.028823,0.027602,0.026746,0.027479,0.02856
0,0.0050291,0.0097885,0.014023,0.016201,0.015228,0.014229,0.01387,0.013758,0.013325,0.012976,0.01258,0.012165,0.01191,0.012304,0.013068,0.014224,0.015601,0.016926,0.0185,0.020223
0,0.0043067,0.0095479,0.016788,0.017619,0.018031,0.017735,0.017463,0.016837,0.016808,0.018263,0.019878,0.021026,0.021375,0.021506,0.02169,0.023275,0.025546,0.028469,0.031729,0.035801
0,0.0066358,0.01388,0.020927,0.026071,0.027675,0.029034,0.030796,0.032158,0.034479,0.038082,0.04224,0.045678,0.048433,0.051308,0.054097,0.056843,0.059608,0.062383,0.064952,0.066927
0,0.006275,0.012641,0.019112,0.025799,0.032622,0.039419,0.044642,0.051008,0.058114,0.057828,0.060442,0.061239,0.062776,0.064178,0.064412,0.064047,0.062891,0.060871,0.058525,0.057242
0,0.0057771,0.007704,0.0090043,0.012637,0.015552,0.017808,0.019183,0.01978,0.020424,0.021146,0.022044,0.023166,0.024589,0.026168,0.027645,0.029114,0.030508,0.031793,0.033138,0.034473
0,0.0042978,0.010435,0.014682,0.017379,0.019323,0.021034,0.022737,0.024608,0.02654,0.028443,0.030292,0.031932,0.03343,0.03476,0.036052,0.037281,0.038396,0.039377,0.040349,0.041286
0,0.0027412,0.0058313,0.0081791,0.0099301,0.01197,0.013965,0.014926,0.015363,0.015144,0.015299,0.015495,0.015211,0.01567,0.016137,0.01683,0.017723,0.01872,0.019956,0.021537,0.023815
0,0.0032993,0.0066842,0.010115,0.013579,0.017327,0.02203,0.02547,0.027794,0.02937,0.030273,0.030376,0.030635,0.031418,0.032156,0.03212,0.031112,0.029821,0.028886,0.028702,0.028836
0,0.0044007,0.00993,0.018416,0.024834,0.023958,0.021792,0.020806,0.020938,0.020952,0.022135,0.02388,0.025595,0.027106,0.028189,0.029049,0.029608,0.029874,0.02992,0.03013,0.030638
0,0.0050918,0.011284,0.012911,0.015299,0.017734,0.019421,0.020538,0.021451,0.022101,0.022581,0.023212,0.024915,0.028121,0.028283,0.026096,0.024488,0.024371,0.026003,0.027974,0.030507
0,0.011541,0.014658,0.018789,0.020815,0.021999,0.02417,0.026278,0.028579,0.03054,0.031998,0.033344,0.034736,0.035998,0.037011,0.03812,0.039162,0.040063,0.040897,0.041683,0.042384
0,0.0047126,0.0096162,0.014808,0.020682,0.024142,0.026334,0.027961,0.029576,0.029136,0.029853,0.031469,0.033482,0.035211,0.036925,0.038197,0.038992,0.03985,0.040795,0.042247,0.044541
0,0.0028735,0.0055478,0.0081442,0.012552,0.014937,0.016938,0.018878,0.020135,0.020217,0.020759,0.021316,0.021688,0.022035,0.022139,0.022469,0.024027,0.026023,0.028068,0.030135,0.033117
0,0.0025294,0.0048554,0.0068111,0.009491,0.011939,0.0143,0.016557,0.018793,0.021001,0.023136,0.025323,0.027119,0.028941,0.030929,0.032868,0.034993,0.037789,0.040957,0.045983,0.039938
0,0.0051348,0.009782,0.013749,0.017673,0.021323,0.024755,0.027914,0.030075,0.030316,0.030231,0.030438,0.030139,0.029773,0.029232,0.02792,0.029881,0.035301,0.041202,0.045589,0.048479
0,0.0030016,0.0058305,0.008761,0.012593,0.015665,0.020903,0.020558,0.024615,0.027589,0.029065,0.029302,0.02882,0.028492,0.027585,0.026508,0.025697,0.025006,0.02448,0.024113,0.024324
0,0.0038534,0.0074913,0.0095697,0.011739,0.014026,0.016519,0.019396,0.021322,0.024251,0.026868,0.02794,0.027379,0.027473,0.028917,0.03119,0.033555,0.03582,0.037672,0.039179,0.040787
0,0.0071913,0.0085287,0.011154,0.013304,0.015717,0.016568,0.016447,0.016237,0.016273,0.016573,0.017239,0.018249,0.019411,0.020701,0.022066,0.023462,0.024934,0.026745,0.028788,0.030969
0,0.0030983,0.0054174,0.0084516,0.011656,0.014081,0.018337,0.022103,0.024131,0.024116,0.022878,0.021693,0.021371,0.021516,0.022012,0.022307,0.022249,0.022353,0.023268,0.025014,0.027165
0,0.0029839,0.0061203,0.0080287,0.0098044,0.011516,0.011221,0.012546,0.014991,0.017468,0.018951,0.019723,0.020271,0.021535,0.023749,0.026438,0.028679,0.030169,0.031499,0.032615,0.033435
0,0.0045524,0.0090159,0.013673,0.018423,0.022713,0.027034,0.031309,0.035864,0.041563,0.046821,0.050469,0.057179,0.058037,0.052724,0.048294,0.045957,0.047276,0.049455,0.054473,0.060747
0,0.0023711,0.0047126,0.007032,0.0094125,0.011931,0.014649,0.017507,0.020343,0.022703,0.023811,0.025509,0.025737,0.025212,0.024178,0.023692,0.024039,0.026105,0.029313,0.03405,0.03989
0,0.0028655,0.0056324,0.008179,0.011164,0.013841,0.015591,0.017592,0.02062,0.022802,0.02579,0.027629,0.027515,0.029553,0.031324,0.030438,0.029042,0.028379,0.029668,0.033219,0.037376
0,0.0049958,0.010093,0.015891,0.022484,0.031094,0.040046,0.043015,0.041981,0.043115,0.042785,0.042806,0.043453,0.043263,0.042655,0.043609,0.046756,0.051861,0.058028,0.064594,0.071185
0,0.0034576,0.006876,0.010303,0.013927,0.018269,0.021145,0.024869,0.027075,0.028125,0.028431,0.028871,0.029557,0.029516,0.029073,0.029015,0.029885,0.031564,0.032582,0.033867,0.035916
0,0.0032497,0.0061476,0.0095735,0.013127,0.014476,0.014527,0.014395,0.015052,0.015194,0.015349,0.015819,0.016285,0.016701,0.017177,0.017793,0.018384,0.019147,0.020316,0.021827,0.023747
0,0.0042748,0.0091787,0.015171,0.022471,0.025571,0.03197,0.037078,0.040062,0.04243,0.044771,0.046121,0.046859,0.046899,0.045982,0.044912,0.043759,0.042562,0.041445,0.040793,0.040755
0,0.0042631,0.0084798,0.012553,0.017478,0.022013,0.025698,0.027816,0.028786,0.030588,0.034731,0.041798,0.047487,0.048942,0.050187,0.049787,0.050854,0.05311,0.055195,0.058477,0.061369
0,0.0057801,0.0098089,0.014482,0.019745,0.026641,0.032337,0.036545,0.035274,0.031457,0.029488,0.029052,0.03003,0.031801,0.033739,0.035224,0.037437,0.039658,0.041732,0.043463,0.04502
0,0.0021813,0.004329,0.0066344,0.0092947,0.01162,0.012934,0.014797,0.014884,0.01489,0.014989,0.014743,0.014826,0.015186,0.01511,0.014948,0.015389,0.016867,0.019327,0.022503,0.026232
0,0.0064291,0.01217,0.019695,0.022976,0.02591,0.02816,0.030553,0.033393,0.036489,0.039484,0.042333,0.044908,0.047374,0.049932,0.052211,0.054274,0.056282,0.058269,0.060226,0.06235
0,0.0054045,0.01168,0.018997,0.025282,0.026088,0.026254,0.026,0.026387,0.026737,0.027932,0.029191,0.031193,0.033136,0.035267,0.03699,0.038541,0.039874,0.041224,0.042706,0.043974
0,0.0024079,0.0048915,0.0075435,0.010305,0.013712,0.016317,0.016866,0.015695,0.014201,0.013105,0.01412,0.016102,0.018045,0.019724,0.021308,0.023116,0.025066,0.027125,0.029294,0.031272
0,0.0041154,0.0082913,0.013206,0.014929,0.016298,0.018327,0.019943,0.021397,0.022737,0.023601,0.024027,0.024964,0.027214,0.03,0.033377,0.036712,0.03896,0.040737,0.043186,0.046025
0,0.0035947,0.0075484,0.012208,0.01621,0.017427,0.018298,0.018029,0.017875,0.01941,0.021081,0.023005,0.025341,0.027618,0.029392,0.030773,0.032096,0.033406,0.035047,0.037016,0.039213
0,0.005323,0.0093865,0.0096796,0.01147,0.012868,0.013098,0.01275,0.013346,0.014702,0.016715,0.018264,0.019334,0.021032,0.0227,0.024352,0.025712,0.027091,0.029301,0.031176,0.033138
0,0.0039229,0.0080342,0.013162,0.017763,0.020961,0.023178,0.023507,0.02416,0.026311,0.028497,0.032523,0.037517,0.042966,0.045791,0.047173,0.048319,0.049157,0.05043,0.052182,0.054301
0,0.0021798,0.0043419,0.0065222,0.0092705,0.011801,0.014643,0.016359,0.01727,0.018576,0.019367,0.019147,0.018116,0.017544,0.017749,0.018612,0.020044,0.021901,0.024069,0.026657,0.029408
0,0.0057267,0.013201,0.012132,0.01332,0.014182,0.014355,0.014912,0.016119,0.01771,0.01932,0.021171,0.023151,0.025174,0.027212,0.029097,0.0309,0.032484,0.034077,0.03545,0.036804
0,0.0033956,0.0066135,0.009653,0.012268,0.01495,0.017712,0.020233,0.022671,0.024735,0.027022,0.028629,0.029722,0.030466,0.029307,0.028163,0.02769,0.027371,0.02717,0.027047,0.026212
0,0.0032564,0.0068129,0.01076,0.014878,0.018947,0.0223,0.025519,0.028629,0.031726,0.032527,0.031652,0.030058,0.029866,0.031347,0.032688,0.035781,0.040322,0.042977,0.045294,0.048248
0,0.0036488,0.0073847,0.011089,0.01485,0.018835,0.021794,0.023144,0.023395,0.022631,0.022824,0.024158,0.024556,0.026196,0.02885,0.030622,0.031751,0.033423,0.035018,0.037219,0.039433
0,0.0039391,0.0079123,0.011727,0.014998,0.017924,0.020643,0.0231,0.025407,0.027347,0.029116,0.030212,0.031378,0.031576,0.031206,0.030237,0.03105,0.032439,0.032581,0.032655,0.033366
0,0.0041145,0.0084344,0.013186,0.018566,0.024814,0.031687,0.038752,0.046091,0.051821,0.055916,0.057573,0.057655,0.056092,0.052577,0.050753,0.051245,0.052261,0.052911,0.053602,0.0545
0,0.0048311,0.0081535,0.010309,0.012437,0.014779,0.016874,0.017068,0.017558,0.019045,0.019431,0.020519,0.022545,0.026081,0.030826,0.036334,0.041854,0.046733,0.051401,0.055302,0.058852
0,0.0031853,0.0063464,0.0088842,0.011292,0.014225,0.017109,0.019321,0.021581,0.02424,0.026165,0.027059,0.026988,0.027143,0.027645,0.027651,0.027456,0.029846,0.0332,0.033719,0.03202
0,0.0065766,0.0076084,0.008528,0.0087691,0.010005,0.011974,0.01383,0.01616,0.020263,0.025521,0.028584,0.031612,0.034794,0.037522,0.04007,0.041929,0.042634,0.042739,0.043117,0.044332
0,0.0052225,0.0088838,0.011681,0.014175,0.01607,0.01777,0.019166,0.020928,0.022652,0.023918,0.024449,0.024734,0.024829,0.025179,0.025584,0.026047,0.026813,0.027976,0.029272,0.030715
0,0.0036317,0.0074447,0.010102,0.011036,0.012785,0.014259,0.015513,0.016273,0.017271,0.018228,0.019572,0.019986,0.020307,0.021014,0.02193,0.023117,0.024119,0.02467,0.024932,0.024942
0,0.0033063,0.0069639,0.010819,0.014354,0.017503,0.021033,0.022604,0.023095,0.022233,0.020651,0.019881,0.019803,0.01994,0.020098,0.020618,0.021528,0.022821,0.024459,0.026102,0.027905
0,0.0077666,0.019002,0.025542,0.024532,0.02125,0.02021,0.020629,0.020559,0.020622,0.020916,0.021422,0.021857,0.02293,0.023665,0.024163,0.024703,0.025193,0.025664,0.026317,0.027093
0,0.0039371,0.0085626,0.014775,0.018127,0.021578,0.021273,0.020365,0.020252,0.021338,0.022653,0.024109,0.025605,0.027025,0.027982,0.028673,0.028931,0.028554,0.027957,0.027329,0.027182
0,0.0024077,0.0046937,0.007278,0.0094485,0.011131,0.012465,0.013637,0.014795,0.015366,0.016045,0.016844,0.017757,0.01734,0.017104,0.017998,0.020469,0.023542,0.026051,0.028496,0.030968
0,0.0032223,0.0063798,0.0093229,0.012106,0.014733,0.01681,0.018474,0.020089,0.021856,0.023648,0.025416,0.027151,0.029023,0.030966,0.032282,0.035169,0.036454,0.035573,0.033216,0.03082
0,0.0034499,0.006867,0.010422,0.013773,0.016826,0.01913,0.021276,0.02297,0.024274,0.0254,0.025999,0.025496,0.024514,0.024678,0.025926,0.025845,0.025431,0.026404,0.028086,0.029042
0,0,0,0,0,0,0,0,0,0,0,0,0,0,0,0,0,0,0,0,0
0,0.0026904,0.0055416,0.0082858,0.011082,0.01375,0.01691,0.020607,0.024203,0.026644,0.026964,0.029222,0.030027,0.029666,0.029588,0.028808,0.029125,0.030148,0.033184,0.038578,0.041914
0,0.0026283,0.0051703,0.0078174,0.010528,0.013056,0.015306,0.017321,0.019159,0.021532,0.021862,0.020433,0.019146,0.018673,0.018877,0.019419,0.02018,0.020878,0.021519,0.022252,0.023123
0,0.0045965,0.0093758,0.013655,0.017294,0.020229,0.022674,0.024553,0.025763,0.025388,0.024345,0.023845,0.022626,0.021612,0.022322,0.025922,0.034035,0.043424,0.05131,0.057129,0.061873
0,0.0040914,0.0087637,0.013678,0.018774,0.023629,0.028204,0.032508,0.032802,0.031304,0.029278,0.027282,0.026142,0.025082,0.024905,0.025966,0.027675,0.029858,0.033054,0.037545,0.042569
0,0.0072973,0.0076931,0.01203,0.013801,0.015357,0.016716,0.018432,0.018631,0.019527,0.020559,0.021317,0.021865,0.02243,0.022707,0.022987,0.023568,0.024469,0.025353,0.026079,0.026843
0,0.0046079,0.0093559,0.015422,0.020167,0.021968,0.023307,0.025202,0.028276,0.032128,0.035916,0.040077,0.044786,0.049674,0.053923,0.057221,0.059661,0.061022,0.062003,0.062734,0.063289
0,0.0022715,0.0048702,0.0071787,0.0090311,0.0087935,0.0082213,0.0085468,0.0094679,0.010466,0.011246,0.012114,0.012739,0.013266,0.013486,0.013585,0.013681,0.013838,0.01383,0.013892,0.014162
0,0.0054016,0.01126,0.015012,0.019972,0.022454,0.024964,0.02722,0.029494,0.032596,0.035928,0.039152,0.042683,0.046274,0.048891,0.050642,0.052364,0.052306,0.052558,0.054526,0.057312
0,0.0037212,0.008012,0.013115,0.019339,0.025847,0.031816,0.036069,0.039236,0.039646,0.040185,0.040812,0.040235,0.036882,0.032096,0.02945,0.028789,0.028744,0.029055,0.030301,0.032583
0,0.0041802,0.008404,0.012674,0.016388,0.020079,0.024684,0.030911,0.036562,0.040044,0.044106,0.046894,0.049195,0.050855,0.052567,0.054735,0.056769,0.058291,0.059667,0.061497,0.06336
0,0.0061682,0.010957,0.013498,0.016191,0.019147,0.022125,0.025073,0.028523,0.030849,0.032181,0.033264,0.034364,0.036624,0.039678,0.043296,0.046606,0.049701,0.052938,0.055659,0.058186
0,0.0018694,0.0034522,0.0049359,0.0065772,0.0084091,0.010766,0.012591,0.012774,0.012949,0.012978,0.013033,0.013198,0.013635,0.014604,0.014936,0.014951,0.015167,0.015924,0.01711,0.01878
0,0.0084508,0.015179,0.016703,0.018548,0.019129,0.017564,0.0187,0.021532,0.023906,0.026213,0.028616,0.030646,0.031192,0.031747,0.03244,0.033261,0.034183,0.034824,0.035398,0.036742
0,0.0047598,0.010161,0.015033,0.019249,0.022338,0.024663,0.025694,0.027304,0.028881,0.030075,0.030483,0.031588,0.032893,0.03434,0.035911,0.037394,0.039173,0.041447,0.04456,0.048297
0,0.0044763,0.0085156,0.012424,0.016369,0.020874,0.031015,0.039059,0.032574,0.03176,0.031855,0.031336,0.030738,0.029685,0.028831,0.028366,0.02864,0.030027,0.032202,0.035222,0.03901
0,0.0057236,0.0085586,0.010039,0.011645,0.014785,0.018887,0.021329,0.023237,0.025486,0.027775,0.029903,0.031663,0.033332,0.034969,0.036497,0.038044,0.039874,0.041825,0.044043,0.046284
0,0.0031523,0.0059537,0.0065067,0.0077427,0.010165,0.010873,0.011575,0.011824,0.011613,0.011683,0.012321,0.013606,0.015128,0.016538,0.017895,0.019388,0.020883,0.022044,0.022897,0.023737
0,0.007236,0.014072,0.020205,0.024297,0.026634,0.027768,0.027356,0.027337,0.028343,0.028748,0.028718,0.029022,0.02926,0.02915,0.029189,0.029909,0.031849,0.035486,0.040709,0.04705
0,0.0024237,0.0047535,0.0067176,0.0080281,0.00941,0.011631,0.014142,0.016328,0.017586,0.018391,0.019201,0.020308,0.021812,0.023421,0.025049,0.026563,0.027881,0.028993,0.029958,0.03092
0,0.0082604,0.015402,0.020451,0.024829,0.027057,0.026759,0.025769,0.0261,0.027949,0.029328,0.031695,0.033748,0.035519,0.036585,0.037766,0.038931,0.040805,0.042804,0.044888,0.047326
0,0.0013334,0.0026072,0.0039145,0.0052329,0.0065928,0.0078569,0.0091487,0.010562,0.012033,0.01354,0.015174,0.017155,0.019717,0.023319,0.029473,0.035488,0.041505,0.042699,0.044432,0.046729
0,0.01016,0.013735,0.016933,0.020521,0.023573,0.026417,0.029137,0.03193,0.03449,0.036799,0.038651,0.040187,0.041905,0.04344,0.044734,0.045752,0.046592,0.047425,0.048273,0.049042
0,0.0050388,0.0099244,0.015007,0.021119,0.027714,0.034719,0.041833,0.044751,0.045716,0.046582,0.046163,0.045981,0.045624,0.04533,0.044968,0.04413,0.043272,0.042794,0.042921,0.043874
0,0.0059364,0.012287,0.017789,0.020208,0.021872,0.023856,0.024003,0.02391,0.024347,0.023689,0.023599,0.023507,0.02316,0.022737,0.022154,0.022345,0.024136,0.026599,0.029452,0.032543
0,0.0014661,0.0028852,0.0043906,0.0060321,0.0079242,0.01011,0.012346,0.01413,0.0165,0.01779,0.018357,0.018673,0.019545,0.020702,0.021502,0.021961,0.02214,0.022529,0.023402,0.024501
0,0.0032503,0.006513,0.0097822,0.012871,0.01565,0.018074,0.02067,0.023947,0.026971,0.025862,0.025728,0.029342,0.03504,0.039796,0.042493,0.044005,0.043374,0.040985,0.040923,0.043073
0,0.0047186,0.0096118,0.014664,0.019677,0.025731,0.032741,0.038914,0.042494,0.044441,0.043446,0.042661,0.043687,0.046066,0.049685,0.053134,0.056434,0.059248,0.061524,0.062596,0.063077
0,0.0032849,0.0068048,0.010234,0.013489,0.016659,0.019911,0.022955,0.025515,0.028214,0.030573,0.031279,0.031172,0.031162,0.031115,0.031673,0.033487,0.034432,0.035223,0.03581,0.0342
0,0.0062852,0.013118,0.01242,0.0093961,0.008656,0.0086696,0.0092048,0.010156,0.011138,0.012238,0.01325,0.014343,0.015431,0.016219,0.016989,0.017788,0.018602,0.019303,0.020283,0.021642
0,0.0052488,0.0084873,0.012586,0.01725,0.020252,0.023154,0.024511,0.025594,0.029032,0.0313,0.029852,0.029693,0.032441,0.035406,0.038856,0.042518,0.045831,0.049394,0.052557,0.055695
0,0.003264,0.00576,0.0074457,0.0091505,0.01023,0.011676,0.013577,0.015249,0.01683,0.018406,0.019836,0.021171,0.022617,0.02375,0.024926,0.025921,0.027096,0.028645,0.030639,0.033206
0,0.0042463,0.0080841,0.011803,0.014997,0.017351,0.018999,0.021232,0.023725,0.025622,0.027971,0.029713,0.030464,0.029281,0.027206,0.026269,0.026295,0.027044,0.027305,0.027323,0.028696
0,0.004149,0.0089325,0.013676,0.01832,0.020118,0.022744,0.02576,0.028054,0.030267,0.031441,0.030591,0.028739,0.026774,0.025686,0.025596,0.025693,0.026392,0.027892,0.029495,0.031794
0,0.0042863,0.0060529,0.0077538,0.0093136,0.010569,0.012288,0.013421,0.015495,0.017505,0.019465,0.02095,0.022171,0.023759,0.025013,0.025706,0.026199,0.026546,0.027393,0.028994,0.031049
0,0.0030357,0.0058821,0.0064399,0.0071749,0.0075841,0.0065662,0.0067602,0.0072982,0.007623,0.0079762,0.0083873,0.009026,0.0098115,0.010704,0.01176,0.012884,0.014215,0.015905,0.017829,0.020056
0,0.0023497,0.0049276,0.007583,0.0095511,0.01375,0.018914,0.022902,0.025781,0.025883,0.026451,0.027275,0.026561,0.025134,0.024838,0.025837,0.027463,0.029535,0.031098,0.032104,0.032138
0,0.0018577,0.0036724,0.0060274,0.0083541,0.0093527,0.010163,0.010323,0.010025,0.0098889,0.0098117,0.0098886,0.010324,0.01112,0.011916,0.012623,0.013159,0.013403,0.013613,0.013962,0.014424
0,0.0040254,0.0084817,0.013283,0.018028,0.02317,0.027854,0.030931,0.03288,0.035174,0.037702,0.038887,0.039676,0.041052,0.040949,0.041198,0.046661,0.052525,0.055731,0.055125,0.050585
0,0.0067198,0.013797,0.020919,0.027609,0.033733,0.038421,0.040689,0.039847,0.038752,0.03872,0.040422,0.042478,0.044529,0.04663,0.048786,0.05241,0.057234,0.061959,0.066279,0.069549
0,0.0082396,0.014867,0.020175,0.025617,0.028016,0.028465,0.028649,0.027686,0.026537,0.026426,0.027044,0.027647,0.028341,0.028929,0.029707,0.030728,0.031762,0.032619,0.033428,0.034287
0,0.0037417,0.0078573,0.012335,0.016379,0.020165,0.023255,0.025807,0.02504,0.025322,0.023019,0.020585,0.0195,0.019706,0.020168,0.020276,0.020895,0.021861,0.023033,0.024032,0.025326
0,0.0028361,0.0057249,0.0088613,0.012618,0.017495,0.019199,0.01908,0.020146,0.019735,0.019133,0.020222,0.022056,0.023433,0.024568,0.02566,0.026646,0.027781,0.029368,0.031241,0.033356
0,0.0043975,0.0084374,0.011373,0.014759,0.020285,0.022233,0.023692,0.025497,0.026569,0.026738,0.029578,0.031708,0.032478,0.033147,0.033703,0.034488,0.035148,0.036516,0.036498,0.035141
0,0.0049134,0.010798,0.016039,0.019925,0.022802,0.025461,0.027419,0.027901,0.028037,0.027343,0.026745,0.027381,0.028716,0.030061,0.031284,0.032429,0.033216,0.034343,0.035938,0.037868
0,0.0041162,0.0080691,0.011906,0.015554,0.018816,0.021827,0.023172,0.023364,0.024383,0.024467,0.024025,0.024012,0.025087,0.02793,0.03118,0.034901,0.03893,0.042116,0.044607,0.047345
0,0.0023069,0.0052493,0.0090345,0.0091497,0.0085752,0.0094621,0.010356,0.011037,0.01169,0.012343,0.013016,0.013779,0.014666,0.015706,0.016824,0.017917,0.018775,0.019503,0.020202,0.020922
0,0.0032065,0.0073601,0.010057,0.012523,0.013686,0.013408,0.01336,0.014794,0.018685,0.019193,0.016562,0.017178,0.019085,0.017388,0.018106,0.019694,0.022033,0.025258,0.029465,0.033789
0,0.0031648,0.0060548,0.0083945,0.010095,0.012865,0.015502,0.01763,0.019173,0.019319,0.019581,0.020846,0.021969,0.023055,0.024477,0.025653,0.026794,0.027916,0.029136,0.030628,0.032081
0,0.0028614,0.0055943,0.0075312,0.0096792,0.011378,0.012931,0.014449,0.015743,0.017372,0.018899,0.019685,0.020958,0.022461,0.022019,0.025904,0.02839,0.030508,0.033262,0.037712,0.043699
0,0.0048665,0.0098142,0.014598,0.019279,0.023404,0.025954,0.027235,0.027325,0.027656,0.027766,0.028593,0.029589,0.031045,0.035944,0.043396,0.047218,0.048052,0.048313,0.048773,0.050334
0,0.0065077,0.014002,0.020333,0.025978,0.030033,0.031608,0.031244,0.031101,0.031161,0.032104,0.032846,0.032957,0.033993,0.034609,0.035962,0.03703,0.03828,0.039279,0.041132,0.043613
0,0.007947,0.010712,0.012122,0.013511,0.015336,0.017305,0.019771,0.021805,0.023938,0.02593,0.027652,0.029004,0.030428,0.031733,0.033397,0.035502,0.038285,0.041445,0.044998,0.048647
0,0.0087011,0.0093051,0.011485,0.018361,0.023242,0.02705,0.029624,0.031898,0.033391,0.034687,0.03597,0.036983,0.038003,0.038582,0.038549,0.037922,0.037955,0.037916,0.03806,0.038297
0,0.0038011,0.0078368,0.011751,0.016006,0.021377,0.029703,0.033344,0.028079,0.029206,0.030317,0.030364,0.0291,0.028783,0.028891,0.029077,0.02973,0.030696,0.032247,0.0341,0.036508
0,0.01658,0.033031,0.040458,0.044345,0.047043,0.048769,0.050132,0.050965,0.05164,0.052339,0.053209,0.054545,0.055921,0.057576,0.059531,0.061706,0.064097,0.066532,0.068983,0.07139
0,0.0034096,0.0067379,0.0094066,0.012824,0.014114,0.01422,0.016194,0.017745,0.019082,0.020004,0.020441,0.020511,0.020721,0.021289,0.022011,0.022614,0.023162,0.023837,0.024813,0.026227
0,0.0021604,0.0042376,0.006372,0.0085839,0.010708,0.012634,0.013785,0.014047,0.013634,0.013326,0.013926,0.015844,0.018536,0.021467,0.023233,0.024837,0.025718,0.027236,0.028577,0.03
0,0.002574,0.0055629,0.0094196,0.012521,0.015094,0.017717,0.020166,0.02216,0.023,0.023555,0.024655,0.026577,0.027518,0.028353,0.029049,0.030564,0.033033,0.035741,0.038487,0.040991
0,0.0030949,0.0061019,0.008537,0.0096927,0.0097527,0.010018,0.010436,0.01197,0.014291,0.017549,0.020509,0.022962,0.025068,0.027651,0.030417,0.032784,0.034273,0.034959,0.035517,0.037092
0,0.0045986,0.0077773,0.011506,0.014161,0.015686,0.016153,0.016436,0.016817,0.017699,0.018806,0.019936,0.02083,0.021572,0.022439,0.023418,0.024488,0.025581,0.026691,0.027822,0.028976
0,0.0019848,0.0042416,0.0069057,0.01029,0.013227,0.014019,0.013312,0.013361,0.014324,0.015806,0.017677,0.019329,0.020942,0.02289,0.024946,0.027191,0.029376,0.031491,0.033531,0.035674
0,0.0060702,0.0096068,0.013274,0.016876,0.020319,0.023406,0.025851,0.027117,0.027203,0.026279,0.025162,0.025457,0.02673,0.027847,0.028939,0.030312,0.030794,0.030617,0.02981,0.029314
0,0.0044996,0.0096507,0.014925,0.018616,0.023367,0.025283,0.029496,0.033265,0.033769,0.036038,0.036518,0.039475,0.044109,0.049541,0.05436,0.058129,0.062338,0.067289,0.072932,0.078258
0,0.0022814,0.0042555,0.0062426,0.0085692,0.011371,0.013091,0.014084,0.015169,0.016191,0.017502,0.019387,0.021457,0.023439,0.02526,0.026331,0.025838,0.02565,0.026431,0.02616,0.025469
0,0.0046201,0.0078376,0.010672,0.013951,0.017007,0.020202,0.022837,0.024607,0.024758,0.023764,0.023514,0.023836,0.023743,0.023353,0.022452,0.021988,0.02213,0.024036,0.026881,0.030654
0,0.0016565,0.0044256,0.0039726,0.0046317,0.0057688,0.0059963,0.0066119,0.0072103,0.0081069,0.0089587,0.0095998,0.0096094,0.009559,0.0097971,0.010532,0.01167,0.012523,0.013365,0.014027,0.014445
0,0.0024911,0.0044684,0.0064457,0.0086311,0.011047,0.012905,0.014476,0.016043,0.017787,0.019219,0.019793,0.019615,0.020102,0.019903,0.020505,0.022488,0.025532,0.028932,0.032961,0.035686
0,0.0037478,0.0074318,0.011235,0.014657,0.016311,0.017946,0.019243,0.02022,0.02165,0.023723,0.025995,0.026122,0.026029,0.027161,0.028531,0.030866,0.034616,0.037407,0.037927,0.038684
0,0.0022456,0.0045415,0.0064267,0.0086167,0.010854,0.013045,0.014672,0.016181,0.017137,0.017885,0.019918,0.02265,0.02533,0.027682,0.029817,0.031463,0.032677,0.03377,0.035077,0.036838
0,0.004335,0.0083295,0.012162,0.015886,0.019856,0.024492,0.02846,0.03228,0.035821,0.037639,0.039108,0.038747,0.037784,0.037762,0.040307,0.044756,0.047984,0.049959,0.051168,0.052633
0,0.0045044,0.010044,0.017937,0.024201,0.029004,0.033334,0.036399,0.038126,0.038977,0.040475,0.041976,0.043128,0.041742,0.040862,0.042501,0.046304,0.051068,0.055708,0.060293,0.064805
0,0.0043698,0.0087258,0.010229,0.013165,0.015721,0.018363,0.020196,0.022115,0.024761,0.027317,0.027767,0.028759,0.028938,0.02912,0.030861,0.033819,0.037823,0.042256,0.046795,0.05133
0,0.0033224,0.0067322,0.0089033,0.010612,0.012579,0.015073,0.017002,0.019682,0.020691,0.021576,0.023211,0.024133,0.024312,0.024387,0.024443,0.024143,0.024924,0.027798,0.031564,0.035954
0,0.0037584,0.0074507,0.011215,0.015374,0.019749,0.023001,0.025291,0.0277,0.030664,0.032681,0.033918,0.033289,0.033985,0.037449,0.042029,0.044116,0.043888,0.043319,0.043173,0.044487
0,0.0049524,0.011689,0.01366,0.017509,0.021399,0.0242,0.026436,0.028326,0.029122,0.028702,0.028655,0.030623,0.031458,0.033196,0.033789,0.034643,0.035992,0.037495,0.039337,0.041989
0,0.0028998,0.0056823,0.0083974,0.011246,0.013981,0.0166,0.01919,0.021853,0.024491,0.027356,0.029917,0.031995,0.033356,0.035175,0.03808,0.041465,0.045485,0.045039,0.042376,0.042457
0,0.0042896,0.0089594,0.014043,0.020405,0.028567,0.035418,0.037622,0.039619,0.043545,0.043582,0.041634,0.039832,0.039549,0.040352,0.04145,0.04205,0.043261,0.045225,0.047724,0.050819
0,0.0029859,0.0061338,0.0095723,0.013302,0.017527,0.022592,0.027273,0.027546,0.027477,0.028918,0.032373,0.036294,0.041723,0.047546,0.051457,0.054497,0.056679,0.058378,0.060991,0.064613
0,0.0045444,0.0094118,0.01466,0.020149,0.025066,0.02934,0.032987,0.036499,0.037869,0.042586,0.045303,0.047365,0.051137,0.053462,0.054116,0.054041,0.054026,0.055014,0.056799,0.05865
0,0.0031333,0.0060037,0.0088427,0.011616,0.014278,0.017087,0.02027,0.02395,0.027848,0.031551,0.032273,0.030704,0.030037,0.029323,0.029547,0.030735,0.033278,0.03566,0.038012,0.040881
0,0.0032921,0.0066061,0.0098591,0.013363,0.017284,0.021746,0.02713,0.032661,0.03725,0.038736,0.041326,0.039682,0.037047,0.037119,0.036683,0.036386,0.03549,0.033936,0.032703,0.032386
0,0.0018993,0.0040443,0.0063639,0.0086857,0.011002,0.013141,0.01522,0.017264,0.019276,0.021204,0.023014,0.02497,0.027088,0.028524,0.028549,0.028108,0.028054,0.029253,0.031079,0.032836
0,0.0044521,0.0089414,0.013239,0.017363,0.022295,0.02813,0.031352,0.032412,0.032481,0.031215,0.031002,0.032739,0.035716,0.038668,0.041327,0.044024,0.046392,0.047584,0.048925,0.050976
0,0.0046082,0.0092845,0.012686,0.011356,0.012259,0.014287,0.017456,0.020974,0.02371,0.026068,0.027928,0.029526,0.031318,0.033533,0.035899,0.038304,0.040682,0.042849,0.04467,0.046192
0,0.0024469,0.0050679,0.0072247,0.00991,0.012045,0.0098406,0.0091173,0.009089,0.0092129,0.0092782,0.0092894,0.010012,0.012103,0.014778,0.01728,0.019166,0.020304,0.020987,0.021294,0.021684
0,0.0044941,0.0077171,0.0084295,0.010319,0.012416,0.015192,0.017318,0.019468,0.021763,0.022875,0.023559,0.024177,0.02494,0.026045,0.027078,0.027639,0.028145,0.028919,0.0302,0.031745
0,0.0013413,0.0026655,0.0039895,0.0052279,0.0064978,0.0079845,0.0097511,0.011636,0.012294,0.013642,0.014297,0.01484,0.015302,0.015866,0.016469,0.017096,0.017754,0.018548,0.019675,0.021145
0,0.0053273,0.010974,0.016536,0.021803,0.026604,0.030197,0.032934,0.032025,0.031884,0.033926,0.036114,0.037095,0.037381,0.036758,0.035924,0.035663,0.036326,0.037663,0.040392,0.043584
0,0.0027242,0.0055525,0.0083249,0.010977,0.01334,0.015588,0.017662,0.019866,0.021464,0.023692,0.02496,0.02541,0.026464,0.027512,0.029295,0.032209,0.034685,0.036312,0.035199,0.035172
0,0.0061242,0.012146,0.018223,0.024576,0.031424,0.037329,0.040422,0.040985,0.040496,0.039913,0.04039,0.041452,0.042219,0.043896,0.04452,0.045428,0.046405,0.047508,0.049225,0.051452
0,0.0045037,0.009411,0.011672,0.013015,0.014215,0.015256,0.016413,0.017857,0.019405,0.020894,0.022259,0.023736,0.027493,0.034014,0.035585,0.036314,0.036671,0.036057,0.0368,0.03854
0,0.0062826,0.012855,0.019409,0.025299,0.03107,0.03486,0.035833,0.033491,0.033406,0.033537,0.033867,0.034201,0.034675,0.035025,0.035089,0.035853,0.037192,0.039097,0.041383,0.043659
0,0.0048982,0.0094163,0.01351,0.017493,0.021486,0.024991,0.028118,0.031243,0.036569,0.042816,0.046796,0.047225,0.049866,0.050835,0.050683,0.050475,0.051042,0.052363,0.054355,0.056787
0,0.0022085,0.0043733,0.0061876,0.007956,0.010024,0.012438,0.015488,0.019325,0.022354,0.022687,0.020999,0.021062,0.021355,0.021799,0.021996,0.021909,0.023046,0.025472,0.028335,0.031592
0,0.0022697,0.0047641,0.0065451,0.0083816,0.0098686,0.011056,0.012152,0.012555,0.012407,0.012138,0.012167,0.012396,0.012688,0.012995,0.013605,0.014939,0.016882,0.018756,0.020729,0.022675
0,0.006244,0.0058235,0.0094929,0.012644,0.014392,0.015805,0.01695,0.018411,0.019627,0.020612,0.021427,0.022347,0.023322,0.024261,0.025098,0.025762,0.026369,0.026867,0.027331,0.027903
0,0.005889,0.010633,0.016119,0.014544,0.014381,0.016471,0.017225,0.01751,0.0176,0.017778,0.018348,0.019279,0.021044,0.023318,0.02602,0.028742,0.031406,0.033991,0.036731,0.039545
0,0.0032123,0.0058881,0.0074171,0.0087427,0.0099374,0.010917,0.011723,0.012359,0.012909,0.013397,0.013889,0.014414,0.014974,0.015566,0.016211,0.016941,0.017842,0.018858,0.020009,0.02124
0,0.0041575,0.0061931,0.0083329,0.010852,0.013623,0.015842,0.016956,0.017116,0.01708,0.017022,0.017225,0.017456,0.017931,0.018655,0.019383,0.019952,0.020528,0.021028,0.021722,0.022636
0,0.0032778,0.0066319,0.01005,0.01327,0.016124,0.018533,0.020597,0.02252,0.024709,0.027265,0.028153,0.028374,0.028601,0.029481,0.031618,0.034023,0.036408,0.038691,0.039725,0.040786
0,0.0046931,0.010396,0.017156,0.02556,0.034504,0.037783,0.036099,0.034564,0.032985,0.03419,0.037277,0.038315,0.038337,0.039712,0.041954,0.04392,0.044371,0.045385,0.047126,0.049723
0,0.0088703,0.0065755,0.0084962,0.0099363,0.011527,0.012945,0.014133,0.015493,0.017359,0.019708,0.01999,0.019858,0.020362,0.020328,0.019768,0.020083,0.020889,0.021866,0.023909,0.027393
0,0.002172,0.0043605,0.0043586,0.0061364,0.0078007,0.0079438,0.0084796,0.0089903,0.009668,0.010463,0.011383,0.012414,0.013759,0.015179,0.017051,0.018617,0.019805,0.020992,0.021892,0.022727
0,0.0025466,0.0050006,0.0075272,0.010135,0.012843,0.015389,0.017554,0.019485,0.02181,0.024145,0.026396,0.027629,0.029551,0.03078,0.03095,0.031955,0.031424,0.031878,0.032658,0.033006
0,0.0038841,0.0077862,0.011573,0.015793,0.021267,0.02566,0.026538,0.024052,0.024643,0.024991,0.025056,0.024872,0.024639,0.024743,0.024725,0.02583,0.026482,0.027059,0.028664,0.030408
0,0.0032913,0.0065602,0.0095639,0.012313,0.014776,0.017262,0.020103,0.022795,0.024808,0.025728,0.027054,0.028958,0.031158,0.033078,0.034579,0.037479,0.039869,0.042056,0.040623,0.03907
0,0.0046286,0.0094925,0.014574,0.0195,0.02406,0.029903,0.0368,0.041865,0.042842,0.043357,0.042831,0.043267,0.043121,0.044125,0.04506,0.045448,0.045528,0.045154,0.044777,0.045239
0,0.0036638,0.0073026,0.010331,0.012276,0.013097,0.014038,0.014768,0.015545,0.017048,0.01887,0.020923,0.022963,0.025311,0.027153,0.029167,0.031179,0.033395,0.036695,0.04009,0.044743
0,0.012076,0.020961,0.025931,0.026089,0.025491,0.027125,0.028588,0.030043,0.031337,0.032468,0.033772,0.035345,0.036692,0.037739,0.03848,0.038947,0.03945,0.039991,0.040509,0.041343
0,0.0035031,0.0068017,0.0098657,0.012548,0.015034,0.017444,0.019948,0.023169,0.025894,0.028447,0.032165,0.031798,0.035661,0.039873,0.044755,0.049174,0.052865,0.055936,0.059034,0.06194
0,0.0033839,0.0071702,0.010906,0.014231,0.016728,0.018331,0.020571,0.02192,0.022208,0.021791,0.021588,0.021774,0.022784,0.02428,0.025401,0.025831,0.026066,0.027021,0.029011,0.032499
0,0.003506,0.0066273,0.0092502,0.011921,0.01442,0.015546,0.014673,0.013856,0.01402,0.014368,0.01457,0.015951,0.01715,0.017906,0.018112,0.018097,0.017893,0.017879,0.018427,0.019888
0,0.0066368,0.011071,0.015122,0.019236,0.022568,0.025115,0.027763,0.030272,0.032936,0.035503,0.037988,0.040146,0.041963,0.04368,0.045494,0.047371,0.049386,0.051552,0.053708,0.056198
0,0.0056353,0.011357,0.016901,0.022458,0.023151,0.021496,0.023103,0.026335,0.028906,0.031511,0.034694,0.037782,0.040355,0.042505,0.044413,0.045988,0.047374,0.048706,0.049938,0.050939
0,0.0046033,0.0091672,0.013952,0.01832,0.022146,0.024549,0.025043,0.025254,0.026853,0.028463,0.029189,0.030427,0.03204,0.034326,0.036921,0.039833,0.042815,0.045613,0.04802,0.050165
0,0,0,0,0,0,0,0,0,0,0,0,0,0,0,0,0,0,0,0,0
0,0.0049573,0.0088109,0.011812,0.014023,0.017109,0.018796,0.01973,0.020354,0.020454,0.020278,0.019844,0.019687,0.019803,0.020229,0.020841,0.021494,0.022053,0.022666,0.023267,0.024575
0,0.0051672,0.010157,0.014818,0.019157,0.022878,0.026811,0.029884,0.031383,0.03303,0.034089,0.034551,0.034177,0.032859,0.032057,0.032357,0.033876,0.035514,0.036894,0.038829,0.041439
0,0.0040559,0.0080639,0.012429,0.016658,0.021033,0.025692,0.030941,0.036466,0.041235,0.044786,0.047282,0.048566,0.049645,0.050913,0.050142,0.049237,0.048929,0.048996,0.049132,0.049244
0,0.0039184,0.0079702,0.012194,0.016568,0.020505,0.024862,0.028092,0.029303,0.028156,0.027012,0.026862,0.027293,0.027916,0.029096,0.030393,0.031393,0.03279,0.034279,0.035958,0.037888
0,0.023443,0.016713,0.018166,0.021041,0.023162,0.024383,0.025606,0.027028,0.02835,0.029602,0.030658,0.031674,0.032524,0.033289,0.033927,0.03457,0.035252,0.035974,0.036884,0.037915
0,0.0046356,0.0072882,0.0090467,0.010716,0.012184,0.013748,0.015286,0.017021,0.018662,0.020454,0.021885,0.022596,0.022211,0.022348,0.023007,0.023939,0.025292,0.026465,0.026935,0.026234
0,0.0038587,0.008137,0.012195,0.015077,0.017002,0.018539,0.019023,0.021555,0.025463,0.028346,0.032143,0.031079,0.028576,0.02735,0.02667,0.02675,0.026953,0.027403,0.028463,0.030467
0,0.0031579,0.0063515,0.010525,0.011889,0.014186,0.015591,0.017037,0.017749,0.01835,0.018817,0.0194,0.019899,0.020454,0.021065,0.021581,0.022498,0.023566,0.02461,0.025909,0.027262
0,0.0046647,0.0096732,0.014921,0.021721,0.029461,0.036422,0.041875,0.0451,0.04654,0.04705,0.047289,0.048721,0.048417,0.048276,0.049721,0.052806,0.05879,0.065606,0.07268,0.079726
0,0.0020081,0.004173,0.0063581,0.0085647,0.011434,0.014394,0.017542,0.020152,0.022483,0.024377,0.026227,0.028131,0.027669,0.025743,0.025407,0.025508,0.026905,0.027836,0.029329,0.031282
0,0.0026469,0.0051656,0.007553,0.0097824,0.012016,0.01428,0.016712,0.019404,0.024089,0.025631,0.02532,0.024689,0.024621,0.024866,0.025406,0.026602,0.027739,0.02878,0.029653,0.031408
0,0.0035602,0.0082848,0.012339,0.014282,0.015582,0.017288,0.018579,0.019529,0.02057,0.021583,0.022605,0.023213,0.023755,0.024248,0.024901,0.025749,0.026919,0.02809,0.029416,0.030698
0,0.0056468,0.012869,0.022226,0.033152,0.043368,0.048907,0.051755,0.049458,0.045438,0.043037,0.041624,0.042401,0.045027,0.047404,0.049309,0.050798,0.052074,0.054036,0.057275,0.06094
0,0.0033011,0.005619,0.0071871,0.0082903,0.011353,0.015084,0.01566,0.015138,0.014453,0.014816,0.015021,0.015067,0.015726,0.016982,0.01927,0.022227,0.025593,0.02852,0.031383,0.033924
0,0.0039555,0.0079254,0.011737,0.0155,0.019249,0.022734,0.025809,0.028788,0.032152,0.036735,0.043756,0.051604,0.05318,0.05114,0.052015,0.052979,0.052659,0.052814,0.053672,0.054855
0,0.0055552,0.011903,0.01773,0.022056,0.027086,0.031858,0.034766,0.034996,0.034956,0.035177,0.035249,0.035814,0.037597,0.04086,0.0456,0.05211,0.059214,0.064341,0.067759,0.06967
0,0.0052578,0.010393,0.016157,0.021312,0.024188,0.026405,0.028867,0.030167,0.032708,0.036616,0.038131,0.038699,0.0394,0.040826,0.041875,0.041869,0.042383,0.04509,0.0492,0.054579
0,0.003435,0.0068567,0.010194,0.012888,0.015076,0.016781,0.017873,0.018833,0.018849,0.019277,0.020076,0.020413,0.021093,0.022855,0.024894,0.02675,0.028887,0.030902,0.03273,0.034361
0,0.0046529,0.0087741,0.012659,0.016197,0.019314,0.021649,0.023584,0.025535,0.027644,0.028977,0.029959,0.030183,0.029433,0.028775,0.027798,0.027727,0.028285,0.0292,0.029569,0.029414
0,0.0055336,0.011156,0.016623,0.021953,0.024571,0.02404,0.024142,0.025165,0.02644,0.027812,0.029408,0.031236,0.033245,0.035359,0.037375,0.039493,0.040933,0.042154,0.043565,0.046465
0,0.0032269,0.0066666,0.01007,0.012969,0.013936,0.016027,0.015925,0.013694,0.012489,0.014429,0.0185,0.022682,0.026303,0.028623,0.029864,0.030376,0.03078,0.031123,0.031551,0.03202
0,0.0027241,0.0054539,0.0079461,0.010603,0.013419,0.013659,0.01595,0.018255,0.019594,0.019866,0.020859,0.022631,0.02498,0.027643,0.030174,0.032572,0.034958,0.037426,0.039845,0.042018
0,0.0060051,0.012464,0.019323,0.02676,0.034263,0.040529,0.0476,0.0539,0.056526,0.056743,0.055966,0.054769,0.053811,0.052435,0.052924,0.054371,0.056407,0.059012,0.061958,0.064832
0,0.0020975,0.0041416,0.0061642,0.0081897,0.01022,0.01221,0.01432,0.01637,0.018358,0.020287,0.022084,0.024012,0.025464,0.026382,0.027201,0.029318,0.033119,0.038584,0.044842,0.040873
0,0.0058339,0.011381,0.010419,0.010501,0.011149,0.012371,0.013539,0.014718,0.016238,0.018011,0.0196,0.02096,0.022467,0.023766,0.024968,0.026227,0.027635,0.029427,0.031482,0.033713
0,0.0028391,0.0055269,0.0079962,0.010419,0.013211,0.015318,0.018119,0.021296,0.024539,0.027449,0.027655,0.02749,0.027434,0.027127,0.026004,0.025371,0.025744,0.027185,0.02977,0.033355
0,0.0025436,0.0052607,0.0082966,0.0097255,0.011008,0.012689,0.012724,0.012696,0.013021,0.013703,0.014118,0.014419,0.014899,0.015652,0.015757,0.015782,0.016292,0.016908,0.018014,0.02014
0,0.0009954,0.0022456,0.0032617,0.0038469,0.0047883,0.0061533,0.0071475,0.0073821,0.0075079,0.007745,0.0079963,0.0080218,0.0082766,0.0087079,0.0092279,0.0098218,0.010499,0.011221,0.012,0.012791
0,0.0043566,0.010046,0.013838,0.01826,0.020479,0.021646,0.022052,0.022143,0.022327,0.022413,0.022471,0.022388,0.022061,0.021876,0.021823,0.021665,0.021687,0.02228,0.02323,0.024384
0,0.0021328,0.0044905,0.0062681,0.008398,0.011915,0.013279,0.013065,0.012789,0.012857,0.01255,0.012422,0.012925,0.01382,0.014862,0.016247,0.017556,0.018391,0.019086,0.020234,0.021722
0,0.0034046,0.0062702,0.0098099,0.013404,0.017026,0.020248,0.023397,0.026083,0.028747,0.031642,0.034225,0.036878,0.039039,0.039716,0.039879,0.039793,0.037246,0.03729,0.03754,0.037083
0,0.0041925,0.0082393,0.012017,0.015632,0.019093,0.022278,0.025387,0.028281,0.030797,0.033198,0.035842,0.036531,0.036284,0.03737,0.03992,0.042617,0.044176,0.042943,0.04097,0.041422
0,0.0034822,0.0078483,0.014458,0.018776,0.015747,0.016057,0.01964,0.024297,0.028038,0.030299,0.031726,0.032508,0.033037,0.03352,0.034003,0.034504,0.034953,0.035624,0.036228,0.037009
0,0.0039047,0.0075149,0.010848,0.013939,0.016869,0.020475,0.023164,0.024648,0.025591,0.026491,0.02748,0.027874,0.028466,0.028682,0.02844,0.02884,0.031162,0.035199,0.040237,0.046622
0,0.0041427,0.0084776,0.012924,0.016489,0.018037,0.01898,0.021792,0.02502,0.02628,0.028132,0.029779,0.030509,0.031207,0.032429,0.033769,0.035298,0.037661,0.040924,0.044375,0.048578
0,0.0050678,0.01095,0.011441,0.011737,0.013127,0.014996,0.01726,0.019301,0.020756,0.022627,0.024882,0.027122,0.028982,0.03056,0.031626,0.032128,0.032231,0.032115,0.032214,0.03277
0,0.0034399,0.0069859,0.009444,0.011132,0.012351,0.013322,0.014281,0.015537,0.017184,0.018343,0.019256,0.021132,0.021837,0.022546,0.023889,0.026016,0.028513,0.030852,0.033253,0.035959
0,0.0031773,0.0065751,0.01065,0.014833,0.019062,0.023383,0.026677,0.02958,0.032268,0.034895,0.038045,0.039481,0.041301,0.044228,0.046814,0.047485,0.047516,0.046802,0.046819,0.047499
0,0.0049179,0.010155,0.015851,0.021674,0.026093,0.029864,0.03243,0.032918,0.033699,0.034392,0.034421,0.035021,0.03593,0.036268,0.036127,0.036808,0.037971,0.039659,0.042294,0.045564
0,0.002734,0.0057166,0.0088722,0.012968,0.018444,0.027011,0.038582,0.038101,0.036878,0.035718,0.034965,0.034171,0.033489,0.033462,0.034111,0.03539,0.036529,0.037588,0.038538,0.039092
0,0.0034215,0.0069217,0.010227,0.013271,0.016051,0.018702,0.021127,0.023393,0.025328,0.02707,0.028227,0.027688,0.025739,0.025714,0.024761,0.025987,0.028309,0.030366,0.030804,0.031416
0,0.0063682,0.012938,0.02028,0.024117,0.027776,0.028179,0.02863,0.03067,0.033397,0.036534,0.038395,0.041864,0.046446,0.051799,0.058552,0.064893,0.069353,0.074926,0.080021,0.085166
0,0.0032588,0.0034966,0.0041377,0.0047592,0.0057108,0.0065699,0.0072594,0.0084404,0.0095982,0.01053,0.011478,0.012074,0.012503,0.01288,0.013357,0.013806,0.014569,0.015606,0.016869,0.01855
0,0.0076475,0.014198,0.019145,0.024081,0.025843,0.028398,0.032119,0.036088,0.039129,0.042118,0.045368,0.048488,0.051051,0.053231,0.054878,0.056054,0.057064,0.05828,0.059569,0.06089
0,0.0047958,0.010136,0.016831,0.024881,0.030162,0.032396,0.032996,0.034756,0.036375,0.037479,0.038812,0.040476,0.04216,0.0436,0.044022,0.044494,0.045001,0.045705,0.046086,0.046777
0,0.0022941,0.0045886,0.0068554,0.0092333,0.010884,0.012505,0.012548,0.014003,0.015806,0.018313,0.020758,0.023971,0.02766,0.031009,0.033856,0.035462,0.036246,0.037031,0.038108,0.039171
0,0.0030104,0.0070606,0.012563,0.016011,0.019096,0.019457,0.020683,0.021225,0.022733,0.024819,0.02583,0.027217,0.02837,0.029405,0.029583,0.029507,0.029212,0.028985,0.028512,0.028554
0,0.0062585,0.01197,0.016383,0.020293,0.021309,0.022282,0.025186,0.028479,0.032038,0.034748,0.0368,0.038751,0.041424,0.043589,0.045823,0.047521,0.048997,0.050561,0.052359,0.054429
0,0.0058372,0.010279,0.015313,0.020376,0.025561,0.027305,0.030754,0.033867,0.036221,0.037864,0.039746,0.041348,0.043314,0.046139,0.04888,0.051326,0.053282,0.054862,0.056583,0.05862
0,0.003204,0.0067247,0.010581,0.014659,0.018838,0.023273,0.027983,0.033392,0.037272,0.039711,0.040506,0.042125,0.045096,0.045204,0.044217,0.043783,0.044497,0.045363,0.046405,0.04749
0,0.0042902,0.0066537,0.0090019,0.011391,0.013773,0.01618,0.018497,0.020037,0.02106,0.021345,0.021123,0.021277,0.021649,0.021856,0.021791,0.021972,0.022505,0.022907,0.023101,0.023444
0,0.0049436,0.010655,0.014532,0.012989,0.014265,0.016237,0.016931,0.017797,0.018861,0.020174,0.021231,0.022025,0.022142,0.022132,0.022435,0.022955,0.023767,0.024899,0.026394,0.028061
0,0.003977,0.0074906,0.010782,0.013918,0.017972,0.022874,0.027844,0.031845,0.035046,0.036949,0.037998,0.038761,0.038068,0.037281,0.038053,0.040106,0.041117,0.039536,0.035977,0.031982
0,0.0033028,0.0065215,0.010059,0.013096,0.015794,0.017492,0.019715,0.020427,0.021912,0.023072,0.024466,0.025952,0.027385,0.028464,0.029414,0.030054,0.029576,0.029345,0.029177,0.031143
0,0.0030374,0.0060663,0.0089183,0.011623,0.014133,0.016755,0.018932,0.020242,0.021558,0.022751,0.023124,0.022596,0.023016,0.023565,0.023112,0.023008,0.023056,0.022627,0.022283,0.022273
0,0.0052149,0.01065,0.016187,0.023459,0.031466,0.038723,0.041381,0.043533,0.044921,0.046936,0.049308,0.050225,0.049503,0.047915,0.047151,0.047614,0.048884,0.05127,0.053758,0.056457
0,0.0042116,0.0087023,0.013679,0.019065,0.022831,0.022579,0.022517,0.022179,0.022009,0.021674,0.021035,0.021619,0.022663,0.02352,0.02399,0.024289,0.024638,0.024939,0.025418,0.026491
0,0.0042226,0.0082313,0.012238,0.016263,0.020093,0.023568,0.02653,0.029512,0.03178,0.032662,0.033218,0.034213,0.035233,0.035771,0.035185,0.037145,0.039997,0.043729,0.05017,0.057056
0,0.0050793,0.0098458,0.013748,0.015997,0.015721,0.015014,0.015316,0.015862,0.017071,0.019022,0.020966,0.022446,0.022973,0.023744,0.025311,0.026415,0.027291,0.029567,0.03321,0.039978
0,0.0028257,0.0058262,0.0089127,0.012878,0.014957,0.01793,0.021172,0.026079,0.033307,0.038282,0.038645,0.037804,0.03628,0.035461,0.034401,0.033384,0.032422,0.031634,0.030752,0.030006
0,0.0036579,0.0082815,0.01406,0.012404,0.01174,0.013253,0.015686,0.018313,0.021047,0.023642,0.026126,0.028794,0.031394,0.033559,0.035035,0.035761,0.036253,0.037056,0.03791,0.03882
0,0.0049605,0.01036,0.015873,0.021125,0.025285,0.023655,0.021846,0.020321,0.018368,0.018032,0.018031,0.018021,0.018138,0.018191,0.018156,0.018443,0.019195,0.020125,0.021291,0.022689
0,0.0019376,0.002935,0.0040181,0.0050583,0.0060914,0.0068235,0.0079357,0.0092104,0.010365,0.01142,0.012352,0.013069,0.014019,0.014961,0.015825,0.016634,0.01725,0.017762,0.018462,0.019394
0,0.0039848,0.0082158,0.013084,0.019148,0.024738,0.028731,0.029926,0.031199,0.032851,0.0343,0.036039,0.037743,0.038822,0.040549,0.042594,0.045375,0.047333,0.047408,0.047763,0.048553
0,0.0043153,0.009945,0.015767,0.019659,0.019966,0.020393,0.022532,0.024133,0.026205,0.028567,0.030618,0.032465,0.034701,0.036374,0.03784,0.039366,0.040863,0.042243,0.043732,0.045375
0,0.0030784,0.0071258,0.011564,0.013993,0.015201,0.016125,0.017853,0.019591,0.020718,0.022067,0.024152,0.026752,0.027231,0.025088,0.024768,0.025387,0.026322,0.028648,0.032387,0.037077
0,0.004263,0.0095377,0.016218,0.017237,0.017933,0.012041,0.014346,0.016245,0.017178,0.017932,0.018757,0.019199,0.019398,0.019379,0.019554,0.020066,0.020719,0.02151,0.022575,0.023826
0,0.0057718,0.0093331,0.011956,0.01343,0.014666,0.015783,0.016688,0.017671,0.018507,0.018969,0.019281,0.019424,0.01926,0.018708,0.018372,0.018592,0.019634,0.022007,0.024966,0.027909
0,0.0031227,0.0066634,0.010827,0.014078,0.018084,0.021004,0.022969,0.024905,0.027158,0.029813,0.032673,0.035496,0.038445,0.041253,0.044001,0.046603,0.049066,0.051277,0.052958,0.054033
0,0.0056031,0.009533,0.013574,0.013859,0.014868,0.017609,0.020756,0.022864,0.02476,0.026365,0.027712,0.028683,0.029599,0.030304,0.030943,0.031907,0.033385,0.035132,0.037305,0.040025
0,0.0049665,0.0099859,0.016883,0.023957,0.028294,0.029835,0.030062,0.031186,0.033324,0.034337,0.035999,0.037377,0.039676,0.042065,0.045121,0.047944,0.050126,0.05136,0.052103,0.052852
0,0.0037095,0.0073884,0.011436,0.015862,0.020879,0.026445,0.033678,0.043329,0.046422,0.047151,0.046293,0.046096,0.047342,0.047686,0.047485,0.047805,0.049533,0.051173,0.0534,0.055944
0,0.0033317,0.0071502,0.0075991,0.0087587,0.010036,0.010712,0.011146,0.011547,0.012315,0.013155,0.013883,0.014157,0.014829,0.016172,0.017961,0.020028,0.022155,0.024143,0.026132,0.028122
0,0.0046559,0.0076347,0.010465,0.013881,0.015116,0.016133,0.016806,0.017263,0.01789,0.019047,0.020193,0.021418,0.022504,0.023229,0.024113,0.02504,0.025952,0.02738,0.028894,0.030711
0,0.0051746,0.010319,0.011407,0.014055,0.019294,0.023522,0.02796,0.032105,0.035438,0.037115,0.038611,0.040652,0.042737,0.045067,0.046983,0.04834,0.049072,0.049796,0.050777,0.052143
0,0.0063185,0.013667,0.01799,0.018121,0.017001,0.017039,0.018109,0.019726,0.019851,0.020187,0.020668,0.020999,0.0216,0.022852,0.024375,0.02636,0.028782,0.031235,0.033776,0.036626
0,0.0036171,0.0078594,0.014445,0.019615,0.021042,0.020714,0.020917,0.021802,0.022803,0.024631,0.026552,0.029045,0.031556,0.033566,0.035061,0.036646,0.038295,0.040352,0.042247,0.04457
0,0.0036321,0.0066552,0.0095105,0.013261,0.015998,0.017454,0.018557,0.018501,0.017837,0.018813,0.019855,0.020452,0.021103,0.021657,0.022082,0.02243,0.024148,0.027536,0.032452,0.038385
0,0.0048174,0.0091977,0.013333,0.017598,0.022867,0.02839,0.03291,0.03585,0.037052,0.03848,0.039077,0.04089,0.042823,0.043067,0.042643,0.042324,0.043678,0.047003,0.049627,0.051195
0,0.0029438,0.0064942,0.010815,0.015922,0.021243,0.022417,0.024796,0.024196,0.023487,0.022892,0.023291,0.024485,0.02496,0.025707,0.028037,0.031139,0.035166,0.038796,0.041761,0.044426
0,0.0034082,0.0064723,0.0093069,0.011997,0.014555,0.017209,0.020582,0.024879,0.024777,0.024511,0.024034,0.024086,0.024255,0.024316,0.024559,0.024969,0.025001,0.025003,0.025243,0.025309
0,0,0,0,0,0,0,0,0,0,0,0,0,0,0,0,0,0,0,0,0
0,0.0041173,0.0080795,0.011655,0.013995,0.015697,0.019279,0.022977,0.025065,0.026739,0.026772,0.026764,0.026046,0.025508,0.026,0.027261,0.02896,0.03132,0.033997,0.036655,0.039397
0,0.0033265,0.0069,0.010707,0.014376,0.018061,0.021873,0.026272,0.031223,0.036351,0.040569,0.043117,0.04462,0.044844,0.044285,0.043544,0.043718,0.044016,0.04264,0.039949,0.037249
0,0.0038871,0.0081204,0.012346,0.01646,0.01649,0.015941,0.016043,0.017706,0.019989,0.021762,0.02271,0.023,0.023386,0.024002,0.02466,0.025592,0.026077,0.026845,0.027477,0.028127
0,0.0020523,0.0039797,0.0057969,0.007735,0.0097505,0.011143,0.012512,0.014092,0.016161,0.018205,0.020659,0.022434,0.0226,0.023728,0.026219,0.029447,0.031996,0.034105,0.03616,0.038615
0,0.0044868,0.0091886,0.014449,0.020352,0.027194,0.033962,0.04134,0.044877,0.044051,0.044055,0.044948,0.044505,0.044718,0.045592,0.045164,0.043797,0.04239,0.041258,0.040882,0.041661
0,0.0063078,0.013463,0.018529,0.023293,0.027664,0.031733,0.036101,0.040458,0.045563,0.050221,0.052745,0.054272,0.053655,0.053811,0.055825,0.058755,0.061482,0.064427,0.067151,0.070472
0,0.0024111,0.0044247,0.0055397,0.0082158,0.013052,0.0096496,0.010392,0.011974,0.013478,0.014807,0.015666,0.01634,0.017035,0.017895,0.019146,0.020506,0.021831,0.023054,0.024123,0.025148
0,0.0027843,0.0055199,0.0081593,0.010817,0.013829,0.017219,0.020654,0.023132,0.024983,0.026291,0.02755,0.028725,0.030079,0.03295,0.036273,0.038006,0.041339,0.0448,0.046837,0.049376
0,0.0034545,0.0066489,0.0099496,0.012851,0.015493,0.018355,0.020829,0.022165,0.023081,0.024124,0.02512,0.02573,0.026703,0.028041,0.028283,0.02803,0.028993,0.030345,0.033507,0.038588
0,0.0022922,0.0046382,0.0071483,0.0098433,0.012669,0.015023,0.017013,0.018694,0.020413,0.0222,0.023943,0.025401,0.026204,0.02563,0.024767,0.023808,0.02282,0.021569,0.020049,0.021481
