0,0.040895,0.082346,0.12274,0.16382,0.20612,0.24959,0.29237,0.33442,0.37561,0.41529,0.46081,0.50423,0.55474,0.6069,0.66073,0.72657,0.8005,0.88161,0.90382,0.8221
0,0.055947,0.1108,0.16456,0.21453,0.26481,0.31528,0.36552,0.41667,0.46164,0.50061,0.53973,0.56996,0.59677,0.62272,0.65199,0.68269,0.72809,0.78942,0.79105,0.75436
0,0.072621,0.14496,0.21708,0.28811,0.35508,0.41927,0.48141,0.5372,0.58438,0.62614,0.66535,0.69506,0.72353,0.74902,0.77801,0.81706,0.86924,0.94232,0.98262,0.96109
0,0.057861,0.11466,0.17001,0.2229,0.27421,0.3228,0.37186,0.41889,0.4644,0.50571,0.54917,0.58993,0.63439,0.68457,0.73993,0.81674,0.89663,0.98078,0.99029,0.9056
0,0.028303,0.056005,0.082834,0.10946,0.13521,0.16124,0.18843,0.21452,0.23963,0.26479,0.29701,0.33283,0.37665,0.43046,0.49559,0.56156,0.61599,0.67446,0.69498,0.66815
0,0.043856,0.085778,0.12749,0.17003,0.21166,0.25067,0.28891,0.32408,0.35728,0.38856,0.42394,0.45445,0.48735,0.53035,0.57917,0.63113,0.68001,0.74324,0.77307,0.72797
0,0.054103,0.10766,0.16034,0.21115,0.26046,0.31227,0.36219,0.41298,0.46544,0.51542,0.55982,0.5894,0.61409,0.63987,0.66411,0.68751,0.71971,0.77541,0.78535,0.73333
0,0.070917,0.14026,0.20703,0.27006,0.33017,0.38719,0.44285,0.49381,0.53505,0.57023,0.6061,0.64157,0.67856,0.70956,0.73565,0.76981,0.82063,0.90206,0.95067,0.91263
0,0.063185,0.1241,0.18259,0.24176,0.30031,0.35737,0.4128,0.46401,0.51009,0.55273,0.59444,0.63278,0.68095,0.73745,0.81171,0.92407,1.02,1.1008,1.0983,0.98228
0,0.032427,0.064094,0.093768,0.12195,0.15075,0.18094,0.20993,0.23912,0.26852,0.29585,0.32381,0.35064,0.37961,0.41479,0.4544,0.49516,0.54059,0.5849,0.60212,0.59328
0,0.051082,0.099786,0.14507,0.18699,0.22526,0.26301,0.30083,0.33512,0.36367,0.39404,0.43314,0.47377,0.51929,0.56191,0.6131,0.67355,0.73411,0.7974,0.80039,0.72389
0,0.055501,0.10961,0.16144,0.21301,0.26197,0.31085,0.36004,0.4091,0.45344,0.48813,0.51708,0.53807,0.5532,0.57004,0.59404,0.61909,0.65587,0.6964,0.69243,0.6607
0,0.069565,0.1402,0.21131,0.27902,0.34314,0.40567,0.46404,0.51846,0.56678,0.60324,0.63432,0.6594,0.68637,0.71006,0.72648,0.74868,0.79448,0.85981,0.89282,0.87243
0,0.05616,0.11169,0.16648,0.21845,0.2684,0.3148,0.35938,0.40455,0.44631,0.48607,0.52432,0.55572,0.58817,0.6285,0.69049,0.7837,0.86769,0.92276,0.91271,0.81099
0,0.031779,0.06325,0.09436,0.12508,0.15441,0.18317,0.20954,0.23563,0.26145,0.28968,0.32304,0.35544,0.39059,0.4286,0.47614,0.52683,0.57767,0.63519,0.66325,0.6435
0,0.044738,0.088792,0.13143,0.17198,0.20965,0.24562,0.28139,0.31355,0.34307,0.3684,0.39375,0.41911,0.44697,0.48013,0.52655,0.58346,0.65111,0.72383,0.73572,0.68315
0,0.056621,0.11385,0.17039,0.22754,0.28266,0.33511,0.3859,0.43693,0.48612,0.53011,0.56796,0.59287,0.61563,0.63458,0.65326,0.65672,0.66897,0.70346,0.70245,0.65174
0,0.068255,0.13434,0.19843,0.26144,0.32347,0.38616,0.44849,0.50975,0.5617,0.60268,0.64324,0.67742,0.70521,0.72452,0.7391,0.76193,0.79749,0.85072,0.88511,0.86149
0,0.052086,0.1036,0.1543,0.20388,0.25204,0.29882,0.34492,0.39256,0.43855,0.4835,0.53156,0.57869,0.63351,0.70085,0.7913,0.89319,0.9664,1.0063,0.99539,0.87679
0,0.029998,0.058899,0.08698,0.11549,0.14394,0.17277,0.20327,0.233,0.26156,0.28906,0.31654,0.34323,0.36824,0.39638,0.43596,0.48379,0.54426,0.6,0.61361,0.57757
0,0.045406,0.090911,0.13492,0.17544,0.21501,0.25422,0.29019,0.3267,0.36041,0.38976,0.42008,0.4453,0.4677,0.4865,0.52475,0.582,0.63804,0.70336,0.7121,0.6489
0,0.055214,0.11026,0.16466,0.21753,0.26825,0.31823,0.36612,0.41408,0.45804,0.49497,0.52697,0.55139,0.57288,0.59504,0.61644,0.62166,0.62131,0.6366,0.64245,0.60552
0,0.072818,0.14224,0.21195,0.27986,0.34352,0.40635,0.46361,0.51843,0.56888,0.61366,0.65425,0.69035,0.72356,0.74661,0.76515,0.79318,0.83379,0.89905,0.93293,0.92628
0,0.053042,0.10566,0.15825,0.20919,0.25995,0.31065,0.36124,0.41414,0.46669,0.51526,0.56204,0.60028,0.63619,0.68405,0.74889,0.83542,0.91983,0.96521,0.94882,0.84576
0,0.031235,0.061056,0.090396,0.11995,0.14927,0.17872,0.2078,0.23495,0.26161,0.28967,0.31921,0.3467,0.3726,0.39712,0.42291,0.44989,0.49069,0.54307,0.57096,0.5591
0,0.041849,0.083438,0.12466,0.1642,0.2024,0.23939,0.27578,0.31499,0.35361,0.3933,0.43981,0.48351,0.52756,0.57988,0.63918,0.70513,0.77605,0.85686,0.88202,0.81649
0,0.055009,0.10773,0.1599,0.21076,0.26241,0.31529,0.36614,0.41224,0.45403,0.49313,0.53829,0.57746,0.61377,0.64361,0.68066,0.72958,0.78321,0.84814,0.8611,0.81428
0,0.065362,0.12955,0.1928,0.25472,0.3148,0.37338,0.43109,0.48867,0.54325,0.59542,0.64271,0.68102,0.71617,0.74126,0.76162,0.77899,0.80359,0.85846,0.87962,0.84159
0,0.058334,0.11351,0.1666,0.21859,0.2693,0.31741,0.36499,0.41068,0.4525,0.48782,0.52591,0.56382,0.5974,0.63291,0.67636,0.72516,0.77769,0.84232,0.86641,0.83402
0,0.02906,0.05761,0.085729,0.11295,0.13985,0.16679,0.19329,0.22157,0.25038,0.28205,0.32169,0.36513,0.41353,0.46528,0.51999,0.5739,0.63539,0.69798,0.71525,0.68342
0,0.045778,0.089307,0.13196,0.17182,0.20945,0.24433,0.27566,0.30588,0.33706,0.36734,0.4005,0.43092,0.46089,0.49922,0.54069,0.5792,0.62126,0.68506,0.71282,0.70232
0,0.055936,0.11153,0.16692,0.22036,0.27142,0.32246,0.37416,0.43171,0.48572,0.53719,0.59465,0.64465,0.68369,0.71954,0.75798,0.80361,0.85259,0.91401,0.91695,0.83067
0,0.066872,0.1323,0.19413,0.25462,0.31447,0.37271,0.42903,0.48498,0.53674,0.58908,0.63985,0.68084,0.71325,0.73213,0.74533,0.74971,0.76199,0.81653,0.84543,0.81049
0,0.065772,0.12941,0.19059,0.24881,0.30461,0.35852,0.4112,0.4595,0.50414,0.54424,0.59018,0.63277,0.66851,0.69838,0.7359,0.79361,0.87608,0.95614,0.96342,0.88657
0,0.029193,0.057764,0.085531,0.11272,0.1393,0.16572,0.19291,0.22355,0.2541,0.28545,0.32039,0.35758,0.39077,0.42223,0.45377,0.48699,0.52912,0.58087,0.59898,0.57267
0,0.049791,0.097566,0.14231,0.18285,0.21994,0.25332,0.28326,0.31017,0.33508,0.36249,0.39438,0.42936,0.46694,0.50555,0.54537,0.58888,0.63723,0.69485,0.71139,0.66012
0,0.054723,0.10743,0.15877,0.20819,0.25605,0.30364,0.35104,0.39719,0.43956,0.47864,0.51514,0.54546,0.56951,0.59082,0.62156,0.66447,0.70772,0.76297,0.75681,0.69598
0,0.064365,0.1297,0.19278,0.25571,0.31738,0.37737,0.43438,0.49153,0.54183,0.58687,0.63046,0.663,0.68907,0.71474,0.7368,0.74708,0.76672,0.8124,0.82512,0.78067
0,0.060283,0.11657,0.16967,0.2223,0.27316,0.32426,0.37612,0.42931,0.47698,0.51989,0.563,0.60312,0.64649,0.68914,0.72824,0.7754,0.82272,0.88928,0.90298,0.83667
0,0.030918,0.062,0.092041,0.12094,0.1495,0.17824,0.20661,0.23622,0.26596,0.29771,0.33445,0.37103,0.40286,0.43536,0.47423,0.51696,0.5645,0.61824,0.63639,0.60774
0,0.043678,0.086292,0.12673,0.16407,0.19982,0.23232,0.26157,0.28932,0.31444,0.33998,0.36831,0.39681,0.42461,0.45289,0.48776,0.53456,0.5884,0.65504,0.68283,0.65136
0,0.060593,0.12024,0.17889,0.23466,0.28756,0.33844,0.38824,0.43813,0.48708,0.53768,0.58865,0.62716,0.65605,0.67744,0.69923,0.72146,0.747,0.78978,0.77649,0.69861
0,0.059624,0.11847,0.17389,0.22825,0.28325,0.33766,0.39218,0.44722,0.49978,0.55142,0.60427,0.64692,0.68725,0.71329,0.73001,0.73441,0.7457,0.775,0.78258,0.74787
0,0.056779,0.11424,0.16903,0.22143,0.27085,0.32189,0.37289,0.42153,0.46669,0.51301,0.56378,0.60874,0.6557,0.69888,0.74439,0.80753,0.86596,0.90799,0.90197,0.79261
0,0.029192,0.057735,0.086543,0.1142,0.14128,0.16595,0.19017,0.21478,0.2386,0.26251,0.28796,0.31291,0.3382,0.36705,0.40838,0.45666,0.5119,0.56981,0.59806,0.56181
0,0.044375,0.087709,0.12832,0.1645,0.19834,0.2311,0.26408,0.29507,0.3238,0.35409,0.38785,0.41892,0.44507,0.46981,0.50186,0.5483,0.60855,0.67199,0.68367,0.61902
0,0.055071,0.10922,0.16162,0.21174,0.2593,0.30659,0.35236,0.39707,0.4423,0.48671,0.53162,0.56779,0.59709,0.62243,0.64114,0.65373,0.66197,0.68777,0.68168,0.6287
0,0.064752,0.12634,0.18464,0.24029,0.29394,0.34707,0.40179,0.45517,0.50383,0.55028,0.60056,0.64884,0.68665,0.71533,0.735,0.74332,0.75375,0.79328,0.81524,0.78742
0,0.057475,0.11188,0.16545,0.21852,0.26933,0.31937,0.37002,0.41925,0.47047,0.52299,0.57396,0.61597,0.64881,0.6766,0.71744,0.77618,0.83682,0.87725,0.87014,0.7801
0,0.034123,0.06653,0.098397,0.12894,0.15986,0.19064,0.22197,0.25293,0.28218,0.3087,0.33546,0.3589,0.38184,0.40616,0.43449,0.46919,0.51902,0.57034,0.58711,0.58642
0,0.04268,0.083823,0.12246,0.1605,0.20019,0.23909,0.28019,0.32304,0.36537,0.41337,0.476,0.5404,0.60112,0.65626,0.71661,0.78451,0.84493,0.91193,0.9044,0.82005
0,0.055128,0.10866,0.16037,0.2111,0.26126,0.31051,0.3588,0.40488,0.44767,0.48671,0.52296,0.55292,0.57916,0.61243,0.65902,0.72023,0.79515,0.86858,0.89824,0.85438
0,0.070968,0.13961,0.20655,0.27118,0.33627,0.39981,0.45935,0.51607,0.56657,0.61193,0.65084,0.67613,0.6965,0.71404,0.7335,0.75143,0.77577,0.8307,0.86227,0.83685
0,0.072344,0.14036,0.20433,0.26414,0.31881,0.36874,0.41701,0.46574,0.50787,0.54858,0.58746,0.6203,0.65709,0.69585,0.75039,0.81279,0.88251,0.95193,0.98151,1.007
0,0.030221,0.060097,0.090979,0.12261,0.15211,0.18076,0.2089,0.23647,0.2636,0.29312,0.32796,0.36734,0.4153,0.46959,0.52921,0.59316,0.66136,0.72574,0.74629,0.72767
0,0.04522,0.089207,0.13103,0.17102,0.21112,0.2487,0.28633,0.32253,0.3579,0.39879,0.44245,0.48534,0.52748,0.57027,0.61429,0.65635,0.69267,0.74849,0.74283,0.6903
0,0.048933,0.099292,0.15024,0.19923,0.24778,0.29613,0.34251,0.39072,0.44025,0.49047,0.54136,0.58369,0.62599,0.66896,0.72948,0.79401,0.86152,0.93185,0.94767,0.87656
0,0.068753,0.13771,0.20491,0.27163,0.33476,0.39578,0.45465,0.50919,0.55963,0.60475,0.64676,0.67717,0.69526,0.70646,0.71575,0.72114,0.72617,0.77644,0.81023,0.78117
0,0.075641,0.14968,0.222,0.28926,0.35211,0.41098,0.46297,0.51178,0.55939,0.60489,0.64924,0.68691,0.72363,0.76031,0.80781,0.87529,0.9467,1.0086,1.0334,1.0411
0,0.03231,0.064775,0.096043,0.12685,0.15685,0.18659,0.21721,0.24837,0.27787,0.30577,0.33739,0.37028,0.40037,0.43087,0.46411,0.50152,0.54648,0.59129,0.60135,0.59656
0,0.048394,0.096614,0.14207,0.18651,0.22819,0.26474,0.29519,0.32343,0.35217,0.38797,0.42952,0.47422,0.52065,0.55977,0.59357,0.63336,0.68487,0.73249,0.72097,0.65416
0,0.051057,0.10052,0.14805,0.19534,0.24266,0.28945,0.33478,0.37789,0.41882,0.45616,0.49209,0.52031,0.54127,0.56615,0.61108,0.65911,0.71501,0.77588,0.78111,0.72159
0,0.065781,0.13208,0.19651,0.2611,0.32446,0.38492,0.44339,0.49952,0.54659,0.58981,0.63231,0.65996,0.68222,0.69899,0.7153,0.72332,0.73635,0.78072,0.80466,0.77118
0,0.075761,0.14967,0.21757,0.28177,0.33985,0.39008,0.4318,0.47325,0.51411,0.55702,0.60072,0.64235,0.69042,0.73368,0.78214,0.8509,0.91441,0.97677,1.0239,1.0619
0,0.031241,0.06396,0.09593,0.12664,0.15621,0.18559,0.21309,0.24064,0.26773,0.2939,0.32357,0.35251,0.3845,0.42089,0.46229,0.50576,0.55603,0.61233,0.63056,0.62011
0,0.045424,0.088164,0.12816,0.167,0.2024,0.23276,0.26057,0.28738,0.31091,0.33443,0.36225,0.39415,0.42645,0.46025,0.49681,0.54126,0.59102,0.66089,0.66896,0.61907
0,0.058204,0.11599,0.17177,0.22467,0.27706,0.32858,0.37901,0.43035,0.47795,0.52257,0.56961,0.6023,0.62591,0.65253,0.69114,0.72719,0.75977,0.8071,0.80627,0.72529
0,0.063957,0.12732,0.18869,0.24983,0.3094,0.3681,0.42652,0.48669,0.54423,0.59606,0.64672,0.68455,0.71213,0.72965,0.73881,0.73804,0.73986,0.76647,0.7842,0.75063
0,0.071871,0.13957,0.20325,0.26161,0.31473,0.36393,0.40942,0.45612,0.50105,0.54717,0.59838,0.65444,0.70797,0.76277,0.82715,0.88443,0.92045,0.95274,0.95657,0.92965
0,0.032227,0.065908,0.098664,0.12953,0.1583,0.18576,0.21339,0.24085,0.26661,0.28807,0.30895,0.32838,0.35018,0.37882,0.42109,0.46961,0.53041,0.58713,0.60799,0.58859
0,0.046555,0.091155,0.13365,0.17356,0.21104,0.24715,0.28277,0.31739,0.3511,0.38451,0.41876,0.44992,0.47413,0.49137,0.51771,0.56601,0.6175,0.69556,0.70337,0.60501
0,0.053387,0.10543,0.15766,0.2087,0.25987,0.31028,0.36198,0.41341,0.45972,0.50116,0.54287,0.57552,0.60195,0.62925,0.66371,0.68619,0.70488,0.73405,0.72834,0.67526
0,0.070606,0.13982,0.20893,0.27565,0.3418,0.40463,0.46304,0.52133,0.57731,0.62993,0.67858,0.71622,0.7489,0.77178,0.78796,0.80328,0.81316,0.84423,0.87208,0.86989
0,0.071619,0.14096,0.20635,0.26975,0.32896,0.38684,0.4417,0.49466,0.54758,0.6048,0.66179,0.71562,0.76427,0.80403,0.8582,0.91691,0.97102,0.99862,0.99267,0.95163
0,0.035045,0.069891,0.10254,0.13288,0.16205,0.19165,0.22042,0.24931,0.27843,0.30518,0.33042,0.3533,0.37736,0.40084,0.42582,0.45765,0.50073,0.54563,0.56882,0.57775
0,0.042483,0.083941,0.12508,0.16627,0.20573,0.24513,0.28547,0.32719,0.36895,0.41301,0.46364,0.5172,0.5686,0.62909,0.70549,0.78568,0.87266,0.93853,0.94583,0.87945
0,0.053082,0.10496,0.15513,0.2043,0.25174,0.29912,0.34559,0.39133,0.43624,0.48035,0.52785,0.56386,0.59551,0.62807,0.66859,0.71939,0.7875,0.8646,0.88187,0.87417
0,0.068564,0.13509,0.19817,0.25859,0.31451,0.36863,0.41901,0.46589,0.51215,0.55673,0.60034,0.6338,0.65323,0.66918,0.69099,0.71667,0.75878,0.82846,0.85319,0.85823
0,0.065183,0.12804,0.18928,0.24763,0.3036,0.35812,0.41151,0.46401,0.50964,0.55187,0.58722,0.61698,0.64301,0.6746,0.72213,0.77913,0.84682,0.91642,0.95465,0.95471
0,0.033649,0.064506,0.093352,0.12111,0.14997,0.17797,0.20439,0.23205,0.25939,0.28969,0.3292,0.37504,0.42011,0.46222,0.51092,0.56587,0.62679,0.67812,0.68807,0.68687
0,0.047253,0.093727,0.13706,0.17725,0.21498,0.24948,0.28129,0.31476,0.34785,0.38107,0.41851,0.45733,0.49279,0.53438,0.58557,0.64339,0.7065,0.76024,0.76254,0.72726
0,0.051531,0.10328,0.15382,0.20369,0.25161,0.29726,0.34271,0.39103,0.44257,0.49426,0.5545,0.60436,0.64521,0.68055,0.73227,0.79508,0.8694,0.9599,0.98778,0.96121
0,0.069514,0.13953,0.20851,0.2755,0.34037,0.40096,0.45225,0.50181,0.55046,0.59611,0.64183,0.67649,0.69728,0.7098,0.71987,0.73206,0.75221,0.80883,0.83352,0.84413
0,0.060497,0.11929,0.1772,0.23534,0.29296,0.34959,0.40331,0.45165,0.49461,0.53352,0.57421,0.60585,0.63749,0.67413,0.72194,0.78556,0.85141,0.91342,0.93686,0.92972
0,0.033459,0.065783,0.097082,0.12691,0.15566,0.18411,0.21274,0.23984,0.26887,0.29911,0.33217,0.36419,0.39477,0.4246,0.45669,0.49115,0.53578,0.58798,0.60447,0.60585
0,0.052323,0.10265,0.14913,0.19264,0.23128,0.26898,0.3035,0.33672,0.36798,0.39772,0.42996,0.46425,0.50465,0.54188,0.57859,0.63083,0.69094,0.74976,0.74392,0.68794
0,0.053875,0.10545,0.15512,0.20459,0.25225,0.29968,0.34327,0.38766,0.42692,0.46463,0.50596,0.54113,0.5688,0.59426,0.63607,0.6846,0.74484,0.80217,0.80641,0.79617
0,0.066049,0.12931,0.19186,0.25368,0.31196,0.36653,0.41987,0.47014,0.5154,0.55591,0.59526,0.6208,0.63764,0.65437,0.67841,0.70537,0.73224,0.77547,0.78919,0.79152
0,0.066716,0.12817,0.18803,0.24752,0.30679,0.36171,0.41111,0.45607,0.49622,0.53135,0.5665,0.5988,0.63347,0.6696,0.71299,0.75323,0.79706,0.86404,0.9231,0.95035
0,0.032869,0.064534,0.094799,0.12567,0.15587,0.1848,0.21285,0.24121,0.2695,0.30012,0.33623,0.37171,0.40397,0.43779,0.47902,0.52533,0.57634,0.62415,0.6341,0.62814
0,0.046068,0.090109,0.13263,0.17231,0.20811,0.24044,0.26923,0.29649,0.32123,0.34113,0.361,0.38182,0.40594,0.43295,0.47076,0.52077,0.58629,0.65648,0.67203,0.64193
0,0.058769,0.11683,0.17326,0.22522,0.27518,0.32546,0.37069,0.4187,0.46753,0.5207,0.58116,0.62738,0.65814,0.68842,0.73421,0.77834,0.82154,0.87468,0.86583,0.80192
0,0.06452,0.13026,0.1942,0.25637,0.31506,0.37109,0.42513,0.47989,0.53056,0.57838,0.62596,0.66121,0.68974,0.70974,0.72124,0.73465,0.75461,0.78544,0.79278,0.77815
0,0.058189,0.11414,0.16706,0.21716,0.26488,0.31134,0.35716,0.40491,0.45283,0.50047,0.5538,0.60295,0.65017,0.69744,0.74591,0.78788,0.82396,0.86738,0.8838,0.84062
0,0.036735,0.071845,0.10574,0.13707,0.16601,0.19482,0.22301,0.25009,0.27777,0.30307,0.32372,0.34354,0.36514,0.39296,0.42793,0.47232,0.52532,0.57921,0.589,0.5655
0,0.047231,0.094361,0.1376,0.17778,0.21594,0.25379,0.2887,0.32184,0.35384,0.38221,0.40854,0.43235,0.45233,0.46984,0.50502,0.55671,0.61746,0.69919,0.72016,0.64834
0,0.052341,0.1027,0.15227,0.19963,0.24553,0.29203,0.34102,0.39065,0.4381,0.48518,0.53449,0.57012,0.59677,0.61985,0.65165,0.68447,0.70711,0.74924,0.75238,0.73922
0,0.075755,0.14807,0.21667,0.28115,0.33978,0.39437,0.44918,0.50231,0.55389,0.6031,0.64789,0.68271,0.71124,0.73415,0.75644,0.77391,0.78336,0.81278,0.84723,0.8735
0,0.062352,0.12112,0.17877,0.23571,0.29038,0.34357,0.39576,0.44569,0.4919,0.53818,0.58569,0.62733,0.67185,0.71753,0.76696,0.81393,0.85335,0.89791,0.91374,0.86366
0,0.032726,0.064805,0.095301,0.12598,0.15757,0.18822,0.22047,0.25189,0.28192,0.31162,0.3414,0.3697,0.39655,0.42571,0.45888,0.4982,0.55304,0.6041,0.61827,0.62018
0,0.04643,0.091067,0.13276,0.17386,0.21365,0.25491,0.29729,0.34086,0.38517,0.43127,0.48552,0.53403,0.58589,0.64305,0.71276,0.78725,0.87441,0.9576,0.98703,0.94544
0,0.054335,0.1092,0.16109,0.2121,0.25967,0.30453,0.34371,0.38275,0.41921,0.45092,0.48661,0.51756,0.54877,0.59204,0.65749,0.7369,0.83642,0.94519,0.98399,0.9512
0,0.067419,0.13415,0.19962,0.26267,0.32394,0.38355,0.44095,0.49927,0.55091,0.59581,0.6358,0.65865,0.67244,0.68694,0.71188,0.74882,0.81092,0.89549,0.92566,0.9092
0,0.069947,0.13937,0.20754,0.2748,0.34108,0.40528,0.46677,0.5252,0.57541,0.62156,0.66446,0.69612,0.722,0.74189,0.78003,0.84187,0.92284,1.0055,1.0705,1.0843
0,0.030287,0.06034,0.091222,0.12128,0.15047,0.17868,0.20658,0.23471,0.26228,0.29176,0.32741,0.36607,0.41168,0.46612,0.53182,0.60354,0.67504,0.74234,0.76941,0.75154
0,0.045044,0.090542,0.13638,0.1825,0.22786,0.27076,0.31021,0.34709,0.38177,0.41784,0.4607,0.50377,0.5398,0.57612,0.62219,0.6761,0.73715,0.80944,0.82265,0.78469
0,0.044616,0.090211,0.13627,0.18203,0.22692,0.2699,0.31122,0.35535,0.40051,0.44764,0.50179,0.54617,0.58977,0.65261,0.7388,0.83071,0.91843,1.0002,1.018,0.93715
0,0.068771,0.13875,0.2071,0.27485,0.33982,0.40183,0.46129,0.52219,0.58022,0.63248,0.68099,0.70959,0.72164,0.72448,0.73639,0.76165,0.8108,0.88827,0.92323,0.91575
0,0.073845,0.14714,0.21715,0.28508,0.3508,0.41363,0.47709,0.53651,0.58876,0.64021,0.68663,0.7191,0.74834,0.78233,0.83409,0.89941,0.96866,1.0344,1.0831,1.0928
0,0.03241,0.064166,0.093879,0.12257,0.15045,0.17939,0.20674,0.2352,0.26297,0.29033,0.32283,0.35589,0.39038,0.42195,0.46122,0.50345,0.55521,0.60425,0.6193,0.61936
0,0.049495,0.098056,0.14432,0.18729,0.22814,0.26699,0.30386,0.33888,0.37138,0.40615,0.44585,0.48652,0.52834,0.56387,0.60728,0.6665,0.73292,0.81077,0.80955,0.75075
0,0.047969,0.094446,0.13973,0.18524,0.22927,0.27059,0.31,0.34758,0.3797,0.4107,0.44279,0.47141,0.49569,0.53185,0.59168,0.65657,0.73647,0.82567,0.83775,0.77217
0,0.070024,0.13992,0.20588,0.27213,0.33578,0.39698,0.45845,0.51915,0.57545,0.62253,0.6646,0.68868,0.70714,0.72428,0.74615,0.76852,0.81067,0.86893,0.88679,0.87244
0,0.075411,0.14784,0.21716,0.28518,0.35003,0.41302,0.4707,0.52326,0.57208,0.61951,0.67029,0.71406,0.75271,0.79299,0.8402,0.89537,0.95681,1.0471,1.1291,1.1432
0,0.0327,0.064826,0.096319,0.12768,0.15764,0.18759,0.21537,0.24286,0.26987,0.29612,0.32742,0.35789,0.38996,0.42135,0.46373,0.51347,0.57175,0.63304,0.65305,0.63991
0,0.04252,0.084112,0.12501,0.16495,0.20467,0.24308,0.28082,0.31406,0.3393,0.36,0.37965,0.39753,0.41561,0.44003,0.48058,0.53753,0.61774,0.7186,0.74604,0.7115
0,0.053141,0.10464,0.15604,0.20669,0.25446,0.30006,0.34152,0.38367,0.42567,0.46235,0.49793,0.52557,0.555,0.59323,0.64417,0.69705,0.76676,0.84001,0.83202,0.74548
0,0.066246,0.13039,0.19366,0.25739,0.32086,0.38483,0.44867,0.51157,0.56853,0.62438,0.6761,0.71083,0.74124,0.76582,0.79219,0.81598,0.8429,0.8855,0.89762,0.86869
0,0.067002,0.1312,0.19422,0.25412,0.30948,0.35972,0.41068,0.46451,0.5218,0.58317,0.64804,0.70495,0.7532,0.79562,0.8461,0.90214,0.93957,0.97917,1.0061,0.98283
0,0.032383,0.064928,0.097393,0.12787,0.15782,0.18644,0.21504,0.24453,0.27394,0.30113,0.32783,0.35164,0.37591,0.40436,0.44639,0.49623,0.55953,0.61901,0.64396,0.61794
0,0.047899,0.095475,0.14133,0.18438,0.22328,0.26154,0.30013,0.33734,0.37261,0.40358,0.43495,0.45781,0.4771,0.50373,0.54873,0.60559,0.68787,0.80232,0.82323,0.72072
0,0.048958,0.098384,0.1456,0.19299,0.24063,0.28707,0.33093,0.37534,0.41679,0.45638,0.49455,0.52574,0.55244,0.58714,0.62608,0.6611,0.70806,0.76933,0.76863,0.72589
0,0.071038,0.1445,0.21719,0.28886,0.36119,0.43252,0.50069,0.56659,0.6269,0.68302,0.73378,0.76741,0.79081,0.80576,0.81883,0.83854,0.8569,0.89913,0.92052,0.89463
0,0.072641,0.14105,0.2071,0.26992,0.32963,0.38617,0.44366,0.50405,0.56177,0.6179,0.67731,0.72549,0.76586,0.81002,0.8631,0.91997,0.96132,1.0025,1.0292,1.0052
0,0.03398,0.068182,0.10088,0.1321,0.16159,0.18928,0.21686,0.24464,0.27351,0.30122,0.32926,0.3568,0.38709,0.41651,0.44449,0.48571,0.54604,0.62993,0.68869,0.70037
0,0.040672,0.082019,0.12329,0.16652,0.21131,0.25673,0.29936,0.33967,0.37518,0.40724,0.43924,0.46911,0.49755,0.52732,0.56992,0.63018,0.69926,0.76941,0.78911,0.76174
0,0.057863,0.11337,0.16661,0.21779,0.26749,0.31392,0.35501,0.39089,0.42111,0.449,0.47433,0.49935,0.52509,0.55342,0.58193,0.61359,0.65611,0.72593,0.81167,0.82401
0,0.067346,0.13274,0.19565,0.25659,0.31702,0.37578,0.42964,0.47766,0.51944,0.55928,0.5989,0.63162,0.66574,0.70668,0.75403,0.79989,0.84387,0.90789,0.96584,0.98778
0,0.06468,0.12822,0.18884,0.24731,0.30493,0.35974,0.41415,0.46745,0.51916,0.57387,0.63316,0.69229,0.74761,0.80137,0.86532,0.93469,0.99186,1.0175,0.99618,0.90253
0,0.029482,0.058348,0.086017,0.11281,0.13932,0.16511,0.18934,0.21247,0.23608,0.26224,0.29244,0.31599,0.33839,0.36044,0.39132,0.44084,0.51895,0.61363,0.6712,0.67546
0,0.043779,0.08662,0.12978,0.17268,0.21631,0.25825,0.29689,0.33036,0.35954,0.38484,0.40877,0.43001,0.45007,0.477,0.50915,0.56567,0.63658,0.70306,0.74695,0.75716
0,0.055161,0.10873,0.15988,0.21063,0.26051,0.30892,0.35464,0.39711,0.42733,0.44979,0.46947,0.47816,0.48472,0.50144,0.52906,0.56615,0.61841,0.69465,0.77015,0.79733
0,0.066382,0.13208,0.1968,0.25889,0.31742,0.37442,0.42609,0.47467,0.51869,0.56125,0.60169,0.63114,0.66057,0.69876,0.73896,0.78214,0.84488,0.92069,0.96557,0.96792
0,0.069067,0.13469,0.19751,0.25809,0.31737,0.37424,0.42883,0.48207,0.5372,0.59286,0.65574,0.71909,0.79045,0.86667,0.9532,1.041,1.1144,1.1519,1.124,1.0079
0,0.030842,0.062224,0.092399,0.12165,0.1483,0.17454,0.20119,0.22931,0.25937,0.29038,0.32289,0.35512,0.38471,0.41185,0.43699,0.46773,0.51566,0.58867,0.63554,0.62825
0,0.042997,0.088913,0.13373,0.17842,0.22248,0.26611,0.3077,0.34353,0.37799,0.4042,0.42544,0.44456,0.45699,0.47035,0.49448,0.5399,0.61206,0.69283,0.74087,0.74142
0,0.051534,0.10402,0.15742,0.21002,0.26008,0.30567,0.34616,0.38127,0.40899,0.42875,0.44286,0.45532,0.47589,0.50244,0.53195,0.56822,0.60727,0.66267,0.71942,0.7513
0,0.067726,0.13352,0.19771,0.26165,0.32516,0.38777,0.44731,0.50141,0.54984,0.59387,0.63145,0.66092,0.68776,0.7174,0.75055,0.78921,0.84454,0.90773,0.94024,0.93449
0,0.059839,0.11856,0.17462,0.23223,0.28995,0.34919,0.40886,0.4623,0.5103,0.55537,0.59992,0.64702,0.70085,0.77378,0.8678,0.95692,1.0169,1.0279,0.98456,0.8827
0,0.033099,0.065321,0.096116,0.12644,0.15603,0.18503,0.21182,0.23738,0.26302,0.29095,0.32283,0.35182,0.3804,0.40686,0.43092,0.46144,0.51283,0.59402,0.64793,0.64487
0,0.041855,0.083872,0.12657,0.16934,0.21194,0.25335,0.29404,0.32806,0.35592,0.37889,0.39993,0.42231,0.44681,0.47432,0.50846,0.55857,0.61988,0.69274,0.74648,0.76077
0,0.056334,0.11228,0.16686,0.22049,0.27196,0.32205,0.36824,0.41114,0.44479,0.47255,0.49667,0.51358,0.5245,0.53159,0.54279,0.56293,0.59766,0.65484,0.7059,0.7274
0,0.064681,0.12865,0.19132,0.25409,0.31568,0.37486,0.43137,0.48173,0.532,0.58467,0.63001,0.66176,0.69505,0.73713,0.77843,0.81968,0.85535,0.88697,0.90848,0.90675
0,0.064378,0.12854,0.19096,0.25328,0.31315,0.37195,0.43124,0.48591,0.53531,0.58423,0.63759,0.69264,0.74956,0.80776,0.88941,0.98103,1.0721,1.1439,1.118,0.98756
0,0.033821,0.067294,0.097629,0.12619,0.15315,0.18044,0.2072,0.23364,0.25903,0.28363,0.30677,0.32737,0.34815,0.37315,0.40047,0.44714,0.50877,0.58507,0.62844,0.62173
0,0.041475,0.083164,0.12472,0.16532,0.20549,0.24384,0.27988,0.3125,0.34031,0.36489,0.3885,0.40864,0.42645,0.44151,0.46104,0.4958,0.54853,0.62233,0.68151,0.68358
0,0.057503,0.11514,0.16967,0.22233,0.27061,0.31723,0.36442,0.40775,0.442,0.46986,0.49341,0.50866,0.52061,0.53381,0.54704,0.56198,0.5825,0.61876,0.65884,0.68285
0,0.073136,0.14433,0.21524,0.28199,0.34342,0.40294,0.46143,0.51898,0.56918,0.61779,0.6634,0.69994,0.73843,0.78436,0.83554,0.88335,0.93439,0.98985,1.0296,1.0475
0,0.065373,0.12754,0.18747,0.24695,0.30478,0.36125,0.41474,0.46465,0.50817,0.54433,0.57843,0.60598,0.63563,0.67113,0.72326,0.80566,0.90841,1.015,1.0068,0.8846
0,0.035583,0.071016,0.1054,0.13774,0.168,0.19572,0.22118,0.24873,0.27406,0.29726,0.32105,0.34604,0.37652,0.41097,0.44311,0.48418,0.5383,0.61725,0.68145,0.69352
0,0.045457,0.089345,0.13267,0.17645,0.22071,0.26378,0.30492,0.34363,0.38009,0.41209,0.43914,0.45727,0.47676,0.50305,0.54964,0.62465,0.70516,0.78661,0.83258,0.80528
0,0.057221,0.11257,0.16532,0.21568,0.26144,0.30306,0.33876,0.37025,0.39632,0.422,0.44871,0.47421,0.50299,0.5347,0.56831,0.61505,0.66747,0.75889,0.83896,0.85182
0,0.067095,0.13272,0.19628,0.25716,0.31493,0.36922,0.41997,0.46943,0.51135,0.54614,0.58207,0.61039,0.63639,0.66469,0.69648,0.73357,0.77504,0.83273,0.87851,0.89359
0,0.062402,0.12346,0.18303,0.24095,0.29744,0.35479,0.4137,0.47533,0.53522,0.59055,0.64476,0.68867,0.73234,0.77286,0.81179,0.86236,0.92763,0.97043,0.95844,0.92377
0,0.031379,0.062101,0.091852,0.12136,0.15033,0.17752,0.20346,0.22699,0.24826,0.26835,0.29147,0.31055,0.3324,0.36029,0.3947,0.45567,0.54798,0.66352,0.73212,0.73384
0,0.050662,0.10159,0.14886,0.19308,0.23296,0.26846,0.29755,0.3234,0.3448,0.36312,0.37711,0.39072,0.40573,0.43363,0.47492,0.52786,0.58877,0.6512,0.70617,0.73054
0,0.052768,0.10441,0.15431,0.20223,0.24788,0.2927,0.33395,0.37175,0.39927,0.41962,0.44059,0.45545,0.46694,0.48777,0.52606,0.58387,0.66696,0.77282,0.84491,0.85997
0,0.070015,0.13851,0.20614,0.27196,0.33464,0.39424,0.44732,0.49447,0.53661,0.57493,0.61,0.63691,0.66392,0.68959,0.71515,0.74223,0.78255,0.83712,0.88012,0.88691
0,0.066321,0.12964,0.19138,0.25377,0.31548,0.37764,0.44006,0.50046,0.56008,0.61714,0.67141,0.71807,0.76736,0.82255,0.88584,0.96165,1.0385,1.09,1.0894,1.0227
0,0.032101,0.063547,0.094208,0.12625,0.15813,0.18937,0.21757,0.24652,0.27182,0.29611,0.32356,0.34847,0.37884,0.40843,0.43226,0.46256,0.51643,0.58841,0.64409,0.63331
0,0.046476,0.093001,0.13811,0.18269,0.22626,0.26574,0.29946,0.32807,0.35303,0.37285,0.38672,0.39707,0.40541,0.42219,0.45093,0.50281,0.5729,0.64387,0.69321,0.71182
0,0.053253,0.10751,0.15971,0.20825,0.25346,0.29612,0.33392,0.36563,0.39029,0.41157,0.43256,0.44709,0.46406,0.49149,0.52607,0.57002,0.62315,0.69215,0.74755,0.76702
0,0.063196,0.12559,0.18718,0.24888,0.31255,0.3766,0.43236,0.48391,0.52984,0.57016,0.60889,0.63646,0.66419,0.68542,0.70465,0.7273,0.75303,0.80932,0.83388,0.80949
0,0.062953,0.12379,0.18423,0.24582,0.3076,0.36814,0.42912,0.48658,0.53837,0.59134,0.64427,0.69163,0.74294,0.80365,0.8766,0.93486,0.96448,0.98594,0.97915,0.92791
0,0.032366,0.064284,0.094794,0.12545,0.15659,0.18722,0.21576,0.24331,0.26631,0.28797,0.31323,0.33692,0.36202,0.38795,0.41019,0.44791,0.50988,0.59066,0.64831,0.64792
0,0.044103,0.088,0.13204,0.17665,0.21969,0.25863,0.29502,0.32658,0.35265,0.37076,0.38485,0.40019,0.41488,0.43881,0.47476,0.52841,0.59422,0.67136,0.72725,0.75016
0,0.055576,0.1089,0.16078,0.21026,0.25778,0.30239,0.34312,0.38036,0.41128,0.43727,0.46114,0.47955,0.49654,0.51257,0.53132,0.56282,0.61178,0.67817,0.72585,0.73248
0,0.061331,0.12305,0.1839,0.24482,0.30379,0.36312,0.42283,0.48332,0.53834,0.59121,0.64078,0.68113,0.71246,0.73314,0.74876,0.75974,0.77392,0.81349,0.84188,0.81745
0,0.061833,0.12151,0.17997,0.23825,0.29781,0.35758,0.41465,0.46988,0.52243,0.57655,0.6334,0.68676,0.74188,0.79573,0.86807,0.94416,1.0293,1.0871,1.0555,0.95443
0,0.030815,0.061822,0.092024,0.12067,0.14888,0.17734,0.20253,0.22519,0.24531,0.2631,0.2812,0.29954,0.32343,0.3512,0.3843,0.43536,0.51154,0.60169,0.67164,0.6731
0,0.042206,0.083674,0.12352,0.16397,0.20154,0.23571,0.2693,0.29935,0.32457,0.34438,0.36099,0.37234,0.38332,0.39714,0.42346,0.47134,0.53516,0.60371,0.65868,0.67179
0,0.056129,0.11184,0.16543,0.21608,0.26229,0.3059,0.34667,0.38395,0.4156,0.44157,0.46721,0.48194,0.49305,0.51039,0.53357,0.55975,0.59641,0.63963,0.6787,0.69937
0,0.065401,0.12957,0.19098,0.25044,0.30903,0.36317,0.4146,0.46379,0.51327,0.56282,0.61035,0.64789,0.68077,0.7086,0.73552,0.76194,0.77895,0.80948,0.85623,0.85135
0,0.065523,0.12867,0.18983,0.25091,0.31321,0.37329,0.43079,0.48236,0.52453,0.56143,0.60096,0.63363,0.66651,0.70314,0.75338,0.83398,0.92368,1.0065,0.99216,0.8904
0,0.036641,0.072901,0.10647,0.13929,0.17008,0.19894,0.22604,0.25604,0.28499,0.31214,0.3404,0.36888,0.39997,0.43042,0.4614,0.50257,0.56179,0.64354,0.70903,0.71285
0,0.044852,0.08871,0.13098,0.17313,0.21326,0.25216,0.28959,0.32588,0.35795,0.38541,0.4096,0.42601,0.44321,0.47157,0.52043,0.59617,0.68868,0.79355,0.84963,0.80898
0,0.054697,0.10927,0.16281,0.21577,0.26575,0.31341,0.35627,0.39257,0.42104,0.4438,0.46653,0.48577,0.50446,0.52992,0.56367,0.61212,0.67655,0.77408,0.86502,0.88382
0,0.066205,0.13066,0.19338,0.25609,0.31398,0.37046,0.42191,0.46899,0.51112,0.54686,0.57732,0.59817,0.61204,0.62491,0.65067,0.68599,0.71789,0.76477,0.83224,0.88303
0,0.077122,0.15053,0.22097,0.28689,0.34834,0.40733,0.46558,0.52222,0.57812,0.63247,0.68423,0.73199,0.77835,0.83692,0.88954,0.9383,0.99005,1.0236,1.0373,1.0821
0,0.033105,0.06437,0.093929,0.12311,0.15221,0.1809,0.20824,0.23321,0.25581,0.27986,0.30781,0.33319,0.35979,0.38734,0.42277,0.47836,0.573,0.69021,0.76965,0.76769
0,0.046918,0.092143,0.13522,0.1768,0.21578,0.25143,0.28474,0.31414,0.3357,0.35169,0.36508,0.37727,0.39611,0.42613,0.47166,0.52927,0.5881,0.65926,0.70911,0.71066
0,0.048911,0.098187,0.14786,0.1971,0.24487,0.29222,0.33633,0.37564,0.40487,0.42793,0.45161,0.46587,0.47641,0.49227,0.52756,0.58955,0.67859,0.80799,0.89131,0.90051
0,0.066637,0.13214,0.19464,0.25683,0.31723,0.37284,0.42106,0.46738,0.50918,0.54819,0.58662,0.61187,0.62841,0.64285,0.65944,0.67408,0.69756,0.74854,0.80798,0.84828
0,0.079589,0.15553,0.22739,0.29755,0.36412,0.42672,0.4832,0.53769,0.59323,0.64971,0.70855,0.75914,0.81147,0.86909,0.92528,0.97774,1.0276,1.075,1.1073,1.1345
0,0.033225,0.066549,0.099408,0.13019,0.15916,0.18692,0.21571,0.24749,0.27916,0.3096,0.34181,0.37092,0.3962,0.42432,0.44973,0.47936,0.52661,0.59936,0.65589,0.65223
0,0.047441,0.094397,0.14117,0.18437,0.22563,0.26295,0.29729,0.3273,0.35269,0.36878,0.37672,0.38253,0.39219,0.40627,0.43545,0.48561,0.55163,0.62701,0.66637,0.68212
0,0.048088,0.095962,0.14414,0.19066,0.23445,0.27676,0.3149,0.34991,0.37803,0.39922,0.41928,0.43593,0.45432,0.47796,0.50852,0.55369,0.61899,0.70365,0.772,0.79828
0,0.066399,0.13298,0.1992,0.26388,0.32529,0.38502,0.44237,0.49372,0.53399,0.56805,0.6002,0.62488,0.65093,0.672,0.6863,0.69713,0.71422,0.76465,0.81002,0.81642
0,0.074662,0.14484,0.21224,0.27651,0.33766,0.39622,0.45508,0.51404,0.57043,0.62042,0.66597,0.70703,0.74572,0.79632,0.86036,0.9264,1.0162,1.0933,1.1423,1.1932
0,0.034402,0.06707,0.097326,0.12715,0.15595,0.18513,0.21243,0.2412,0.26738,0.29035,0.31709,0.34196,0.36635,0.38972,0.41272,0.44481,0.49945,0.58082,0.64417,0.65284
0,0.04724,0.094802,0.13992,0.18442,0.22568,0.2636,0.29618,0.32473,0.34757,0.36352,0.37364,0.3797,0.38705,0.41333,0.45277,0.50632,0.56765,0.6377,0.69047,0.70367
0,0.052691,0.10484,0.15501,0.20419,0.25238,0.30162,0.34867,0.39174,0.42734,0.45432,0.47733,0.48992,0.50254,0.51322,0.53281,0.56641,0.61944,0.69936,0.74624,0.76037
0,0.06264,0.12519,0.18896,0.2528,0.3142,0.37456,0.43283,0.48748,0.53821,0.58504,0.63302,0.66712,0.6978,0.72125,0.73498,0.73349,0.72877,0.75497,0.79967,0.81329
0,0.069393,0.13711,0.20353,0.26796,0.3313,0.39384,0.45548,0.51477,0.56996,0.6242,0.67913,0.73179,0.793,0.86091,0.92318,0.9947,1.0639,1.1125,1.116,1.1087
0,0.031904,0.06436,0.094881,0.12452,0.15272,0.17939,0.20339,0.2278,0.2511,0.27198,0.29246,0.31406,0.33687,0.3623,0.3955,0.44757,0.52788,0.6221,0.69715,0.70899
0,0.043846,0.088102,0.13098,0.17362,0.21468,0.25425,0.28942,0.32131,0.34668,0.36724,0.38002,0.38836,0.39168,0.40226,0.42983,0.47042,0.52544,0.59395,0.63669,0.63289
0,0.053044,0.10702,0.16042,0.21536,0.26818,0.31907,0.36527,0.40586,0.4387,0.4655,0.48868,0.50143,0.51074,0.52226,0.53941,0.56585,0.61504,0.67522,0.72211,0.73683
0,0.067533,0.13419,0.20067,0.26583,0.3307,0.39412,0.45542,0.51346,0.56362,0.60899,0.64972,0.67742,0.7043,0.72606,0.74487,0.77094,0.78822,0.82583,0.88772,0.89808
0,0.077417,0.15096,0.22073,0.28831,0.35398,0.41711,0.48165,0.54212,0.59739,0.64684,0.68979,0.72681,0.76544,0.80517,0.85722,0.9318,1.0135,1.0823,1.0886,1.0351
0,0.037523,0.073817,0.10786,0.13957,0.17105,0.20334,0.2343,0.26402,0.2884,0.31077,0.33524,0.35547,0.37585,0.40371,0.43861,0.48488,0.54695,0.6356,0.71612,0.75199
0,0.046479,0.09298,0.13698,0.18025,0.22248,0.26283,0.30164,0.33579,0.36607,0.39017,0.41353,0.43422,0.45915,0.49885,0.56904,0.66549,0.76992,0.87534,0.9327,0.89428
0,0.056053,0.11215,0.16756,0.22226,0.27478,0.32245,0.36306,0.39711,0.42178,0.44037,0.45742,0.47498,0.49485,0.52857,0.57683,0.63073,0.69724,0.79752,0.89753,0.97344
0,0.065436,0.12933,0.19008,0.24829,0.30282,0.35227,0.39907,0.44081,0.47626,0.50639,0.53276,0.55356,0.57908,0.61357,0.6547,0.69713,0.72914,0.76701,0.83667,0.91169
0,0.068448,0.13461,0.19902,0.26333,0.32612,0.38585,0.44681,0.50564,0.55997,0.60866,0.65667,0.69971,0.74407,0.79043,0.83484,0.87453,0.92289,0.95672,0.96689,0.98025
0,0.03221,0.064202,0.094785,0.12405,0.15234,0.17967,0.20486,0.2281,0.24627,0.26408,0.28249,0.29725,0.31441,0.33645,0.37732,0.44233,0.53616,0.64442,0.71948,0.74341
0,0.048446,0.093936,0.1358,0.1748,0.20997,0.24335,0.27582,0.30337,0.32468,0.33991,0.35823,0.37654,0.40554,0.44253,0.49005,0.55744,0.62722,0.69689,0.75188,0.75667
0,0.057825,0.11467,0.16842,0.2181,0.26773,0.31629,0.36051,0.39863,0.42501,0.43995,0.45106,0.45684,0.47066,0.50295,0.55248,0.62021,0.6904,0.81566,0.94398,1.0071
0,0.066285,0.12907,0.18651,0.24247,0.29625,0.34786,0.39543,0.43951,0.47708,0.51008,0.53832,0.55899,0.5834,0.61135,0.64822,0.68539,0.71091,0.75253,0.81718,0.89568
0,0.068716,0.13653,0.20089,0.26208,0.32209,0.38154,0.43894,0.49736,0.55756,0.61697,0.67607,0.73096,0.78446,0.83952,0.89849,0.94597,1.0064,1.0597,1.0769,1.0657
0,0.033876,0.067031,0.099386,0.13135,0.16298,0.19478,0.22568,0.25569,0.28226,0.30548,0.3312,0.3537,0.37817,0.40559,0.43774,0.47811,0.53644,0.61916,0.69067,0.70617
0,0.045146,0.090231,0.13343,0.17291,0.21192,0.24875,0.28347,0.31537,0.34179,0.3594,0.37445,0.38588,0.40032,0.42211,0.46099,0.51654,0.59021,0.67391,0.7281,0.73078
0,0.058324,0.11744,0.1726,0.22574,0.27511,0.32168,0.36553,0.40431,0.43462,0.45697,0.47347,0.47861,0.48081,0.49616,0.52619,0.58103,0.65775,0.74567,0.82784,0.88756
0,0.068975,0.13671,0.20468,0.27066,0.33074,0.38706,0.4377,0.47979,0.5118,0.53794,0.55911,0.57542,0.59318,0.61304,0.63754,0.66053,0.68093,0.72425,0.77708,0.81686
0,0.072964,0.14334,0.21071,0.27553,0.33627,0.3919,0.44474,0.49975,0.55707,0.61747,0.6786,0.7244,0.77384,0.83139,0.89749,0.94381,0.97244,0.97953,0.99636,1.0007
0,0.03514,0.0692,0.10179,0.13505,0.16877,0.20213,0.23281,0.2613,0.2852,0.30559,0.3279,0.35097,0.37614,0.40227,0.43368,0.48118,0.5525,0.64093,0.70927,0.72521
0,0.044901,0.089282,0.13035,0.16938,0.20635,0.24192,0.27535,0.30804,0.33309,0.34899,0.36002,0.36984,0.3853,0.41719,0.4647,0.52644,0.60029,0.67561,0.7442,0.76592
0,0.058368,0.11695,0.17577,0.23351,0.28864,0.34152,0.38862,0.42987,0.46114,0.48631,0.50789,0.51812,0.52416,0.53901,0.56055,0.59586,0.65922,0.74935,0.82942,0.8462
0,0.065403,0.12908,0.19127,0.25117,0.30869,0.3659,0.42006,0.46933,0.51608,0.56256,0.60403,0.63201,0.65813,0.6863,0.71485,0.73309,0.73272,0.75586,0.79819,0.83301
0,0.065661,0.13038,0.19528,0.25976,0.32179,0.38398,0.44675,0.5087,0.56557,0.61818,0.6788,0.73686,0.80005,0.86989,0.94238,1.0161,1.0841,1.1148,1.0963,1.0476
0,0.035002,0.068281,0.10033,0.12995,0.15876,0.18767,0.21451,0.23905,0.25866,0.27538,0.29009,0.30173,0.31219,0.32889,0.36264,0.41941,0.49567,0.57889,0.64374,0.67295
0,0.04404,0.087611,0.12918,0.16776,0.20596,0.24304,0.27826,0.30951,0.33601,0.3545,0.36482,0.36916,0.37306,0.3868,0.41929,0.46982,0.54373,0.63209,0.69617,0.68786
0,0.057839,0.11447,0.16997,0.22538,0.27951,0.3314,0.37814,0.41973,0.45267,0.4787,0.50079,0.51145,0.51866,0.53367,0.56008,0.5953,0.63975,0.69936,0.76514,0.79465
0,0.067418,0.13118,0.19229,0.25266,0.3098,0.3658,0.41873,0.46924,0.51632,0.55975,0.59923,0.62775,0.65459,0.6793,0.70805,0.73033,0.73944,0.76928,0.83041,0.87527
0,0.075503,0.1472,0.21634,0.28266,0.34732,0.41216,0.47417,0.53264,0.58461,0.62725,0.6672,0.69829,0.73652,0.782,0.84809,0.94571,1.043,1.0952,1.0796,0.98596
0,0.035911,0.072055,0.10657,0.1403,0.17149,0.20088,0.23091,0.26023,0.28848,0.31542,0.34233,0.36909,0.39807,0.42884,0.46208,0.50631,0.56844,0.65319,0.71312,0.72475
0,0.051198,0.099463,0.14508,0.19145,0.23631,0.28015,0.32041,0.35643,0.38446,0.40882,0.43481,0.45437,0.47759,0.51395,0.57371,0.66291,0.75134,0.84824,0.92066,0.93722
0,0.056352,0.11175,0.16581,0.21919,0.27087,0.32008,0.36384,0.4012,0.42903,0.45068,0.46844,0.48122,0.49762,0.52529,0.56469,0.62527,0.70923,0.8261,0.94207,0.9888
0,0.062729,0.12471,0.18461,0.24397,0.30047,0.35292,0.40021,0.44281,0.47923,0.50997,0.53869,0.56095,0.58449,0.61364,0.65412,0.70181,0.75587,0.83119,0.9044,0.95709
0,0.075397,0.15167,0.22756,0.30317,0.37521,0.44316,0.50706,0.56465,0.61662,0.6635,0.70214,0.72961,0.75615,0.79193,0.84144,0.89916,0.95943,1.0171,1.0547,1.0835
0,0.031071,0.061803,0.092004,0.12182,0.15177,0.18114,0.20818,0.23398,0.25824,0.28288,0.31075,0.3342,0.35938,0.38896,0.43142,0.48961,0.57652,0.69164,0.7723,0.78011
0,0.049991,0.098527,0.14495,0.1892,0.23077,0.27073,0.30459,0.33139,0.35066,0.36489,0.37968,0.39583,0.42335,0.46171,0.51372,0.57845,0.64333,0.70762,0.76791,0.79681
0,0.049504,0.099088,0.14704,0.19337,0.23935,0.28396,0.32454,0.36205,0.39253,0.41795,0.43813,0.44735,0.45332,0.46594,0.50233,0.57198,0.67918,0.80436,0.87294,0.89024
0,0.064788,0.12847,0.18889,0.2481,0.30432,0.35799,0.40821,0.45411,0.49214,0.52418,0.55399,0.57577,0.59789,0.61825,0.64595,0.68563,0.72995,0.79277,0.86078,0.93876
0,0.077728,0.15491,0.23074,0.30534,0.37863,0.44935,0.51692,0.58047,0.64016,0.69575,0.74387,0.7815,0.81424,0.85038,0.89948,0.95424,1.0151,1.0713,1.1139,1.1345
0,0.031878,0.064016,0.096084,0.12769,0.15695,0.18512,0.21255,0.24127,0.2699,0.29924,0.32894,0.35705,0.3831,0.40943,0.4376,0.4733,0.52881,0.60349,0.6597,0.66032
0,0.044821,0.089511,0.13146,0.17198,0.21199,0.2528,0.29387,0.33034,0.35936,0.38279,0.4001,0.41288,0.42832,0.45155,0.48774,0.54204,0.61284,0.7056,0.77081,0.79448
0,0.048409,0.09527,0.13929,0.18054,0.22082,0.25928,0.29329,0.32086,0.34085,0.35584,0.36974,0.38224,0.39764,0.42444,0.46574,0.52742,0.6066,0.69487,0.76718,0.80901
0,0.065051,0.1307,0.19607,0.25929,0.32133,0.3791,0.43461,0.482,0.51823,0.54646,0.56808,0.58348,0.60158,0.62518,0.65325,0.68608,0.72611,0.77951,0.83072,0.87153
0,0.078469,0.15438,0.22752,0.29863,0.3666,0.43267,0.49968,0.56421,0.62938,0.68649,0.73631,0.77432,0.81465,0.86343,0.93195,0.98587,1.0117,1.0325,1.0867,1.1233
0,0.033094,0.066291,0.0992,0.13255,0.16465,0.19422,0.2213,0.24779,0.27218,0.29593,0.32171,0.34643,0.37111,0.3948,0.41914,0.44913,0.49701,0.57806,0.63796,0.64765
0,0.044408,0.086683,0.12738,0.16772,0.20831,0.24615,0.28144,0.31247,0.33502,0.35201,0.36698,0.37831,0.39221,0.41917,0.47209,0.53958,0.60436,0.68294,0.76621,0.8105
0,0.048705,0.096354,0.14329,0.19027,0.23623,0.28053,0.32139,0.35816,0.38847,0.41452,0.43435,0.44478,0.45166,0.46147,0.48502,0.52867,0.60586,0.69372,0.75241,0.76973
0,0.064348,0.12831,0.19223,0.25473,0.31524,0.37449,0.43235,0.48698,0.53649,0.57699,0.61461,0.64657,0.68163,0.71405,0.74464,0.76589,0.78509,0.82261,0.86119,0.89302
0,0.072951,0.14414,0.21661,0.28922,0.35996,0.43332,0.5047,0.57401,0.63906,0.69833,0.75398,0.80174,0.84398,0.88739,0.93828,0.99593,1.05,1.087,1.1086,1.0942
0,0.032548,0.065072,0.097536,0.12901,0.15896,0.18688,0.21391,0.23971,0.26388,0.28507,0.30628,0.32557,0.34806,0.37531,0.40889,0.46083,0.53636,0.63245,0.69817,0.69747
0,0.046349,0.091934,0.13448,0.17434,0.21211,0.24671,0.28235,0.31464,0.33904,0.3572,0.37072,0.37882,0.3874,0.39793,0.42528,0.47255,0.53493,0.62261,0.71152,0.72438
0,0.046327,0.092387,0.13892,0.18549,0.23033,0.27383,0.31441,0.35291,0.38527,0.41072,0.431,0.44028,0.44764,0.46266,0.48747,0.53237,0.60279,0.66515,0.7169,0.74347
0,0.073916,0.14599,0.21609,0.28578,0.35333,0.41843,0.4787,0.53698,0.58694,0.62943,0.66899,0.69953,0.72903,0.75697,0.78782,0.81977,0.84291,0.8668,0.90485,0.91982
0,0.076168,0.15109,0.22409,0.29562,0.36716,0.43904,0.50635,0.56895,0.62386,0.67092,0.71087,0.74162,0.76824,0.79585,0.84262,0.9195,0.99825,1.0385,1.0525,1.016
0,0.032992,0.066038,0.099422,0.13223,0.16329,0.19266,0.22223,0.25191,0.27908,0.30509,0.33489,0.36094,0.3858,0.4055,0.42887,0.47746,0.57911,0.71814,0.82532,0.84868
0,0.041226,0.083131,0.12557,0.16863,0.21158,0.25382,0.29386,0.32876,0.35474,0.37483,0.39506,0.41406,0.43727,0.46186,0.50049,0.55881,0.6463,0.73768,0.78651,0.82418
0,0.053434,0.10551,0.15363,0.19834,0.24114,0.28218,0.31952,0.35178,0.37813,0.40038,0.41894,0.43837,0.45988,0.48633,0.5197,0.55962,0.61258,0.70109,0.8049,0.84687
0,0.06474,0.12936,0.19211,0.25305,0.31205,0.37032,0.4224,0.46959,0.51339,0.55458,0.59494,0.63536,0.6758,0.70726,0.73924,0.79147,0.86243,0.91906,0.97077,0.97711
0,0.072776,0.14482,0.21429,0.28122,0.34507,0.40609,0.46216,0.51137,0.55281,0.5876,0.61818,0.64923,0.67621,0.70948,0.77308,0.8694,0.97261,1.0103,0.98214,0.88602
0,0.030981,0.061469,0.090355,0.11873,0.14682,0.1733,0.1981,0.22253,0.24827,0.27264,0.29603,0.31165,0.32616,0.34046,0.35732,0.39564,0.4871,0.61948,0.72255,0.74448
0,0.040883,0.082682,0.12526,0.16575,0.20438,0.24091,0.27322,0.30166,0.32328,0.34144,0.36049,0.38281,0.40652,0.4309,0.46451,0.52034,0.61006,0.70998,0.75999,0.78747
0,0.04981,0.099707,0.14882,0.19616,0.24259,0.2867,0.32753,0.36758,0.40596,0.44266,0.47497,0.49557,0.50855,0.51644,0.53068,0.56052,0.61467,0.68585,0.78172,0.84008
0,0.07089,0.14197,0.21044,0.27651,0.34088,0.40468,0.46377,0.5176,0.5688,0.61746,0.65967,0.69853,0.73737,0.77286,0.82053,0.88229,0.93687,0.97742,0.99849,1.0253
0,0.071825,0.14393,0.21298,0.28065,0.34425,0.40533,0.461,0.50989,0.55677,0.60071,0.64031,0.6785,0.71929,0.76752,0.84333,0.963,1.0658,1.1176,1.0963,0.97867
0,0.030221,0.060638,0.090591,0.12082,0.15004,0.17819,0.20608,0.23445,0.25914,0.2826,0.30847,0.33147,0.35547,0.37714,0.40083,0.44733,0.53351,0.65437,0.73771,0.73326
0,0.040885,0.081461,0.12162,0.15998,0.19587,0.23097,0.2629,0.29194,0.31556,0.3356,0.35423,0.37854,0.40423,0.43034,0.46209,0.50548,0.57738,0.68061,0.7658,0.78541
0,0.046783,0.093283,0.13945,0.18355,0.22588,0.26465,0.30037,0.33258,0.35774,0.3786,0.39946,0.42272,0.44854,0.47431,0.50598,0.5421,0.59322,0.65269,0.70935,0.75886
0,0.071258,0.14056,0.2087,0.27404,0.33964,0.40217,0.45799,0.50637,0.5462,0.58735,0.6312,0.67059,0.7029,0.72614,0.76021,0.81379,0.88459,0.94023,0.94106,0.92187
0,0.070179,0.14008,0.20492,0.26443,0.31999,0.37535,0.42973,0.48032,0.53019,0.57939,0.63048,0.67766,0.72209,0.78031,0.84416,0.92766,1.0134,1.0713,1.0764,0.98856
0,0.031489,0.062574,0.092973,0.12234,0.15057,0.1773,0.2033,0.22897,0.25389,0.28029,0.30851,0.32914,0.34793,0.36808,0.38942,0.431,0.5073,0.62237,0.7049,0.70755
0,0.042852,0.08592,0.12894,0.17026,0.21074,0.24872,0.28182,0.31004,0.3319,0.3483,0.36137,0.37988,0.39778,0.41959,0.45591,0.51087,0.59422,0.69897,0.77849,0.83481
0,0.049347,0.09876,0.14582,0.19089,0.23499,0.27732,0.31676,0.35367,0.38727,0.41603,0.44756,0.4729,0.4928,0.50818,0.52171,0.54627,0.58994,0.64073,0.68619,0.71672
0,0.063577,0.12623,0.18668,0.24657,0.30874,0.37278,0.43169,0.48292,0.52706,0.57385,0.62387,0.67356,0.72202,0.76658,0.81889,0.88479,0.94596,0.97191,0.95112,0.91004
0,0.06425,0.12961,0.19105,0.24858,0.30222,0.35358,0.4025,0.45153,0.49761,0.53934,0.57956,0.61446,0.64482,0.67361,0.72157,0.81378,0.94692,1.0547,1.0721,0.90675
0,0.029312,0.058175,0.087415,0.1158,0.14313,0.17101,0.19766,0.22383,0.24819,0.27205,0.29949,0.31939,0.33736,0.34632,0.35461,0.39134,0.50525,0.63186,0.72986,0.74666
0,0.04091,0.080757,0.12086,0.15859,0.19307,0.22535,0.25475,0.28085,0.30304,0.32323,0.34282,0.36137,0.37793,0.39353,0.41751,0.45913,0.52468,0.60883,0.70545,0.77725
0,0.052281,0.10503,0.15564,0.20595,0.25246,0.29661,0.33682,0.37123,0.39921,0.42596,0.45375,0.47793,0.49613,0.50957,0.51583,0.53107,0.5688,0.61386,0.66019,0.68014
0,0.082403,0.16355,0.24203,0.31585,0.38567,0.45143,0.51145,0.56226,0.60748,0.65134,0.70003,0.74344,0.79023,0.84455,0.90288,0.9689,1.0501,1.1136,1.1147,1.092
0,0.06608,0.13055,0.19196,0.2492,0.30383,0.35553,0.40183,0.44561,0.48608,0.52662,0.57003,0.61035,0.64291,0.66698,0.69338,0.75843,0.87135,0.99526,1.0474,0.92044
0,0.030083,0.060342,0.090427,0.12075,0.15149,0.18192,0.21208,0.24057,0.26566,0.2915,0.31979,0.34482,0.3698,0.39183,0.41664,0.46824,0.56787,0.70699,0.81206,0.82765
0,0.045787,0.091587,0.13695,0.18062,0.22342,0.26453,0.3034,0.33944,0.36901,0.39307,0.41191,0.42427,0.43633,0.45253,0.48556,0.54918,0.65501,0.77592,0.84173,0.83558
0,0.050608,0.10109,0.14798,0.19111,0.23144,0.26788,0.3017,0.33369,0.36203,0.38426,0.40302,0.42476,0.45139,0.48237,0.52633,0.5772,0.63326,0.71653,0.82677,0.86148
0,0.065396,0.13081,0.19429,0.25747,0.31979,0.37744,0.43307,0.4847,0.52927,0.57085,0.61113,0.63944,0.65955,0.67349,0.68296,0.70731,0.76458,0.82178,0.86841,0.89317
0,0.080904,0.16296,0.24121,0.31931,0.39516,0.46607,0.53014,0.58547,0.63554,0.67991,0.7153,0.74563,0.76842,0.7965,0.841,0.9253,1.0164,1.0606,1.0296,0.94969
0,0.029118,0.057293,0.08532,0.11243,0.13762,0.16082,0.18391,0.20678,0.22555,0.24574,0.26958,0.29111,0.31116,0.33098,0.3557,0.40231,0.50383,0.65494,0.78299,0.80616
0,0.044148,0.089587,0.13406,0.17572,0.2118,0.24306,0.26866,0.28956,0.30611,0.32103,0.33854,0.35609,0.37575,0.40152,0.43683,0.49848,0.58536,0.68342,0.74369,0.75084
0,0.049304,0.099351,0.1478,0.19579,0.24118,0.28312,0.32318,0.36327,0.40364,0.43934,0.46459,0.47649,0.48171,0.48804,0.50221,0.54779,0.6233,0.72581,0.83472,0.8925
0,0.070739,0.14224,0.21209,0.28011,0.34264,0.4025,0.46023,0.51295,0.55619,0.59941,0.6426,0.67408,0.69505,0.71353,0.73935,0.78218,0.83634,0.8621,0.89192,0.90926
0,0.07421,0.14964,0.22367,0.29537,0.3661,0.43442,0.49791,0.55751,0.60824,0.6565,0.70218,0.7476,0.7885,0.83166,0.90011,1.0043,1.1185,1.1769,1.1464,1.0583
0,0.029844,0.059533,0.089306,0.11896,0.14829,0.17714,0.20456,0.22906,0.25137,0.27545,0.30417,0.33127,0.35769,0.38172,0.40922,0.45358,0.53569,0.65222,0.73486,0.72695
0,0.041172,0.082793,0.12435,0.16487,0.20356,0.23918,0.27085,0.29547,0.31448,0.33069,0.34899,0.36617,0.38493,0.41068,0.44772,0.49861,0.5828,0.70677,0.80511,0.79505
0,0.044045,0.089694,0.1348,0.17871,0.22108,0.25967,0.29444,0.3266,0.35267,0.37603,0.39446,0.40833,0.42453,0.44828,0.48855,0.53616,0.59384,0.66662,0.72394,0.76907
0,0.070482,0.14111,0.20654,0.26823,0.32569,0.37989,0.42946,0.47419,0.51347,0.55139,0.58683,0.61285,0.63036,0.63836,0.65707,0.69595,0.75196,0.80511,0.82815,0.81231
0,0.070439,0.1408,0.20901,0.27616,0.34265,0.40715,0.47011,0.52832,0.58047,0.62935,0.67792,0.72675,0.78202,0.84365,0.91493,0.99485,1.0762,1.1348,1.118,1.0712
0,0.03078,0.060884,0.091094,0.11936,0.14569,0.17074,0.19524,0.21872,0.24037,0.26194,0.28765,0.31057,0.33404,0.35808,0.39048,0.43505,0.50983,0.62184,0.70911,0.70722
0,0.044805,0.089458,0.13349,0.17599,0.21672,0.25623,0.29124,0.32002,0.34124,0.35608,0.36676,0.37891,0.39509,0.42085,0.45869,0.51535,0.59531,0.71119,0.8114,0.81706
0,0.047976,0.093949,0.13972,0.18533,0.22884,0.26914,0.3093,0.34901,0.38351,0.41465,0.44182,0.46332,0.48109,0.49407,0.51356,0.54569,0.59106,0.65294,0.70039,0.73493
0,0.06513,0.12842,0.18949,0.25009,0.31117,0.36984,0.42487,0.47589,0.51835,0.55577,0.59382,0.62442,0.64766,0.66659,0.70137,0.75093,0.80425,0.83501,0.83571,0.79501
0,0.06484,0.12815,0.18872,0.24751,0.30459,0.35889,0.40988,0.46088,0.51145,0.55933,0.60636,0.64622,0.68378,0.72341,0.7866,0.87878,0.99421,1.0988,1.0919,0.9534
0,0.029062,0.057246,0.084737,0.11171,0.13682,0.16098,0.18625,0.21123,0.23487,0.25897,0.28752,0.31131,0.32788,0.33627,0.3455,0.39033,0.50891,0.65715,0.76371,0.77568
0,0.041005,0.082534,0.12215,0.15867,0.19211,0.22305,0.25152,0.27664,0.29713,0.31255,0.32652,0.33823,0.35003,0.36716,0.39337,0.43952,0.51932,0.62566,0.71711,0.75975
0,0.055479,0.11061,0.16469,0.21667,0.26376,0.30697,0.34706,0.38403,0.4175,0.4464,0.47019,0.48535,0.49648,0.50358,0.51161,0.53084,0.5777,0.62754,0.66911,0.69706
0,0.069136,0.13656,0.20106,0.26338,0.32188,0.3777,0.43065,0.48123,0.5274,0.57432,0.62467,0.66412,0.69263,0.721,0.75083,0.79203,0.84119,0.88233,0.90124,0.89588
0,0.067381,0.13389,0.19745,0.25729,0.312,0.363,0.40887,0.45224,0.49226,0.52919,0.56726,0.60769,0.64328,0.67019,0.70673,0.78985,0.90955,1.049,1.0582,0.91969
0,0.031893,0.063803,0.096489,0.12912,0.16017,0.19122,0.22152,0.24926,0.27462,0.30347,0.33734,0.36412,0.38705,0.40491,0.43069,0.48503,0.58887,0.73079,0.84153,0.84672
0,0.043685,0.087209,0.13095,0.17534,0.21848,0.25981,0.29669,0.32599,0.35283,0.37642,0.39513,0.41045,0.42782,0.45078,0.48733,0.55197,0.64495,0.76398,0.85,0.83218
0,0.049668,0.098919,0.14697,0.19145,0.23303,0.27193,0.30853,0.34019,0.36403,0.38192,0.39613,0.41005,0.42675,0.4494,0.48677,0.54114,0.61738,0.72094,0.8278,0.87467
0,0.062567,0.12572,0.1877,0.24767,0.30754,0.36688,0.42387,0.47729,0.52474,0.56863,0.61195,0.64018,0.65762,0.66562,0.67151,0.68949,0.72492,0.76081,0.8112,0.86349
0,0.084645,0.17027,0.25808,0.34558,0.43143,0.51451,0.59072,0.66033,0.72264,0.77662,0.82993,0.8827,0.9373,0.98733,1.0349,1.1004,1.1837,1.2109,1.1872,1.1527
0,0.031705,0.063149,0.092973,0.12114,0.14839,0.17392,0.19728,0.22006,0.24259,0.266,0.29264,0.31916,0.3447,0.36232,0.38451,0.4356,0.53938,0.70539,0.83797,0.85752
0,0.046461,0.092151,0.13765,0.18173,0.22231,0.25795,0.2876,0.31014,0.32674,0.34026,0.35408,0.37373,0.39933,0.42999,0.46935,0.5281,0.61384,0.72084,0.78719,0.76628
0,0.048299,0.095639,0.14208,0.18793,0.23348,0.27719,0.32032,0.36064,0.39582,0.42679,0.4518,0.4624,0.46553,0.46773,0.48464,0.53557,0.62104,0.73566,0.8552,0.92177
0,0.065649,0.13101,0.19752,0.26406,0.328,0.38862,0.44528,0.4982,0.54334,0.5847,0.62483,0.65472,0.67375,0.68445,0.70179,0.72919,0.7671,0.78876,0.83328,0.8664
0,0.083505,0.16609,0.24616,0.32467,0.39972,0.47448,0.54673,0.61637,0.68206,0.74757,0.81447,0.8822,0.95242,1.0192,1.0932,1.1875,1.286,1.3318,1.3125,1.2639
0,0.031176,0.061489,0.091296,0.12191,0.15168,0.18137,0.21044,0.23788,0.26147,0.28591,0.31522,0.34281,0.36756,0.38749,0.41243,0.45903,0.54512,0.6705,0.75439,0.74873
0,0.043499,0.08857,0.13394,0.17914,0.22176,0.26164,0.29554,0.32312,0.3411,0.35418,0.36802,0.38791,0.41309,0.44327,0.47823,0.52407,0.6112,0.73784,0.83593,0.79633
0,0.042421,0.085165,0.12826,0.17144,0.21292,0.25056,0.28518,0.31664,0.34129,0.35998,0.37883,0.39476,0.40687,0.41927,0.44882,0.49628,0.56806,0.66193,0.74408,0.8127
0,0.064184,0.12786,0.19002,0.25115,0.30979,0.36456,0.41659,0.4659,0.50774,0.54751,0.58703,0.61612,0.63527,0.64516,0.65707,0.67685,0.70531,0.74815,0.78039,0.77645
0,0.089147,0.1764,0.25888,0.34002,0.41522,0.48372,0.55035,0.61594,0.67179,0.72029,0.77885,0.84832,0.92065,0.99219,1.0672,1.1585,1.2689,1.3879,1.4103,1.3975
0,0.032333,0.06425,0.094986,0.12414,0.15259,0.17966,0.20569,0.22957,0.25206,0.27515,0.30388,0.32693,0.34797,0.36506,0.39264,0.43868,0.51331,0.63232,0.72189,0.72985
0,0.046664,0.094572,0.1427,0.19013,0.23574,0.279,0.31588,0.34307,0.35899,0.37217,0.38366,0.39653,0.41675,0.44662,0.48661,0.53809,0.62002,0.73372,0.84578,0.8285
0,0.044034,0.09002,0.13731,0.18251,0.227,0.26949,0.31045,0.35195,0.38635,0.41489,0.44232,0.46119,0.47443,0.48186,0.49621,0.52452,0.58038,0.67013,0.74287,0.79308
0,0.061818,0.12655,0.18981,0.25266,0.31367,0.37451,0.43114,0.48135,0.52416,0.56229,0.59851,0.62523,0.64482,0.65928,0.68119,0.71902,0.74838,0.75925,0.77398,0.77103
0,0.079907,0.15798,0.23152,0.29821,0.36249,0.4256,0.48773,0.54735,0.60562,0.66092,0.7222,0.7788,0.8364,0.88922,0.96941,1.0752,1.1784,1.2605,1.2597,1.1743
0,0.029274,0.05858,0.088038,0.11584,0.14139,0.16502,0.18816,0.21163,0.23579,0.26178,0.29078,0.31376,0.33164,0.34158,0.35677,0.40264,0.51749,0.68025,0.79691,0.82095
0,0.042101,0.084607,0.12699,0.16836,0.20744,0.24353,0.27597,0.3045,0.32513,0.34032,0.35299,0.36447,0.3755,0.39459,0.4229,0.47061,0.54396,0.62631,0.7172,0.72169
0,0.051191,0.10151,0.15272,0.20203,0.24935,0.29514,0.33803,0.37442,0.40248,0.42654,0.44993,0.46891,0.47977,0.48486,0.49003,0.51025,0.5595,0.64511,0.7017,0.73964
0,0.069292,0.13692,0.20076,0.26033,0.31834,0.37467,0.42621,0.48322,0.54011,0.59285,0.64047,0.66927,0.69251,0.71284,0.74185,0.78169,0.81973,0.83049,0.84544,0.87093
0,0.083724,0.16453,0.24273,0.31721,0.38998,0.46592,0.53636,0.59997,0.65045,0.69303,0.73559,0.78152,0.82569,0.86512,0.9144,0.99825,1.1221,1.2462,1.2635,1.1276
0,0.036406,0.073954,0.11083,0.1464,0.18059,0.21348,0.24506,0.27444,0.30029,0.32623,0.35626,0.38515,0.41372,0.43796,0.4698,0.53114,0.64198,0.79011,0.90804,0.93912
0,0.045874,0.090464,0.13292,0.17404,0.21561,0.25668,0.29315,0.32678,0.35586,0.37972,0.40342,0.42405,0.44467,0.46746,0.50185,0.57609,0.70031,0.83656,0.9326,0.9306
0,0.055344,0.11004,0.16137,0.20933,0.25356,0.29076,0.3218,0.35033,0.3752,0.39898,0.42154,0.44695,0.47676,0.51394,0.5586,0.61547,0.68418,0.78353,0.89854,0.98795
0,0.059473,0.11852,0.17585,0.23078,0.28453,0.33475,0.38444,0.43443,0.48453,0.53739,0.58493,0.62307,0.65144,0.67816,0.70793,0.73883,0.77196,0.79878,0.83229,0.89906
0,0.079844,0.1598,0.23802,0.31197,0.38429,0.45645,0.52237,0.58187,0.63628,0.68601,0.72887,0.75804,0.78341,0.81009,0.85075,0.90888,0.96686,1.0072,0.99423,0.9402
0,0.032533,0.064472,0.09466,0.12446,0.15558,0.18481,0.21038,0.23231,0.25191,0.27036,0.28968,0.30626,0.32275,0.34336,0.37118,0.42609,0.5222,0.67199,0.80785,0.8586
0,0.046504,0.09143,0.1347,0.17539,0.21513,0.25037,0.28124,0.30684,0.32748,0.34671,0.36933,0.38686,0.40669,0.43395,0.47605,0.53922,0.63547,0.74601,0.83407,0.83015
0,0.056315,0.1119,0.16557,0.21688,0.26571,0.3088,0.34873,0.38723,0.41876,0.44675,0.47562,0.50472,0.52863,0.55087,0.58424,0.62967,0.70161,0.81407,0.94583,1.0422
0,0.071908,0.14315,0.21182,0.27906,0.34416,0.40322,0.45688,0.50385,0.54878,0.59068,0.63436,0.67247,0.70437,0.72713,0.75315,0.79579,0.83594,0.84397,0.87666,0.93199
0,0.08052,0.1593,0.23295,0.30235,0.36923,0.43618,0.49966,0.56111,0.61705,0.67224,0.72619,0.77421,0.82833,0.88831,0.95486,1.0421,1.1207,1.1727,1.1565,1.0993
0,0.031991,0.0633,0.09532,0.12827,0.16114,0.19336,0.22418,0.25264,0.27822,0.30262,0.32997,0.35576,0.38372,0.40849,0.43151,0.47813,0.55688,0.68822,0.78636,0.80268
0,0.046114,0.094249,0.1417,0.18604,0.22741,0.2628,0.29188,0.31631,0.33403,0.34759,0.36594,0.38469,0.40163,0.42785,0.46446,0.5209,0.61782,0.75752,0.87615,0.8627
0,0.053074,0.10563,0.15618,0.20363,0.24848,0.28735,0.32147,0.35059,0.37218,0.39052,0.40696,0.42504,0.44303,0.46176,0.49336,0.54344,0.61475,0.70872,0.78884,0.86013
0,0.068301,0.13523,0.19956,0.26128,0.31807,0.36942,0.41508,0.45509,0.49234,0.52871,0.56497,0.59766,0.62422,0.64555,0.66663,0.68923,0.72146,0.75256,0.7751,0.81622
0,0.078551,0.15694,0.23347,0.30636,0.37462,0.43633,0.49143,0.54051,0.58721,0.6367,0.70214,0.76091,0.81821,0.87387,0.93661,1.019,1.1027,1.1424,1.1324,1.0949
0,0.032315,0.064462,0.096636,0.12743,0.1564,0.18392,0.20845,0.23246,0.25548,0.28198,0.31046,0.33216,0.35328,0.37248,0.39758,0.44239,0.51476,0.63741,0.73945,0.75807
0,0.045775,0.092405,0.13736,0.18077,0.21974,0.256,0.28572,0.30986,0.32682,0.33898,0.35339,0.36948,0.38827,0.41401,0.45373,0.52021,0.62393,0.74945,0.86754,0.86376
0,0.05162,0.10207,0.15185,0.20094,0.24746,0.2879,0.32488,0.35875,0.38939,0.42032,0.45586,0.48618,0.50788,0.52355,0.54377,0.57137,0.62071,0.69784,0.78252,0.8417
0,0.061116,0.1217,0.18102,0.23785,0.29164,0.34269,0.39195,0.43665,0.47786,0.52247,0.5741,0.61649,0.6484,0.67716,0.71095,0.74815,0.77567,0.76936,0.77265,0.7957
0,0.069593,0.13822,0.20522,0.2703,0.33202,0.39023,0.44496,0.49967,0.55279,0.60437,0.65877,0.70486,0.74942,0.79491,0.86361,0.96498,1.075,1.151,1.132,1.0307
0,0.033242,0.064479,0.095598,0.12578,0.15545,0.18375,0.20857,0.23183,0.25272,0.27314,0.29706,0.31605,0.3339,0.3475,0.36644,0.42386,0.54951,0.68745,0.78561,0.82776
0,0.041891,0.08304,0.12206,0.159,0.19327,0.22573,0.25457,0.279,0.2964,0.30958,0.32293,0.33013,0.33685,0.34786,0.37646,0.4344,0.52736,0.64754,0.75158,0.75321
0,0.055878,0.11063,0.16342,0.21418,0.26264,0.3079,0.34911,0.383,0.40996,0.43921,0.46949,0.49707,0.51788,0.53029,0.53953,0.55206,0.59586,0.66944,0.73371,0.7841
0,0.071335,0.14181,0.21298,0.28153,0.34595,0.40462,0.45656,0.50736,0.55522,0.59993,0.63924,0.66719,0.68788,0.70952,0.74425,0.79125,0.82685,0.83403,0.8657,0.89916
0,0.077469,0.15177,0.22145,0.28574,0.34708,0.40393,0.45436,0.50018,0.54301,0.58609,0.63742,0.68531,0.72749,0.76833,0.8228,0.91734,1.0348,1.1351,1.1217,0.97988
0,0.036026,0.071603,0.10614,0.14026,0.17252,0.20366,0.23345,0.26233,0.28796,0.31363,0.34394,0.36913,0.3946,0.41774,0.44796,0.50322,0.60792,0.74883,0.85129,0.86836
0,0.045023,0.091698,0.13793,0.18389,0.22972,0.27324,0.31106,0.34409,0.37209,0.39392,0.41537,0.42951,0.44584,0.46717,0.50861,0.59361,0.70636,0.82009,0.92747,0.96581
0,0.055996,0.11064,0.16262,0.21314,0.25956,0.30052,0.33775,0.3692,0.39172,0.41051,0.42391,0.432,0.44095,0.4585,0.49583,0.55679,0.64561,0.76358,0.881,0.948
0,0.059111,0.11754,0.17459,0.23113,0.28634,0.34172,0.39749,0.45074,0.49957,0.54644,0.59268,0.62643,0.65438,0.67724,0.70064,0.73237,0.77809,0.82123,0.87381,0.94673
0,0.082513,0.16477,0.24503,0.32168,0.39611,0.46738,0.533,0.58789,0.63661,0.67851,0.71358,0.73955,0.76108,0.78239,0.82265,0.88785,0.96691,1.0245,1.0252,1.0017
0,0.031623,0.062522,0.093227,0.12264,0.1502,0.17703,0.20347,0.2292,0.25239,0.27612,0.30507,0.32928,0.35239,0.36953,0.38809,0.43656,0.54441,0.70843,0.8177,0.83155
0,0.047802,0.096206,0.14379,0.18908,0.23288,0.27108,0.3037,0.3316,0.35402,0.37321,0.39458,0.4147,0.43363,0.45721,0.50027,0.569,0.65895,0.76128,0.84886,0.87545
0,0.051113,0.10196,0.15231,0.19984,0.24506,0.28777,0.33056,0.36867,0.3992,0.42616,0.44765,0.45802,0.45913,0.45956,0.47466,0.52748,0.62067,0.76282,0.88146,0.93531
0,0.063422,0.12496,0.18741,0.24892,0.30948,0.36796,0.42362,0.47841,0.5321,0.5802,0.62254,0.65191,0.67493,0.69303,0.71122,0.74327,0.7941,0.83068,0.87084,0.93288
0,0.083087,0.16608,0.24622,0.32268,0.39696,0.46562,0.52793,0.585,0.63198,0.67421,0.71732,0.75923,0.80002,0.84179,0.89932,0.9801,1.0631,1.1158,1.1156,1.1042
0,0.033036,0.065441,0.096139,0.1269,0.15696,0.18765,0.21785,0.24626,0.27164,0.29714,0.32778,0.35414,0.37834,0.39875,0.42177,0.46895,0.56063,0.68914,0.77551,0.77476
0,0.048092,0.097706,0.14702,0.19509,0.24107,0.28343,0.31935,0.3488,0.36885,0.38534,0.39967,0.41357,0.42948,0.45085,0.48589,0.53916,0.62122,0.74484,0.87593,0.90011
0,0.046577,0.093494,0.13864,0.18061,0.21994,0.25515,0.28796,0.31713,0.34023,0.35789,0.37168,0.38106,0.38862,0.40202,0.43027,0.48752,0.57843,0.6718,0.75517,0.82783
0,0.062809,0.12452,0.1834,0.23889,0.29075,0.34092,0.38916,0.43904,0.48344,0.52276,0.56012,0.58925,0.61525,0.63694,0.65911,0.68432,0.72768,0.7782,0.80643,0.85283
0,0.077939,0.1559,0.23349,0.30847,0.38067,0.45,0.51775,0.57937,0.63625,0.69137,0.74438,0.78726,0.83198,0.87693,0.93049,1.0079,1.0788,1.1013,1.1048,1.126
0,0.03363,0.067637,0.10025,0.1308,0.15929,0.18589,0.21189,0.23785,0.26398,0.28985,0.31826,0.33864,0.35716,0.37633,0.4019,0.44347,0.51799,0.6285,0.7139,0.71973
0,0.047917,0.097071,0.14678,0.19429,0.23981,0.28228,0.31873,0.34696,0.36413,0.3748,0.38765,0.4001,0.41195,0.4291,0.4555,0.51234,0.61028,0.73193,0.84702,0.89545
0,0.044819,0.089746,0.13428,0.1793,0.22253,0.26215,0.29956,0.33471,0.36407,0.38863,0.41172,0.4259,0.43832,0.45174,0.47152,0.50377,0.57523,0.67119,0.74603,0.80101
0,0.060931,0.12019,0.17872,0.23309,0.28394,0.33223,0.38257,0.43535,0.48562,0.53312,0.57689,0.60979,0.64282,0.67338,0.70835,0.74443,0.78259,0.80614,0.80884,0.82917
0,0.076374,0.15402,0.23002,0.29977,0.36667,0.43348,0.49621,0.55177,0.59882,0.63994,0.68206,0.71852,0.75022,0.78654,0.84083,0.92622,1.0347,1.0993,1.0822,1.0253
0,0.030919,0.061894,0.091763,0.12063,0.14827,0.17444,0.19984,0.22591,0.2506,0.27593,0.30502,0.32458,0.34028,0.34999,0.36335,0.40676,0.52484,0.67739,0.78472,0.81044
0,0.042248,0.085607,0.12948,0.17186,0.21165,0.24617,0.27355,0.29453,0.31028,0.32242,0.33543,0.34618,0.3588,0.36985,0.38861,0.43823,0.52149,0.62978,0.74178,0.7985
0,0.044508,0.08888,0.13338,0.179,0.22504,0.26919,0.30949,0.34527,0.37252,0.39831,0.42355,0.44118,0.45544,0.4665,0.47876,0.50276,0.56257,0.64199,0.7023,0.75625
0,0.069698,0.1385,0.20422,0.26662,0.32278,0.37548,0.42745,0.47925,0.53036,0.58107,0.62966,0.66133,0.68854,0.71656,0.74453,0.78594,0.84097,0.86477,0.86489,0.87104
0,0.076536,0.15262,0.22739,0.29842,0.36619,0.43086,0.4905,0.54411,0.59,0.62983,0.67118,0.7058,0.73215,0.75852,0.80629,0.88522,0.99777,1.0674,1.0387,0.94637
0,0.031176,0.061587,0.092688,0.12471,0.15565,0.1857,0.21638,0.24637,0.27501,0.30141,0.32564,0.34643,0.36781,0.3941,0.42372,0.46353,0.52283,0.58023,0.59721,0.59485
