0,0.0043991,0.0085869,0.012572,0.016784,0.020931,0.024559,0.027778,0.030524,0.032561,0.033878,0.033753,0.032749,0.03111,0.029099,0.0271,0.025365,0.024109,0.023158,0.021918,0.019189
0,0.0052519,0.009947,0.013857,0.017717,0.022209,0.027778,0.032797,0.036707,0.04041,0.042892,0.042152,0.039889,0.037338,0.035087,0.033271,0.031393,0.029715,0.028167,0.027008,0.026324
0,0.0051996,0.010044,0.014148,0.018613,0.024852,0.034043,0.042686,0.048644,0.05219,0.054525,0.053815,0.052132,0.049967,0.046017,0.042536,0.039952,0.037858,0.03569,0.034262,0.03377
0,0.0058281,0.011505,0.01585,0.020101,0.02563,0.032896,0.038449,0.042828,0.046425,0.048625,0.047947,0.046339,0.044611,0.043662,0.043497,0.042565,0.040741,0.038557,0.036058,0.034418
0,0.0044473,0.0085049,0.011835,0.015249,0.018909,0.022418,0.025903,0.028716,0.030645,0.031854,0.031889,0.031183,0.029718,0.027831,0.025983,0.024378,0.023035,0.021675,0.020229,0.018165
0,0.0038389,0.0077476,0.011746,0.015716,0.019859,0.023503,0.02661,0.029331,0.03136,0.032739,0.032572,0.031372,0.029752,0.028029,0.026457,0.024741,0.023328,0.022115,0.020386,0.0171
0,0.0042847,0.0081707,0.011786,0.015171,0.019947,0.026485,0.031466,0.035492,0.039441,0.042054,0.04117,0.039021,0.036659,0.034281,0.031721,0.029371,0.027503,0.026069,0.024948,0.02452
0,0.0051582,0.010073,0.014667,0.019752,0.027105,0.037586,0.047492,0.053916,0.057518,0.059924,0.059414,0.057776,0.055089,0.049529,0.045112,0.041797,0.039076,0.036441,0.035128,0.034606
0,0.0061268,0.01095,0.014989,0.020218,0.027661,0.037267,0.045974,0.052511,0.056596,0.058593,0.057377,0.054824,0.051972,0.049328,0.04715,0.044779,0.043088,0.041777,0.039939,0.038391
0,0.0045264,0.0084217,0.012096,0.015357,0.018852,0.022315,0.025937,0.029128,0.031331,0.032551,0.032545,0.031798,0.030429,0.028551,0.026725,0.025193,0.023851,0.022369,0.020507,0.018115
0,0.0033171,0.0068264,0.010608,0.014323,0.018058,0.021652,0.025027,0.028081,0.030209,0.031641,0.031734,0.03096,0.029557,0.027679,0.026024,0.024565,0.023423,0.022296,0.020762,0.018237
0,0.0048279,0.0092038,0.013017,0.016585,0.020844,0.027215,0.033711,0.037915,0.041663,0.044245,0.043555,0.041395,0.038917,0.036396,0.03385,0.03118,0.029227,0.027832,0.026826,0.026706
0,0.0054664,0.010771,0.015444,0.01977,0.025516,0.035045,0.044922,0.052242,0.056263,0.058628,0.05838,0.056962,0.054228,0.049332,0.044575,0.040805,0.037847,0.035333,0.033634,0.033246
0,0.0055253,0.01079,0.015689,0.021642,0.029664,0.038941,0.046613,0.051232,0.054222,0.055973,0.056035,0.056217,0.056446,0.056447,0.055573,0.05353,0.051522,0.049515,0.047065,0.044843
0,0.0043356,0.0080844,0.011526,0.01482,0.01875,0.022544,0.026438,0.029496,0.031523,0.03265,0.032593,0.031881,0.030513,0.028699,0.026895,0.025361,0.023981,0.022521,0.020745,0.018298
0,0.0040087,0.0078224,0.011787,0.015756,0.019833,0.024148,0.027816,0.03098,0.033319,0.03492,0.034663,0.033403,0.031782,0.029813,0.027942,0.026151,0.024842,0.02344,0.020984,0.017921
0,0.0054211,0.010229,0.014707,0.018412,0.022595,0.029388,0.036614,0.040972,0.044771,0.047412,0.04685,0.04496,0.042485,0.039882,0.036962,0.034326,0.032503,0.031271,0.030707,0.03023
0,0.0055848,0.011055,0.015556,0.019089,0.024697,0.034204,0.044321,0.051733,0.055689,0.058003,0.057572,0.055808,0.052613,0.047254,0.042463,0.03897,0.036438,0.034578,0.033152,0.032848
0,0.0066505,0.012189,0.016725,0.021371,0.027057,0.03433,0.040502,0.044782,0.048013,0.04987,0.049424,0.04862,0.047744,0.047053,0.046511,0.045353,0.044157,0.042795,0.041467,0.040229
0,0.0044112,0.007829,0.01097,0.014254,0.017767,0.0219,0.026066,0.028885,0.030478,0.031414,0.031442,0.030894,0.030058,0.028792,0.027175,0.025666,0.024159,0.022559,0.020578,0.017976
0,0.0039616,0.0077012,0.011214,0.015142,0.019758,0.024969,0.029115,0.032648,0.035344,0.037035,0.036719,0.035638,0.034127,0.032186,0.030438,0.028814,0.027684,0.026517,0.024847,0.022583
0,0.0057572,0.01078,0.015245,0.01876,0.022393,0.028116,0.035508,0.040768,0.044628,0.047327,0.046917,0.04489,0.042212,0.039283,0.03652,0.033948,0.032595,0.031722,0.031226,0.030873
0,0.0068712,0.013291,0.019366,0.025769,0.034174,0.044856,0.055425,0.061003,0.064104,0.065713,0.065764,0.065054,0.06315,0.059816,0.056343,0.0529,0.049617,0.047193,0.045013,0.04316
0,0.0055552,0.010911,0.016249,0.021199,0.026621,0.033098,0.038777,0.042312,0.044734,0.046299,0.047194,0.048284,0.049332,0.050365,0.050107,0.049183,0.047871,0.046286,0.044543,0.043078
0,0.0040238,0.0076679,0.011047,0.013983,0.016842,0.019321,0.02211,0.025061,0.027244,0.028532,0.028358,0.027289,0.025906,0.024366,0.022928,0.021573,0.020426,0.01922,0.017654,0.015336
0,0.005073,0.0097941,0.014098,0.018306,0.021841,0.025023,0.028086,0.031353,0.034225,0.035762,0.035558,0.034307,0.032215,0.029795,0.027625,0.02601,0.024806,0.023738,0.022483,0.020369
0,0.0054733,0.010233,0.014457,0.018357,0.022975,0.029037,0.033863,0.038102,0.042354,0.045191,0.044346,0.041875,0.039208,0.036727,0.034695,0.03282,0.031271,0.02994,0.02912,0.028689
0,0.0061306,0.011737,0.01726,0.022305,0.027728,0.036409,0.045127,0.05052,0.054296,0.056574,0.055934,0.054126,0.052038,0.049193,0.046411,0.044145,0.041988,0.03964,0.03797,0.037036
0,0.0063325,0.012419,0.018462,0.024839,0.032085,0.041415,0.049674,0.055292,0.05916,0.061499,0.061018,0.059249,0.056736,0.053886,0.052088,0.05008,0.04789,0.045635,0.043034,0.04099
0,0.0043335,0.0083695,0.011927,0.01495,0.017665,0.020199,0.022971,0.025588,0.027675,0.029028,0.02878,0.027596,0.02604,0.024498,0.023087,0.021739,0.020643,0.019684,0.018359,0.01611
0,0.0037981,0.0079874,0.011974,0.01592,0.019411,0.022571,0.025749,0.02889,0.031564,0.03298,0.032682,0.031435,0.029363,0.027291,0.025441,0.024015,0.022624,0.021248,0.019894,0.017749
0,0.0040947,0.0080527,0.011628,0.015591,0.021027,0.027542,0.032169,0.036586,0.040923,0.043734,0.042816,0.040447,0.037952,0.035372,0.032794,0.030049,0.028146,0.026743,0.026111,0.026218
0,0.0055631,0.011038,0.016504,0.022135,0.029275,0.039663,0.049599,0.055929,0.05961,0.061811,0.061363,0.059675,0.057247,0.053122,0.048964,0.045677,0.042526,0.039579,0.037903,0.037299
0,0.0064466,0.012542,0.018212,0.024445,0.033527,0.046478,0.058233,0.064849,0.068903,0.07134,0.07075,0.068495,0.065416,0.06142,0.057765,0.054285,0.051911,0.049635,0.046664,0.044452
0,0.0039447,0.0078883,0.011479,0.014525,0.017376,0.020026,0.022766,0.025667,0.027979,0.029432,0.029219,0.028159,0.026627,0.025039,0.02351,0.022262,0.021192,0.02009,0.018654,0.016322
0,0.0037229,0.0076878,0.011558,0.015288,0.018884,0.022128,0.025602,0.0289,0.031456,0.033203,0.033145,0.032063,0.030289,0.028415,0.026671,0.025213,0.023899,0.022452,0.021121,0.019366
0,0.0049017,0.00922,0.01331,0.017099,0.022052,0.029057,0.035016,0.039332,0.043633,0.046381,0.045582,0.043108,0.04027,0.037526,0.035126,0.032544,0.030333,0.028908,0.027868,0.027744
0,0.0057106,0.011462,0.017164,0.022459,0.027704,0.03627,0.046316,0.053115,0.057486,0.0599,0.059584,0.058012,0.055256,0.051228,0.047246,0.044004,0.041217,0.038837,0.03734,0.03691
0,0.006517,0.012614,0.018488,0.025719,0.035773,0.047973,0.057883,0.063302,0.066957,0.069225,0.069062,0.068334,0.067111,0.065663,0.063702,0.060752,0.057444,0.054657,0.05082,0.047898
0,0.0038578,0.0074511,0.010779,0.013968,0.017231,0.020332,0.023403,0.0261,0.028125,0.029413,0.029132,0.028092,0.026645,0.025097,0.023656,0.022405,0.021273,0.020063,0.018565,0.01604
0,0.0043514,0.0082202,0.01205,0.015871,0.020135,0.023874,0.027386,0.030883,0.033588,0.035239,0.035043,0.033835,0.032042,0.030061,0.028007,0.026253,0.02474,0.022938,0.020685,0.01866
0,0.0053323,0.010024,0.014282,0.018153,0.022767,0.030396,0.037739,0.041952,0.046151,0.048826,0.048164,0.046018,0.043163,0.040405,0.037533,0.034462,0.032262,0.030782,0.030163,0.029958
0,0.0058138,0.010998,0.016072,0.020608,0.025943,0.034485,0.044917,0.052241,0.056238,0.058584,0.058246,0.056558,0.053606,0.048915,0.044823,0.041631,0.0391,0.037153,0.035721,0.035559
0,0.0071823,0.013497,0.019066,0.02398,0.030184,0.039507,0.048292,0.053601,0.05748,0.059476,0.059067,0.057577,0.055289,0.052754,0.050908,0.048865,0.047236,0.045744,0.043625,0.041545
0,0.0037704,0.0070933,0.010187,0.013158,0.016102,0.01916,0.022342,0.025044,0.026981,0.028105,0.028009,0.027104,0.025835,0.02435,0.023029,0.021793,0.020595,0.019318,0.017539,0.014949
0,0.0041223,0.0078719,0.011693,0.015687,0.020125,0.024263,0.028245,0.032479,0.03556,0.037226,0.036901,0.035589,0.033672,0.031693,0.02995,0.028336,0.026889,0.025481,0.023839,0.022234
0,0.0053137,0.010193,0.014352,0.017825,0.021996,0.029055,0.037277,0.042317,0.046613,0.049448,0.048881,0.046605,0.043694,0.040575,0.037556,0.034244,0.032352,0.031245,0.030757,0.030754
0,0.0072116,0.01409,0.02039,0.02616,0.032322,0.041252,0.0512,0.05683,0.060532,0.06224,0.06225,0.06132,0.058947,0.055614,0.052843,0.049771,0.046758,0.044265,0.042326,0.041105
0,0.0068393,0.013406,0.019289,0.024481,0.03042,0.038138,0.045845,0.049935,0.052921,0.05491,0.055347,0.055028,0.054544,0.054012,0.052964,0.051969,0.051207,0.049853,0.047457,0.044894
0,0.0044228,0.0084674,0.012,0.015198,0.018148,0.020762,0.023684,0.026788,0.028976,0.03025,0.030092,0.029154,0.027876,0.026317,0.02472,0.023286,0.022005,0.020524,0.018718,0.016171
0,0.0037963,0.0075939,0.011459,0.015757,0.019225,0.02214,0.02512,0.028242,0.030674,0.03201,0.031735,0.030583,0.028796,0.026898,0.025163,0.023723,0.02272,0.022014,0.0214,0.019912
0,0.0054593,0.010243,0.014491,0.019206,0.025069,0.031724,0.036224,0.040661,0.045097,0.048089,0.047193,0.044541,0.041746,0.039273,0.037374,0.035684,0.034301,0.033087,0.031602,0.030347
0,0.0061801,0.011998,0.017586,0.022505,0.028894,0.040048,0.051045,0.057027,0.061227,0.064094,0.063273,0.061152,0.059031,0.05657,0.052959,0.049779,0.046925,0.044009,0.041791,0.040888
0,0.006576,0.013594,0.020758,0.029414,0.040952,0.053137,0.06281,0.070786,0.076162,0.079146,0.078573,0.076405,0.073236,0.068884,0.065245,0.062953,0.06049,0.05727,0.054922,0.053443
0,0.0045978,0.008963,0.012414,0.015722,0.018614,0.021331,0.024191,0.026908,0.02892,0.030221,0.030024,0.02899,0.027558,0.025998,0.024276,0.022722,0.021376,0.020099,0.018611,0.01614
0,0.0036115,0.0077367,0.011923,0.015749,0.019196,0.022018,0.024931,0.027719,0.03002,0.031253,0.030964,0.030013,0.028423,0.026763,0.0253,0.024018,0.022946,0.021971,0.021065,0.019092
0,0.0045401,0.0085669,0.012158,0.016774,0.022666,0.029456,0.033725,0.037883,0.042608,0.045731,0.044729,0.042221,0.039531,0.036999,0.034805,0.032469,0.030289,0.028735,0.027371,0.026705
0,0.0058704,0.011435,0.016881,0.022579,0.030406,0.043426,0.054713,0.061273,0.065478,0.068418,0.067722,0.065423,0.062816,0.059175,0.054549,0.050139,0.04655,0.04303,0.041073,0.040732
0,0.0062553,0.013182,0.020571,0.02981,0.043377,0.059545,0.072084,0.081173,0.087058,0.090087,0.089283,0.085929,0.08146,0.075767,0.071211,0.068261,0.065108,0.060511,0.057056,0.055811
0,0.0045077,0.008778,0.012612,0.015853,0.018913,0.021584,0.024437,0.02763,0.029982,0.031349,0.031149,0.030127,0.028697,0.027116,0.025395,0.023927,0.022634,0.02128,0.019559,0.016919
0,0.0038394,0.0081647,0.012018,0.015553,0.018811,0.021732,0.025123,0.028144,0.030599,0.031965,0.031878,0.031125,0.029773,0.028396,0.027075,0.025685,0.024407,0.023338,0.022456,0.021035
0,0.0052477,0.0099774,0.014036,0.018187,0.023793,0.031486,0.036746,0.041202,0.045659,0.048344,0.047504,0.044973,0.042203,0.039492,0.03721,0.035272,0.033424,0.031415,0.02946,0.028529
0,0.0057145,0.01122,0.016497,0.021997,0.027642,0.037996,0.050202,0.057701,0.062367,0.065306,0.064816,0.063052,0.060492,0.056414,0.051739,0.047663,0.044399,0.041202,0.038559,0.038186
0,0.0063048,0.014257,0.024311,0.036087,0.049584,0.063517,0.075086,0.082581,0.088344,0.091376,0.090902,0.088995,0.08575,0.08217,0.078775,0.07557,0.071481,0.067044,0.063743,0.063222
0,0.0043221,0.0085358,0.012203,0.015409,0.018692,0.021991,0.025132,0.027965,0.029998,0.031259,0.031045,0.030084,0.028689,0.027047,0.025433,0.024001,0.022702,0.021389,0.019633,0.01716
0,0.0042095,0.0087567,0.013106,0.017274,0.020675,0.02348,0.026436,0.029724,0.032296,0.033668,0.033456,0.032613,0.031042,0.02925,0.027653,0.026415,0.025141,0.023905,0.022545,0.020823
0,0.005716,0.01075,0.015195,0.019337,0.024709,0.032901,0.03956,0.043783,0.048078,0.050871,0.050146,0.047984,0.045217,0.042437,0.040039,0.037438,0.03504,0.033001,0.031519,0.030579
0,0.0059654,0.011503,0.016645,0.021141,0.026471,0.036169,0.04892,0.057033,0.061618,0.064401,0.063865,0.061925,0.05897,0.054086,0.049167,0.045227,0.042263,0.039617,0.037832,0.037979
0,0.0067887,0.013368,0.019727,0.026777,0.036689,0.049661,0.059099,0.066592,0.07173,0.074204,0.073149,0.07032,0.066567,0.062388,0.058806,0.055638,0.052873,0.05025,0.048519,0.047733
0,0.0042307,0.0079219,0.011409,0.014689,0.017696,0.020788,0.024081,0.026858,0.028912,0.030088,0.029913,0.029063,0.0278,0.026406,0.025028,0.023821,0.022456,0.02088,0.018775,0.016177
0,0.0041048,0.0082531,0.012205,0.016401,0.020483,0.023982,0.02735,0.03107,0.033762,0.035265,0.03511,0.034087,0.032406,0.030542,0.029033,0.027704,0.026715,0.025947,0.02513,0.023868
0,0.005662,0.010704,0.014849,0.018786,0.023869,0.031877,0.04012,0.044831,0.049162,0.052044,0.051457,0.049049,0.046058,0.043066,0.04044,0.037569,0.034922,0.032772,0.031228,0.030915
0,0.0073637,0.01448,0.020632,0.026511,0.032551,0.042405,0.054176,0.061251,0.065599,0.067703,0.067565,0.06634,0.06399,0.060689,0.057404,0.054062,0.050307,0.047174,0.044733,0.043261
0,0.0061154,0.011801,0.017683,0.024484,0.033013,0.042956,0.050793,0.056018,0.059738,0.061927,0.061539,0.060285,0.058422,0.056477,0.05448,0.052484,0.051139,0.049746,0.048313,0.047264
0,0.0041551,0.0076812,0.01092,0.014243,0.017559,0.020385,0.023186,0.026268,0.028611,0.030028,0.029704,0.02858,0.027063,0.025415,0.023871,0.022721,0.02173,0.020371,0.01863,0.016559
0,0.0043306,0.0085007,0.012418,0.016397,0.019427,0.021941,0.024594,0.027433,0.029989,0.031481,0.030876,0.029312,0.02741,0.025541,0.024071,0.022914,0.022266,0.021998,0.021355,0.019526
0,0.0046287,0.0087818,0.012676,0.016718,0.023151,0.031422,0.036753,0.041344,0.045527,0.047728,0.046521,0.044066,0.041249,0.038539,0.036268,0.034442,0.033139,0.031866,0.030329,0.029435
0,0.0050553,0.0097191,0.014717,0.020592,0.029061,0.041659,0.053227,0.059787,0.064839,0.067771,0.06659,0.06409,0.061289,0.058394,0.054944,0.051566,0.048692,0.04603,0.044344,0.044049
0,0.007549,0.015103,0.022883,0.031417,0.041359,0.053317,0.06298,0.069956,0.074808,0.077518,0.076897,0.075101,0.07278,0.069072,0.065333,0.062315,0.058894,0.054853,0.051189,0.049301
0,0.003767,0.0073,0.010447,0.013626,0.016744,0.019762,0.023019,0.026061,0.028344,0.029651,0.029334,0.028206,0.0266,0.024978,0.023438,0.022125,0.02095,0.019855,0.018724,0.016938
0,0.0034802,0.0071288,0.010911,0.014367,0.01759,0.020276,0.023047,0.02605,0.028615,0.030199,0.029565,0.028038,0.026115,0.024511,0.023169,0.022058,0.021242,0.02072,0.019931,0.01814
0,0.0031464,0.0061494,0.0092424,0.013151,0.020906,0.03089,0.036297,0.040368,0.044136,0.046377,0.045327,0.043115,0.040423,0.037942,0.035643,0.033245,0.03173,0.03061,0.029589,0.02997
0,0.0047897,0.0097508,0.015017,0.021843,0.032024,0.04704,0.058725,0.065073,0.070058,0.072779,0.071758,0.069317,0.066317,0.062919,0.058485,0.054331,0.050638,0.047388,0.04495,0.044545
0,0.0075108,0.01425,0.021625,0.030475,0.042215,0.05751,0.070892,0.079329,0.084971,0.087725,0.087028,0.084925,0.081433,0.076267,0.070583,0.065332,0.060308,0.05516,0.050988,0.050187
0,0.0038765,0.0074092,0.010807,0.014172,0.01762,0.020653,0.023597,0.026598,0.028952,0.030401,0.03005,0.028927,0.027307,0.025648,0.024104,0.022857,0.021873,0.020636,0.019145,0.017027
0,0.0039884,0.0078912,0.011551,0.014719,0.017578,0.020223,0.023095,0.026156,0.028719,0.030265,0.029863,0.028777,0.027357,0.02588,0.02461,0.023514,0.022681,0.021933,0.021184,0.020003
0,0.0041515,0.008001,0.011823,0.016055,0.022032,0.030887,0.038086,0.043219,0.047577,0.050027,0.04887,0.046153,0.043056,0.040056,0.037484,0.034868,0.033117,0.031538,0.030368,0.030669
0,0.0049333,0.0096415,0.014821,0.020859,0.028853,0.041408,0.054243,0.061931,0.067301,0.070424,0.069362,0.066873,0.063538,0.059165,0.054512,0.049742,0.046184,0.042902,0.040706,0.041471
0,0.0068505,0.014176,0.022693,0.03322,0.045715,0.061185,0.073727,0.080711,0.08596,0.08886,0.088654,0.08696,0.08326,0.079512,0.074776,0.070279,0.06474,0.05932,0.055789,0.05391
0,0.0035066,0.0066354,0.0097452,0.013059,0.016629,0.020184,0.023525,0.026524,0.028715,0.03,0.029671,0.02861,0.027007,0.025268,0.02371,0.022336,0.021129,0.019886,0.018552,0.01657
0,0.004374,0.0086925,0.01317,0.017538,0.020795,0.023311,0.026267,0.029529,0.032151,0.033638,0.033175,0.031864,0.030115,0.028224,0.02669,0.025546,0.024755,0.024002,0.022777,0.020896
0,0.0045789,0.0087986,0.012694,0.016778,0.022462,0.032635,0.041696,0.046639,0.050893,0.053257,0.052271,0.050099,0.047307,0.044407,0.041581,0.03888,0.036948,0.035609,0.034767,0.034217
0,0.0053501,0.010156,0.014744,0.019828,0.026727,0.038512,0.05166,0.060392,0.065749,0.068988,0.068205,0.065656,0.061983,0.056687,0.051581,0.047396,0.044412,0.041979,0.040824,0.041672
0,0.0085924,0.015832,0.02193,0.028446,0.035862,0.047556,0.05826,0.065522,0.070772,0.073185,0.072599,0.070478,0.066966,0.062527,0.057646,0.05348,0.050028,0.047652,0.045502,0.043666
0,0.0036411,0.0065941,0.0094235,0.012511,0.015487,0.018417,0.0219,0.025093,0.02726,0.02853,0.028304,0.027278,0.02582,0.024249,0.022825,0.021637,0.020588,0.019125,0.017469,0.015524
0,0.0046737,0.009001,0.01338,0.017665,0.021307,0.024505,0.027495,0.030941,0.033701,0.035294,0.034795,0.03354,0.031892,0.030147,0.028677,0.027442,0.026715,0.026176,0.025379,0.024238
0,0.0051976,0.0099032,0.013986,0.017747,0.022784,0.032194,0.042408,0.048159,0.052495,0.055111,0.054193,0.051772,0.048557,0.045299,0.042129,0.038902,0.036662,0.035355,0.034257,0.034587
0,0.0068337,0.013298,0.018978,0.024879,0.031909,0.043251,0.055777,0.064179,0.068672,0.070882,0.070611,0.069273,0.066517,0.062251,0.058452,0.05456,0.051182,0.048007,0.045664,0.045108
0,0.0083164,0.016102,0.021747,0.027042,0.033316,0.042774,0.051847,0.057754,0.062171,0.064779,0.064626,0.062879,0.059943,0.056253,0.053065,0.050908,0.049493,0.047799,0.045432,0.043063
0,0.0046096,0.0088355,0.012574,0.015857,0.019106,0.022338,0.025964,0.029309,0.03163,0.032961,0.033028,0.032164,0.030715,0.028797,0.026847,0.025292,0.02378,0.022181,0.020163,0.017425
0,0.003953,0.0078989,0.011678,0.016131,0.02065,0.02383,0.026738,0.029311,0.031337,0.032598,0.032067,0.030734,0.02911,0.027394,0.026026,0.024897,0.024321,0.023766,0.02256,0.019634
0,0.00529,0.0099643,0.01455,0.019952,0.025982,0.031124,0.035718,0.040112,0.044117,0.046435,0.045366,0.043012,0.040288,0.037882,0.035982,0.034342,0.033337,0.03254,0.031645,0.030499
0,0.0062576,0.011192,0.015771,0.020848,0.028514,0.040256,0.050195,0.055979,0.061253,0.064631,0.063086,0.059838,0.056758,0.054352,0.051738,0.048621,0.045671,0.042937,0.041382,0.041635
0,0.0069989,0.013526,0.020326,0.027922,0.03679,0.048646,0.060744,0.068792,0.074097,0.077033,0.07619,0.073664,0.07079,0.067402,0.063465,0.060155,0.056674,0.052221,0.049378,0.049509
0,0.0046955,0.0091321,0.012867,0.016352,0.019355,0.022533,0.025796,0.028815,0.031022,0.032343,0.032284,0.031362,0.02971,0.027716,0.025867,0.024184,0.022646,0.021265,0.019788,0.017336
0,0.0034931,0.0070106,0.010978,0.01539,0.019715,0.023001,0.025776,0.0283,0.030303,0.031634,0.031091,0.029758,0.028142,0.026605,0.025356,0.024257,0.023493,0.022708,0.021098,0.018119
0,0.0044728,0.0082754,0.012807,0.018306,0.024642,0.029735,0.03408,0.038243,0.042388,0.044804,0.043802,0.04149,0.038839,0.036224,0.033851,0.031705,0.030331,0.029396,0.028664,0.027487
0,0.0056197,0.010542,0.015389,0.021563,0.030935,0.044248,0.054223,0.060314,0.065556,0.068619,0.067159,0.063937,0.060768,0.057638,0.053893,0.050159,0.046597,0.043374,0.041531,0.041528
0,0.0070614,0.0135,0.02038,0.028587,0.038359,0.053322,0.068386,0.077622,0.083693,0.0868,0.08592,0.082995,0.07933,0.074115,0.068305,0.063657,0.059065,0.054076,0.051068,0.051644
0,0.0047647,0.0092661,0.013379,0.017001,0.020223,0.023426,0.026894,0.030369,0.032776,0.03408,0.034098,0.033317,0.03182,0.029893,0.027918,0.026204,0.024671,0.023194,0.021257,0.018353
0,0.0032137,0.0068069,0.010548,0.014311,0.018255,0.021871,0.024741,0.027609,0.029866,0.031255,0.030906,0.029685,0.028194,0.02674,0.02556,0.024748,0.024195,0.023666,0.022471,0.020392
0,0.0054335,0.01007,0.014624,0.020122,0.026885,0.033432,0.038154,0.042757,0.046655,0.048722,0.047849,0.045674,0.043048,0.040483,0.038027,0.036049,0.034791,0.033396,0.031451,0.030032
0,0.0058956,0.010817,0.01569,0.020812,0.027456,0.03899,0.050812,0.057616,0.062973,0.066355,0.065079,0.061921,0.058591,0.055131,0.051403,0.047674,0.044009,0.040541,0.038737,0.039773
0,0.0066897,0.013614,0.021643,0.030803,0.041422,0.056227,0.070472,0.079266,0.08515,0.088246,0.087736,0.085455,0.080948,0.075935,0.071536,0.067598,0.062538,0.057084,0.054166,0.052911
0,0.0044698,0.0089882,0.013095,0.016715,0.020224,0.023962,0.027528,0.030741,0.032968,0.03421,0.034186,0.033333,0.031738,0.02971,0.027838,0.026142,0.0247,0.023291,0.021589,0.019016
0,0.0039551,0.0076281,0.011759,0.015949,0.02031,0.023905,0.026733,0.029921,0.032308,0.03366,0.033198,0.031858,0.029962,0.027986,0.026268,0.025041,0.024189,0.023091,0.020994,0.018702
0,0.0056123,0.010444,0.014874,0.020521,0.028013,0.035696,0.041176,0.045497,0.049315,0.051555,0.050801,0.048925,0.04657,0.043909,0.041349,0.039184,0.03736,0.035374,0.033502,0.031909
0,0.0064576,0.011963,0.016396,0.020799,0.026753,0.037611,0.050024,0.057586,0.063152,0.06633,0.065045,0.06197,0.05835,0.054138,0.04984,0.046286,0.043445,0.040927,0.03986,0.041249
0,0.0078919,0.015179,0.021247,0.027108,0.033611,0.045003,0.057759,0.0665,0.072024,0.074412,0.073576,0.071098,0.067158,0.062379,0.057425,0.05352,0.049819,0.047005,0.045263,0.044798
0,0.0043678,0.0082666,0.012005,0.015372,0.018832,0.02241,0.026213,0.029391,0.031425,0.032503,0.032508,0.031846,0.03064,0.029018,0.027201,0.025611,0.023984,0.022257,0.020364,0.017671
0,0.0035978,0.0070284,0.011231,0.015603,0.020276,0.024395,0.027858,0.031717,0.034496,0.035871,0.035421,0.034125,0.032311,0.030361,0.028712,0.027445,0.02661,0.025741,0.024237,0.022496
0,0.0054141,0.010202,0.014155,0.019135,0.026309,0.034665,0.041192,0.045869,0.049708,0.051866,0.051275,0.049303,0.046676,0.043729,0.041101,0.038866,0.036625,0.034314,0.032437,0.031452
0,0.0075702,0.014557,0.020087,0.025081,0.03092,0.040863,0.052359,0.059842,0.064247,0.066201,0.065634,0.063969,0.061405,0.057936,0.054514,0.05175,0.048657,0.04573,0.043685,0.043157
0,0.0086564,0.016871,0.023237,0.028619,0.034555,0.043321,0.053199,0.059464,0.064238,0.067214,0.066814,0.064688,0.061585,0.05815,0.055345,0.052822,0.051181,0.049625,0.04771,0.045733
0,0.0055846,0.011139,0.016488,0.020364,0.022448,0.024195,0.026366,0.028787,0.031041,0.032463,0.032503,0.031632,0.030269,0.029176,0.028534,0.028441,0.028858,0.029267,0.028802,0.027079
0,0.00669,0.01292,0.018353,0.022966,0.026581,0.029515,0.03288,0.036538,0.039621,0.040979,0.039837,0.037074,0.034349,0.033289,0.03285,0.032745,0.032937,0.033338,0.033343,0.031966
0,0.006399,0.012793,0.018447,0.02383,0.029244,0.034902,0.041016,0.047753,0.052605,0.054777,0.053879,0.050888,0.047912,0.047179,0.047591,0.048036,0.048238,0.048162,0.047865,0.047112
0,0.005682,0.011426,0.016412,0.020833,0.025343,0.030214,0.035999,0.042672,0.047872,0.050817,0.051475,0.050033,0.048484,0.048374,0.049041,0.049083,0.049106,0.049059,0.048455,0.046618
0,0.0050474,0.010408,0.015794,0.020898,0.024973,0.028355,0.031509,0.034449,0.037296,0.040307,0.041032,0.040446,0.04276,0.048154,0.052261,0.05382,0.054317,0.052951,0.050204,0.048151
0,0.005634,0.011229,0.016064,0.019392,0.021681,0.023817,0.02594,0.028339,0.030709,0.032198,0.03205,0.030943,0.029312,0.028074,0.027559,0.027578,0.027815,0.028099,0.02789,0.02593
0,0.0050251,0.0098053,0.014539,0.018843,0.022812,0.026466,0.030422,0.034855,0.038137,0.03942,0.038568,0.0357,0.032213,0.030121,0.02892,0.028313,0.028154,0.028349,0.027985,0.026274
0,0.0054769,0.010855,0.015681,0.020194,0.025184,0.030701,0.036658,0.0433,0.047797,0.050252,0.049479,0.046141,0.04247,0.041724,0.042605,0.043109,0.043462,0.043799,0.043786,0.043002
0,0.0065114,0.01188,0.01602,0.019547,0.024937,0.031148,0.037857,0.044383,0.049312,0.052159,0.052529,0.050128,0.047055,0.045357,0.045484,0.045627,0.045716,0.046305,0.046609,0.04567
0,0.0050941,0.0099238,0.014635,0.01906,0.023079,0.026713,0.030352,0.033986,0.037486,0.041526,0.042887,0.041976,0.043502,0.049868,0.054797,0.057818,0.059308,0.059081,0.056745,0.054168
0,0.0054829,0.010841,0.015486,0.019133,0.021707,0.023695,0.026059,0.028309,0.030511,0.032012,0.031941,0.030931,0.029576,0.028554,0.027949,0.027999,0.028318,0.028723,0.028365,0.026545
0,0.0046861,0.0093231,0.013565,0.017348,0.021063,0.024816,0.029358,0.034525,0.038029,0.039277,0.038264,0.035126,0.030981,0.028592,0.02741,0.026922,0.027245,0.027852,0.027622,0.026339
0,0.0057549,0.011333,0.016339,0.021548,0.026593,0.031885,0.03743,0.043989,0.048946,0.051481,0.050929,0.048087,0.044924,0.044065,0.044573,0.045037,0.045281,0.045387,0.044921,0.043897
0,0.0057001,0.010805,0.01481,0.018786,0.023503,0.028773,0.034459,0.040482,0.045516,0.048741,0.049307,0.047352,0.04483,0.044705,0.044849,0.044981,0.045509,0.045991,0.04531,0.044077
0,0.0065858,0.012904,0.018227,0.021632,0.023346,0.025582,0.02878,0.032794,0.036543,0.040477,0.041103,0.040745,0.046573,0.05754,0.064647,0.069312,0.071658,0.070755,0.067449,0.064468
0,0.0050074,0.0097146,0.014053,0.01769,0.020423,0.022646,0.025423,0.028298,0.030999,0.03275,0.032736,0.031739,0.030123,0.02895,0.028388,0.028379,0.02852,0.02879,0.028445,0.026383
0,0.0061137,0.012053,0.016992,0.021464,0.025157,0.028308,0.031945,0.03675,0.04055,0.042261,0.041434,0.038233,0.034208,0.032137,0.031412,0.031315,0.03138,0.031682,0.031393,0.030419
0,0.0055077,0.011158,0.016282,0.021075,0.026089,0.0309,0.036289,0.04282,0.047855,0.050694,0.050761,0.048626,0.045683,0.044641,0.045354,0.045979,0.046454,0.046668,0.046353,0.044944
0,0.0053219,0.009696,0.013593,0.017818,0.022208,0.026362,0.030285,0.034988,0.039206,0.042596,0.043788,0.042608,0.040657,0.040642,0.040965,0.041204,0.041463,0.041796,0.041079,0.039409
0,0.0048002,0.0091429,0.012768,0.015936,0.018698,0.02146,0.024508,0.028146,0.031532,0.035035,0.03637,0.037015,0.042379,0.051023,0.058439,0.061956,0.06228,0.060148,0.056728,0.053909
0,0.0055827,0.010692,0.01556,0.019391,0.021736,0.023659,0.02558,0.028061,0.030588,0.03248,0.032678,0.031979,0.030852,0.030075,0.029924,0.030121,0.030534,0.030681,0.030034,0.028451
0,0.0056609,0.011373,0.016692,0.021159,0.025101,0.028424,0.032711,0.038207,0.042374,0.044553,0.043883,0.041198,0.037431,0.035117,0.034624,0.034754,0.035262,0.035986,0.036006,0.03473
0,0.0047753,0.0097411,0.014671,0.019386,0.02418,0.029141,0.03442,0.04057,0.045932,0.049364,0.049674,0.047575,0.044819,0.044721,0.045973,0.046902,0.047511,0.047781,0.047558,0.046114
0,0.0064923,0.012903,0.018988,0.024491,0.029208,0.032217,0.03496,0.039424,0.045239,0.050624,0.0524,0.053797,0.055599,0.057807,0.059563,0.06014,0.0603,0.059999,0.058022,0.054708
0,0.0047963,0.0094471,0.013077,0.016031,0.018149,0.020029,0.022556,0.025388,0.029017,0.033504,0.035381,0.037713,0.04494,0.054718,0.061752,0.065233,0.065159,0.062649,0.059541,0.056956
0,0.0054423,0.010404,0.015146,0.018889,0.021451,0.023835,0.026388,0.028517,0.030291,0.031488,0.031317,0.030315,0.02905,0.027906,0.027247,0.027094,0.027401,0.027643,0.02717,0.02533
0,0.0065122,0.012861,0.018645,0.023554,0.027363,0.031077,0.034944,0.038799,0.04164,0.043146,0.042141,0.039284,0.036392,0.035357,0.035306,0.035497,0.035908,0.036586,0.036959,0.035632
0,0.0070483,0.013648,0.019758,0.025502,0.030683,0.036296,0.043433,0.051262,0.056676,0.058821,0.057733,0.054091,0.04959,0.047321,0.047528,0.047675,0.047672,0.047832,0.047815,0.047343
0,0.0056729,0.011337,0.01737,0.023396,0.029959,0.037551,0.045557,0.053214,0.059035,0.062647,0.063081,0.061199,0.0591,0.058666,0.059254,0.059974,0.060602,0.060799,0.060311,0.058856
0,0.0063182,0.012525,0.01868,0.025389,0.032261,0.037745,0.041799,0.045652,0.049539,0.052909,0.053421,0.052154,0.052933,0.056626,0.059376,0.060686,0.060993,0.060205,0.057603,0.054058
0,0.005494,0.010498,0.015275,0.019156,0.022105,0.024506,0.026617,0.028887,0.030951,0.032464,0.032227,0.030848,0.029379,0.028293,0.027576,0.027429,0.027594,0.027743,0.027438,0.025174
0,0.0048694,0.009489,0.013843,0.018142,0.021948,0.025583,0.029733,0.033655,0.036449,0.037961,0.037075,0.0342,0.031066,0.029472,0.028787,0.028627,0.028776,0.029303,0.02973,0.028745
0,0.0062553,0.011945,0.01684,0.021375,0.02647,0.032248,0.039463,0.047264,0.052284,0.054902,0.053801,0.049493,0.043291,0.040647,0.041456,0.042087,0.042429,0.042944,0.043195,0.043057
0,0.0055037,0.010856,0.016117,0.021809,0.028953,0.037281,0.046424,0.054619,0.060561,0.063824,0.063925,0.060623,0.056348,0.054084,0.054419,0.055108,0.055597,0.055818,0.055634,0.055164
0,0.0057695,0.011876,0.018127,0.024784,0.031488,0.037271,0.041998,0.046426,0.05063,0.054982,0.056364,0.055127,0.055136,0.05971,0.063199,0.065073,0.066327,0.066511,0.064733,0.061232
0,0.0048067,0.0092846,0.013495,0.017177,0.020117,0.022708,0.025403,0.02777,0.029781,0.031286,0.031126,0.029919,0.028477,0.027436,0.026882,0.026847,0.027204,0.027477,0.027085,0.02499
0,0.0047643,0.0091676,0.013381,0.017321,0.021146,0.025368,0.030193,0.034828,0.037872,0.039278,0.038448,0.035411,0.031274,0.02928,0.028625,0.02854,0.02875,0.029353,0.029823,0.029187
0,0.0063715,0.012779,0.018512,0.023759,0.028956,0.03386,0.039737,0.04708,0.052317,0.054757,0.054158,0.050793,0.046177,0.044103,0.044416,0.044837,0.044895,0.044915,0.044556,0.043578
0,0.00515,0.010285,0.015494,0.020906,0.027041,0.033672,0.04099,0.048454,0.054252,0.058422,0.058967,0.056113,0.052785,0.052286,0.053506,0.054361,0.054982,0.055266,0.054923,0.054097
0,0.0072016,0.0146,0.021806,0.028008,0.031754,0.034408,0.03821,0.043081,0.048032,0.052414,0.052967,0.052915,0.059239,0.069523,0.074714,0.078432,0.080227,0.079725,0.076612,0.072601
0,0.0046642,0.0088758,0.012779,0.016303,0.018885,0.021306,0.024063,0.026773,0.029255,0.031081,0.031034,0.029875,0.028348,0.027053,0.026364,0.026287,0.026495,0.026632,0.026227,0.024115
0,0.0054796,0.010512,0.015321,0.019695,0.023527,0.027146,0.031508,0.036046,0.039419,0.041161,0.040457,0.037457,0.0334,0.031346,0.031238,0.03162,0.032105,0.032533,0.032702,0.031843
0,0.0062824,0.012609,0.018442,0.023392,0.028124,0.032848,0.038949,0.046379,0.051881,0.054756,0.054528,0.051669,0.046749,0.044258,0.044611,0.045177,0.045374,0.045642,0.045627,0.044426
0,0.0051751,0.010038,0.014936,0.019741,0.024975,0.030305,0.03623,0.042092,0.046954,0.051088,0.052077,0.0503,0.047645,0.047431,0.048297,0.049298,0.049892,0.050167,0.04983,0.048848
0,0.0059191,0.011275,0.015993,0.02031,0.023894,0.027304,0.03109,0.03539,0.040128,0.044895,0.046307,0.046109,0.05045,0.058994,0.065106,0.067496,0.067791,0.066519,0.063093,0.058248
0,0.00517,0.010123,0.014526,0.01822,0.020967,0.023273,0.025569,0.027777,0.029884,0.031603,0.03185,0.03113,0.030114,0.029201,0.028736,0.02868,0.029106,0.029362,0.028703,0.02668
0,0.0048337,0.0097102,0.014469,0.018816,0.022644,0.026464,0.030865,0.035653,0.039406,0.041553,0.040939,0.038027,0.034434,0.032597,0.032646,0.033114,0.033732,0.03456,0.035289,0.034863
0,0.005734,0.011384,0.016545,0.021145,0.025491,0.03032,0.036277,0.043428,0.049263,0.052744,0.052797,0.049574,0.044551,0.043177,0.044209,0.044978,0.045445,0.045607,0.04549,0.044153
0,0.0064303,0.012637,0.018529,0.023642,0.027935,0.031692,0.035641,0.040793,0.046953,0.052917,0.055071,0.056237,0.058028,0.060342,0.06243,0.063656,0.063964,0.063299,0.061896,0.060377
0,0.0051471,0.010168,0.014458,0.017884,0.020611,0.023188,0.026245,0.02957,0.034097,0.039529,0.041444,0.043249,0.049817,0.058799,0.064936,0.068186,0.068969,0.067371,0.063531,0.059214
0,0.0051714,0.010114,0.015116,0.019017,0.021551,0.023681,0.026052,0.028251,0.030096,0.031445,0.031396,0.030489,0.029274,0.028297,0.027745,0.027761,0.028237,0.028619,0.028306,0.026564
0,0.0058572,0.011589,0.016477,0.0205,0.023813,0.027518,0.031807,0.03576,0.03865,0.039946,0.038646,0.035665,0.032877,0.031731,0.031606,0.031993,0.032679,0.033485,0.034009,0.032963
0,0.0070369,0.013972,0.01986,0.025008,0.029924,0.035989,0.044157,0.052439,0.058218,0.060662,0.05958,0.055458,0.050154,0.047155,0.046758,0.047002,0.047606,0.048388,0.048733,0.048292
0,0.0057646,0.011683,0.018024,0.024492,0.031958,0.04008,0.048674,0.056853,0.062912,0.066751,0.067404,0.06505,0.061115,0.059229,0.05977,0.060437,0.061016,0.061386,0.060736,0.058841
0,0.0068298,0.014425,0.02262,0.031817,0.040385,0.048036,0.052646,0.05641,0.059902,0.062951,0.062806,0.058689,0.054739,0.053579,0.053411,0.05321,0.054424,0.055528,0.055829,0.056976
0,0.0050109,0.0099289,0.014532,0.018569,0.021751,0.024393,0.026736,0.029209,0.031486,0.033095,0.032981,0.03178,0.030275,0.029097,0.028452,0.028404,0.028637,0.028879,0.028753,0.026833
0,0.0045801,0.0089124,0.013278,0.017289,0.021271,0.025519,0.029983,0.033675,0.036521,0.037815,0.036698,0.033749,0.030602,0.028623,0.027662,0.027486,0.02774,0.028412,0.028802,0.027726
0,0.0062729,0.01202,0.016935,0.021458,0.026993,0.033544,0.04184,0.049671,0.054817,0.057547,0.056483,0.051746,0.044225,0.040403,0.040636,0.041332,0.041982,0.042759,0.043501,0.043729
0,0.0058329,0.011742,0.017304,0.02329,0.031236,0.040825,0.05089,0.059529,0.065339,0.068861,0.069422,0.066045,0.059754,0.055947,0.055904,0.056401,0.056704,0.056973,0.05689,0.056337
0,0.007204,0.014865,0.02321,0.032595,0.041014,0.047967,0.051695,0.055305,0.059264,0.063717,0.065037,0.061465,0.055704,0.054256,0.054424,0.055461,0.057172,0.058712,0.058976,0.059183
0,0.0049051,0.0094915,0.013743,0.017449,0.020389,0.022971,0.025754,0.028157,0.030121,0.031715,0.031658,0.030634,0.029262,0.028335,0.027785,0.027763,0.028103,0.028439,0.028169,0.026353
0,0.0048034,0.0094354,0.013735,0.017976,0.022369,0.02652,0.031645,0.036107,0.038739,0.039862,0.038719,0.035632,0.032008,0.029764,0.02865,0.02843,0.029004,0.029987,0.03064,0.029759
0,0.0064853,0.012779,0.018497,0.023626,0.028733,0.034126,0.040705,0.048123,0.053608,0.056483,0.055591,0.051529,0.045818,0.042752,0.042607,0.042964,0.043385,0.043916,0.044174,0.043633
0,0.005334,0.010594,0.01607,0.021973,0.029103,0.037117,0.045756,0.053181,0.05883,0.063248,0.064165,0.060538,0.054836,0.052663,0.053119,0.054161,0.054889,0.055141,0.054713,0.053421
0,0.010826,0.023182,0.034461,0.04329,0.048727,0.051269,0.054381,0.057779,0.061559,0.066032,0.066118,0.060652,0.058004,0.061387,0.062838,0.064571,0.066704,0.0683,0.06885,0.069026
0,0.0045578,0.0088913,0.012832,0.016212,0.018969,0.021516,0.024426,0.027023,0.029506,0.031375,0.0315,0.030594,0.029104,0.02784,0.027105,0.02703,0.02727,0.027579,0.027279,0.025345
0,0.0056863,0.011201,0.016291,0.021124,0.025353,0.029176,0.033488,0.037921,0.040893,0.042321,0.041245,0.038013,0.034087,0.031802,0.031149,0.03119,0.031719,0.032641,0.032786,0.031272
0,0.0063355,0.012698,0.018765,0.023901,0.028858,0.033975,0.0403,0.047867,0.053736,0.056866,0.056245,0.052698,0.047118,0.04378,0.043785,0.044463,0.044894,0.045463,0.045706,0.044626
0,0.00553,0.010715,0.016132,0.021829,0.028304,0.034983,0.041427,0.046781,0.051566,0.055687,0.057122,0.054679,0.049617,0.047998,0.048827,0.049562,0.050095,0.05054,0.050472,0.049341
0,0.0067605,0.013719,0.020856,0.027656,0.032739,0.035602,0.037345,0.039976,0.043827,0.047991,0.049924,0.048818,0.05004,0.055531,0.057511,0.058452,0.05921,0.059256,0.057898,0.056083
0,0.0052929,0.010245,0.014564,0.018064,0.020742,0.023102,0.025321,0.027401,0.029619,0.031557,0.031881,0.031302,0.03043,0.029773,0.029444,0.029581,0.030072,0.030271,0.02973,0.027938
0,0.0052112,0.010356,0.015396,0.020245,0.024302,0.028013,0.032508,0.037316,0.04103,0.04278,0.041775,0.038502,0.0349,0.033187,0.032989,0.0334,0.034291,0.035401,0.036048,0.035273
0,0.0059393,0.011658,0.016895,0.021703,0.026334,0.031556,0.038314,0.045783,0.051275,0.054765,0.05446,0.05086,0.045136,0.042806,0.043654,0.044714,0.045208,0.045554,0.045746,0.044598
0,0.0064869,0.012821,0.018986,0.02436,0.028911,0.033542,0.038659,0.044455,0.051031,0.057383,0.05929,0.059221,0.059537,0.060668,0.062566,0.063815,0.064304,0.063818,0.062716,0.060603
0,0.0064241,0.01238,0.017819,0.021962,0.024154,0.024948,0.025734,0.028569,0.03318,0.038449,0.040822,0.041879,0.048786,0.057601,0.060619,0.061393,0.061206,0.0606,0.058189,0.055629
0,0.0057315,0.011378,0.016257,0.019575,0.022067,0.024417,0.026808,0.029007,0.031134,0.032658,0.032524,0.031574,0.030243,0.028947,0.02808,0.028064,0.028729,0.029203,0.028898,0.027251
0,0.0059473,0.011728,0.016869,0.02101,0.02469,0.0286,0.032574,0.035927,0.038647,0.040071,0.038938,0.035945,0.033429,0.032376,0.032159,0.032391,0.03287,0.033551,0.033753,0.032122
0,0.0069113,0.013324,0.01875,0.023614,0.02857,0.03426,0.043116,0.05314,0.059458,0.061822,0.060207,0.054349,0.046613,0.043713,0.042979,0.042771,0.043123,0.043746,0.044114,0.043809
0,0.0059709,0.011825,0.017335,0.023905,0.03242,0.042747,0.053561,0.062078,0.067661,0.071396,0.071101,0.067097,0.059537,0.055648,0.056187,0.057196,0.058553,0.059787,0.060214,0.060116
0,0.0073036,0.014637,0.022436,0.03037,0.039118,0.048267,0.055996,0.061842,0.066838,0.071047,0.071558,0.069168,0.066786,0.066748,0.06839,0.069602,0.070455,0.070118,0.068647,0.065862
0,0.0060677,0.011214,0.01532,0.018293,0.020607,0.022649,0.024835,0.027121,0.02913,0.030712,0.03066,0.029454,0.027905,0.026513,0.025802,0.025796,0.026203,0.026595,0.026547,0.024804
0,0.0044102,0.0084645,0.01213,0.01589,0.020061,0.024825,0.029494,0.033203,0.03608,0.037698,0.036509,0.033443,0.030385,0.028388,0.027332,0.027235,0.027651,0.028341,0.028714,0.027279
0,0.0056708,0.010884,0.015552,0.019969,0.024318,0.030375,0.040282,0.050309,0.056388,0.059017,0.057203,0.050685,0.040927,0.03837,0.039034,0.039597,0.040128,0.041301,0.042817,0.044103
0,0.0059962,0.011801,0.018034,0.02528,0.035076,0.04708,0.059284,0.068399,0.073749,0.077005,0.076828,0.071854,0.061057,0.053712,0.053448,0.054428,0.055534,0.056762,0.058188,0.059535
0,0.0070244,0.014371,0.021944,0.030364,0.039448,0.048709,0.05665,0.061895,0.066765,0.071385,0.072857,0.071171,0.067674,0.067694,0.070494,0.072605,0.073913,0.074198,0.073074,0.070491
0,0.0055343,0.010592,0.015084,0.018405,0.020946,0.023552,0.026248,0.028441,0.030455,0.031947,0.031721,0.030673,0.029125,0.027923,0.027278,0.02734,0.02788,0.028462,0.028218,0.026668
0,0.0044603,0.0089028,0.013262,0.017626,0.022262,0.027083,0.031907,0.036044,0.038828,0.040043,0.038731,0.03556,0.032338,0.030303,0.029158,0.029195,0.030026,0.030871,0.031514,0.030445
0,0.0067288,0.012562,0.018101,0.023389,0.028272,0.03333,0.041252,0.050323,0.056671,0.059455,0.05802,0.052282,0.044983,0.042401,0.042501,0.042361,0.042447,0.043194,0.043974,0.044016
0,0.0057061,0.011227,0.016721,0.023306,0.031493,0.041647,0.052749,0.060856,0.066034,0.069483,0.06995,0.065387,0.055421,0.051141,0.051391,0.052524,0.053896,0.055442,0.056787,0.057482
0,0.0077302,0.015846,0.023946,0.032519,0.039975,0.044809,0.050324,0.057418,0.064246,0.070395,0.072095,0.070917,0.074096,0.082353,0.086553,0.088661,0.089373,0.088914,0.086826,0.083483
0,0.0049775,0.0096139,0.013575,0.016689,0.019174,0.021652,0.024177,0.026475,0.028649,0.030336,0.030415,0.029431,0.027875,0.026757,0.026151,0.026175,0.026585,0.027028,0.02686,0.025442
0,0.0052392,0.010343,0.015078,0.019674,0.024058,0.02837,0.032823,0.036881,0.03986,0.041321,0.039911,0.036387,0.032909,0.030946,0.030101,0.030231,0.031129,0.032226,0.03259,0.030848
0,0.0066332,0.01261,0.018018,0.022643,0.027103,0.032104,0.039674,0.049193,0.056241,0.059529,0.058574,0.053363,0.046131,0.043021,0.043005,0.043198,0.043541,0.044494,0.045358,0.044896
0,0.0055564,0.010867,0.01619,0.02276,0.030863,0.03953,0.047788,0.053771,0.057925,0.061251,0.062113,0.058878,0.051079,0.048245,0.048639,0.049735,0.050958,0.052493,0.053599,0.054377
0,0.0066838,0.012828,0.018736,0.024133,0.028993,0.033438,0.038993,0.045185,0.051122,0.056173,0.058467,0.058081,0.060454,0.066277,0.069729,0.071065,0.071612,0.070844,0.068078,0.064185
0,0.0055501,0.010794,0.014974,0.017991,0.020388,0.022339,0.02424,0.026156,0.028083,0.029701,0.029845,0.029013,0.028005,0.02724,0.02693,0.027242,0.027986,0.028409,0.028045,0.026626
0,0.0052593,0.010288,0.015181,0.019931,0.024417,0.028704,0.033234,0.037611,0.041021,0.042882,0.041921,0.039138,0.036229,0.034877,0.034548,0.035017,0.035949,0.036978,0.037452,0.036252
0,0.0065411,0.012718,0.018351,0.023467,0.027991,0.033127,0.041046,0.049938,0.055787,0.058937,0.058251,0.053693,0.046691,0.044632,0.044743,0.044894,0.045165,0.045883,0.046562,0.046093
0,0.0068475,0.014004,0.020799,0.027336,0.033796,0.040732,0.04775,0.054119,0.059505,0.063746,0.064212,0.061819,0.059308,0.059118,0.060753,0.062328,0.063723,0.064739,0.065212,0.064677
0,0.0066897,0.013262,0.019336,0.024844,0.029444,0.033401,0.037684,0.042615,0.048732,0.05506,0.058486,0.060419,0.065482,0.071358,0.075284,0.077199,0.077655,0.076208,0.072819,0.068856
0,0.0053804,0.01045,0.015397,0.019627,0.022528,0.024849,0.027168,0.029619,0.031838,0.033354,0.03342,0.032483,0.031071,0.029913,0.029271,0.029083,0.029357,0.029633,0.029114,0.027146
0,0.0057993,0.011263,0.015867,0.019742,0.022763,0.025454,0.028869,0.032594,0.03573,0.037655,0.036821,0.033954,0.031343,0.030094,0.029726,0.030108,0.030769,0.031411,0.031714,0.03049
0,0.0070633,0.013548,0.0194,0.024871,0.030289,0.037452,0.045496,0.05293,0.058002,0.060132,0.059065,0.054713,0.048613,0.045756,0.045358,0.046071,0.047099,0.04811,0.048974,0.049057
0,0.0066862,0.013258,0.019056,0.024775,0.032136,0.041159,0.051001,0.059484,0.064846,0.068095,0.067754,0.064381,0.058127,0.05482,0.05518,0.056125,0.057084,0.057947,0.058353,0.058166
0,0.0064678,0.013509,0.021613,0.030302,0.039328,0.048146,0.05512,0.06098,0.06544,0.069446,0.070311,0.067728,0.063536,0.061615,0.062732,0.06387,0.064723,0.065101,0.064581,0.063979
0,0.0055706,0.011003,0.015934,0.020483,0.023815,0.026652,0.028669,0.030969,0.033108,0.034794,0.034792,0.033619,0.032011,0.03074,0.029962,0.029739,0.029789,0.029966,0.029788,0.027611
0,0.004475,0.0086429,0.012431,0.016069,0.019495,0.023058,0.027357,0.031538,0.034841,0.036818,0.035872,0.032721,0.029533,0.027642,0.026615,0.02643,0.027033,0.027622,0.027627,0.026224
0,0.005838,0.011466,0.016504,0.021527,0.027324,0.034667,0.043341,0.051231,0.05614,0.058146,0.05687,0.051902,0.044659,0.040856,0.040373,0.041222,0.042397,0.043785,0.04525,0.045775
0,0.0065709,0.012666,0.018378,0.025166,0.034257,0.045299,0.056783,0.065876,0.07107,0.074,0.073642,0.069742,0.061215,0.054831,0.054348,0.055406,0.056282,0.057244,0.058568,0.060216
0,0.0064866,0.013675,0.021441,0.030015,0.039177,0.048088,0.055558,0.060936,0.06539,0.070002,0.071877,0.070446,0.065777,0.063688,0.065766,0.06801,0.06921,0.070016,0.070063,0.068948
0,0.0053644,0.010497,0.015036,0.019075,0.022057,0.024598,0.027383,0.029861,0.032096,0.03368,0.033704,0.032701,0.031233,0.030192,0.029496,0.02937,0.029527,0.029832,0.02944,0.027121
0,0.0040052,0.0079252,0.011768,0.015242,0.018832,0.022552,0.027418,0.032615,0.036152,0.037939,0.036768,0.033407,0.029783,0.027741,0.026796,0.027111,0.028068,0.02874,0.02903,0.027968
0,0.0065845,0.012625,0.018369,0.023937,0.029426,0.036373,0.043985,0.050794,0.055961,0.058403,0.057362,0.052727,0.046514,0.04327,0.042551,0.043184,0.044199,0.045398,0.046398,0.04626
0,0.0059247,0.011451,0.016703,0.022694,0.030266,0.040599,0.051649,0.059505,0.064049,0.067429,0.067591,0.063734,0.055587,0.051114,0.051515,0.052574,0.053684,0.054972,0.055999,0.056569
0,0.0076929,0.015791,0.024251,0.032693,0.040221,0.045681,0.050696,0.056853,0.063025,0.068985,0.070753,0.069288,0.069344,0.073345,0.076471,0.079011,0.080182,0.08022,0.079203,0.077696
0,0.0047375,0.0092434,0.013173,0.016859,0.019831,0.022612,0.025594,0.0284,0.031079,0.033189,0.033386,0.032417,0.030718,0.02932,0.028448,0.028278,0.028399,0.028742,0.028427,0.026244
0,0.0051719,0.010126,0.01474,0.018843,0.02256,0.025874,0.030087,0.034367,0.037742,0.039747,0.038752,0.035188,0.031088,0.029174,0.028422,0.028551,0.029278,0.03006,0.03038,0.029586
0,0.0064811,0.012847,0.018599,0.024122,0.029683,0.035903,0.043379,0.051018,0.056382,0.059245,0.058508,0.054411,0.048419,0.044954,0.044466,0.045275,0.046292,0.047344,0.048342,0.047882
0,0.0063348,0.012432,0.017973,0.024008,0.031436,0.040142,0.048281,0.054532,0.058353,0.061447,0.062045,0.058914,0.052053,0.048354,0.049118,0.050294,0.051637,0.05296,0.054227,0.054269
0,0.0068137,0.013091,0.018998,0.024584,0.029788,0.034975,0.040066,0.045615,0.051031,0.056478,0.058672,0.058352,0.059272,0.062743,0.065751,0.067142,0.067276,0.066508,0.064063,0.060668
0,0.0054144,0.010507,0.015263,0.019126,0.022192,0.024575,0.026681,0.028916,0.031242,0.033338,0.033818,0.033166,0.032043,0.031233,0.030804,0.030745,0.031008,0.031138,0.030668,0.028788
0,0.0052362,0.010259,0.014693,0.018543,0.021948,0.025205,0.029527,0.03454,0.038882,0.041181,0.04032,0.037235,0.033711,0.032073,0.031805,0.032331,0.033238,0.034085,0.034431,0.033738
0,0.0061197,0.012074,0.017445,0.022531,0.027636,0.033777,0.041344,0.04885,0.053969,0.057129,0.056661,0.05262,0.046593,0.043631,0.044091,0.045331,0.046493,0.047572,0.04824,0.047733
0,0.0069246,0.014052,0.020902,0.027287,0.033388,0.039769,0.046771,0.053571,0.058971,0.063272,0.063835,0.062368,0.059781,0.059631,0.062033,0.064093,0.06499,0.065339,0.065095,0.063655
0,0.0061889,0.012505,0.018865,0.024815,0.030081,0.034369,0.038308,0.042858,0.048789,0.055222,0.058479,0.060234,0.064266,0.068527,0.071805,0.073944,0.074277,0.072995,0.069814,0.066052
0,0.0076215,0.014764,0.021065,0.026901,0.032382,0.036705,0.039229,0.040621,0.042358,0.043697,0.043362,0.041844,0.040215,0.039418,0.038269,0.037171,0.036937,0.03809,0.039674,0.039701
0,0.0093386,0.017248,0.024217,0.030573,0.035736,0.040029,0.043339,0.046248,0.049328,0.051468,0.050863,0.048062,0.045257,0.043882,0.042955,0.042603,0.043445,0.044576,0.044842,0.044247
0,0.0062256,0.012794,0.019382,0.025044,0.029919,0.03471,0.040231,0.046767,0.052145,0.055826,0.056104,0.052878,0.049456,0.050239,0.052393,0.053618,0.055071,0.05561,0.055081,0.054157
0,0.0078872,0.016543,0.025186,0.032059,0.035631,0.037938,0.040897,0.043768,0.045733,0.047176,0.047453,0.045582,0.042076,0.043433,0.046093,0.047728,0.049816,0.050901,0.05149,0.05067
0,0.0055927,0.011439,0.016888,0.021961,0.026569,0.030598,0.033933,0.03591,0.037882,0.039196,0.039383,0.038418,0.035501,0.033452,0.035649,0.039445,0.04482,0.049741,0.051018,0.052595
0,0.0076141,0.015486,0.022334,0.028279,0.033524,0.037188,0.039217,0.041095,0.04287,0.04391,0.043455,0.042015,0.040363,0.03942,0.038166,0.037126,0.037178,0.038454,0.039794,0.039884
0,0.0068212,0.013467,0.019512,0.024566,0.029074,0.033293,0.036858,0.040232,0.043907,0.046944,0.046563,0.042808,0.038412,0.036434,0.035457,0.034824,0.03495,0.035819,0.037246,0.037699
0,0.0064924,0.013202,0.019309,0.025149,0.030317,0.03513,0.040615,0.045746,0.049705,0.053142,0.053023,0.050006,0.04669,0.048059,0.049116,0.0491,0.051221,0.054261,0.05441,0.052416
0,0.0084949,0.017893,0.027321,0.034527,0.038785,0.041748,0.045404,0.047807,0.048969,0.049939,0.050289,0.049117,0.045886,0.045849,0.048579,0.04998,0.052103,0.05486,0.054459,0.053268
0,0.0065855,0.012294,0.017655,0.022551,0.027001,0.031172,0.034404,0.036744,0.038358,0.039245,0.039425,0.038794,0.035548,0.032338,0.03514,0.042279,0.049821,0.05458,0.054723,0.055512
0,0.0071278,0.0141,0.020468,0.026236,0.031152,0.034666,0.036861,0.038486,0.040091,0.041134,0.040791,0.039335,0.037983,0.037419,0.036572,0.035636,0.03552,0.036632,0.038033,0.038024
0,0.0065006,0.012846,0.018433,0.023659,0.02882,0.033583,0.037294,0.040396,0.043912,0.047285,0.04674,0.042974,0.039266,0.037226,0.036022,0.035377,0.035529,0.036463,0.038916,0.039925
0,0.0054512,0.010802,0.015878,0.020884,0.025645,0.030715,0.036677,0.041814,0.04562,0.048796,0.049217,0.04646,0.043098,0.044128,0.046476,0.047666,0.049433,0.05027,0.04966,0.048269
0,0.0084127,0.017105,0.024914,0.030487,0.033993,0.037244,0.040883,0.043168,0.043646,0.04473,0.045043,0.044034,0.040855,0.041957,0.046171,0.047582,0.049291,0.051964,0.051016,0.049544
0,0.0063849,0.013268,0.02059,0.02727,0.032946,0.037503,0.041634,0.043543,0.044021,0.044273,0.043916,0.042871,0.039991,0.036574,0.035015,0.038342,0.049833,0.060367,0.062159,0.061605
0,0.0065655,0.013102,0.019138,0.024411,0.029136,0.032959,0.035244,0.036994,0.038889,0.04016,0.039896,0.038543,0.036732,0.035394,0.03427,0.033768,0.034292,0.035749,0.037405,0.037483
0,0.0066515,0.013567,0.020206,0.026434,0.03229,0.037044,0.040922,0.044055,0.047445,0.050716,0.050472,0.047151,0.044778,0.044158,0.042865,0.041909,0.041558,0.042017,0.043432,0.043503
0,0.005021,0.01053,0.015978,0.020891,0.025526,0.030631,0.03634,0.040475,0.044118,0.047187,0.047434,0.044918,0.042138,0.043581,0.046379,0.048491,0.050738,0.052212,0.051745,0.049969
0,0.0070539,0.014686,0.022476,0.028361,0.032122,0.03588,0.039021,0.040413,0.040499,0.041177,0.041725,0.041403,0.039064,0.04002,0.043909,0.04541,0.047832,0.049503,0.048804,0.046068
0,0.0059826,0.011688,0.017029,0.021869,0.026178,0.029911,0.032726,0.03414,0.034612,0.03484,0.034739,0.034723,0.034152,0.032615,0.033062,0.037042,0.044907,0.052496,0.052077,0.051019
0,0.0070459,0.013758,0.020134,0.025742,0.030605,0.034575,0.037043,0.0386,0.04017,0.041226,0.041137,0.040097,0.038758,0.038167,0.037254,0.036597,0.036726,0.038004,0.039616,0.03938
0,0.0062558,0.012464,0.018261,0.023934,0.028991,0.0335,0.037284,0.040862,0.045089,0.048759,0.048242,0.044663,0.04202,0.041915,0.042445,0.042555,0.04265,0.042684,0.043564,0.043563
0,0.0049048,0.0097509,0.014418,0.01897,0.023739,0.028798,0.034012,0.038144,0.041151,0.044073,0.044754,0.042644,0.040071,0.041584,0.043886,0.04515,0.047739,0.050016,0.050467,0.049121
0,0.006945,0.013895,0.020417,0.026665,0.032876,0.037921,0.041821,0.043262,0.044312,0.045384,0.045535,0.044809,0.043195,0.042745,0.04636,0.050323,0.0542,0.05773,0.056801,0.053907
0,0.0049672,0.009982,0.014961,0.019519,0.023434,0.026574,0.028636,0.030162,0.03139,0.032757,0.0337,0.034366,0.034205,0.033892,0.036278,0.041709,0.049221,0.056962,0.057059,0.055078
0,0.0066174,0.013095,0.019033,0.024252,0.028888,0.032213,0.034339,0.036196,0.038387,0.039826,0.039581,0.038199,0.036306,0.035489,0.034611,0.03352,0.033649,0.035204,0.036518,0.036431
0,0.0075421,0.014227,0.020241,0.026481,0.032181,0.036731,0.040445,0.044519,0.04798,0.050167,0.04974,0.046941,0.043502,0.041827,0.041554,0.041168,0.042334,0.04377,0.045084,0.045323
0,0.0067916,0.014387,0.021605,0.028023,0.033204,0.038011,0.043729,0.050473,0.05626,0.060371,0.060402,0.055969,0.050995,0.050707,0.051568,0.052394,0.053862,0.054728,0.055456,0.055447
0,0.0067885,0.013402,0.019759,0.025842,0.030964,0.036748,0.042693,0.048588,0.052851,0.055783,0.056135,0.053609,0.048127,0.047022,0.050846,0.054434,0.058165,0.060689,0.062187,0.061409
0,0.0061628,0.012716,0.019044,0.025452,0.031457,0.036763,0.041021,0.043749,0.045686,0.047056,0.047205,0.045655,0.040336,0.036542,0.038515,0.042384,0.047584,0.052572,0.053305,0.054058
0,0.006868,0.01395,0.020441,0.02615,0.030935,0.034788,0.037339,0.039574,0.041461,0.042522,0.042095,0.040626,0.038944,0.038224,0.03674,0.035452,0.035551,0.03721,0.038739,0.038557
0,0.0056463,0.011014,0.016175,0.021553,0.026631,0.030807,0.034453,0.038181,0.041732,0.044379,0.044103,0.040734,0.036944,0.035449,0.035314,0.035304,0.036094,0.036493,0.038275,0.039503
0,0.0076264,0.015405,0.021758,0.027817,0.033072,0.037677,0.042832,0.048271,0.052787,0.056673,0.056295,0.05196,0.04637,0.046469,0.046479,0.047028,0.049312,0.051647,0.052657,0.05232
0,0.0077895,0.015964,0.023036,0.029322,0.034542,0.040536,0.046642,0.052029,0.055975,0.058337,0.058904,0.056076,0.050308,0.048576,0.051403,0.053803,0.057057,0.060389,0.061742,0.06107
0,0.006438,0.013496,0.020733,0.027202,0.032909,0.038112,0.042028,0.04472,0.046348,0.047496,0.047984,0.047093,0.041777,0.036205,0.040092,0.047467,0.053612,0.058119,0.058688,0.059021
0,0.006315,0.012723,0.018635,0.023803,0.027938,0.031202,0.033448,0.035393,0.037411,0.038629,0.038274,0.036855,0.035086,0.034677,0.034007,0.033127,0.03328,0.034618,0.036003,0.03591
0,0.0057426,0.011526,0.017036,0.022762,0.028597,0.033608,0.037752,0.04143,0.045324,0.048262,0.047845,0.044262,0.040713,0.039012,0.038159,0.037996,0.03844,0.039726,0.042903,0.044796
0,0.0061794,0.012648,0.018884,0.024809,0.030098,0.035222,0.041088,0.046566,0.050831,0.054265,0.054381,0.0505,0.045481,0.045537,0.046767,0.0475,0.04917,0.050291,0.050109,0.049276
0,0.0071485,0.014172,0.020495,0.025897,0.03115,0.036689,0.041955,0.04656,0.049781,0.051835,0.052049,0.049176,0.043811,0.044499,0.049004,0.052728,0.056083,0.058403,0.05865,0.058055
0,0.0069009,0.014531,0.022223,0.029682,0.036381,0.042439,0.046097,0.047776,0.049344,0.050926,0.050879,0.049031,0.045273,0.040819,0.040246,0.046026,0.058475,0.069645,0.070583,0.068402
0,0.005987,0.012094,0.017228,0.021821,0.025916,0.028924,0.030977,0.032766,0.034789,0.036247,0.035976,0.034519,0.03262,0.031779,0.031017,0.030422,0.030769,0.032337,0.034079,0.033999
0,0.0062778,0.012445,0.018163,0.024062,0.029697,0.034698,0.038609,0.042077,0.045354,0.048045,0.047885,0.044908,0.042515,0.041995,0.041711,0.041658,0.042129,0.042725,0.043859,0.044202
0,0.006293,0.01223,0.018266,0.023995,0.028908,0.033945,0.039772,0.045164,0.049237,0.052161,0.05222,0.048843,0.043572,0.043939,0.045912,0.047287,0.04944,0.05103,0.051392,0.050774
0,0.0071813,0.01447,0.020521,0.025558,0.030166,0.034853,0.038737,0.041336,0.042944,0.043993,0.04448,0.043272,0.039334,0.04039,0.04531,0.049875,0.053049,0.054513,0.054392,0.052815
0,0.0064172,0.012864,0.018652,0.023746,0.027896,0.031342,0.034146,0.036118,0.037406,0.038853,0.039275,0.038278,0.035643,0.033596,0.035563,0.040582,0.048528,0.055541,0.054316,0.052407
0,0.0056372,0.011254,0.016582,0.021554,0.025781,0.029199,0.031908,0.033814,0.035471,0.036888,0.036879,0.035884,0.034498,0.033822,0.032979,0.032134,0.03261,0.03438,0.036069,0.035736
0,0.0052094,0.010539,0.015896,0.021206,0.026398,0.031198,0.035562,0.039798,0.044096,0.04701,0.046589,0.043034,0.039719,0.038802,0.039602,0.040491,0.041424,0.041865,0.043796,0.044921
0,0.0058301,0.011425,0.016707,0.022232,0.027402,0.032575,0.038463,0.043285,0.046832,0.049767,0.049935,0.046631,0.041855,0.042415,0.043985,0.045124,0.04793,0.049969,0.050487,0.049894
0,0.0066529,0.013751,0.020969,0.027606,0.032686,0.036921,0.040606,0.042957,0.044307,0.045577,0.045903,0.045115,0.042875,0.044087,0.049597,0.055339,0.060023,0.061879,0.061809,0.059985
0,0.0052914,0.010495,0.015728,0.020275,0.024353,0.027578,0.029602,0.03129,0.033096,0.035086,0.035931,0.035812,0.034238,0.033689,0.038007,0.04347,0.049423,0.056529,0.056863,0.05464
0,0.0069174,0.013548,0.019456,0.024698,0.029404,0.033371,0.035645,0.037429,0.039396,0.040753,0.040536,0.039185,0.037425,0.036433,0.035402,0.034431,0.03457,0.036191,0.037745,0.037559
0,0.0078852,0.015458,0.022123,0.027943,0.033468,0.038124,0.041431,0.044583,0.047726,0.049996,0.049676,0.046814,0.043689,0.042543,0.042034,0.041975,0.042714,0.043923,0.045939,0.046432
0,0.0070367,0.014243,0.021398,0.02833,0.034214,0.039368,0.045541,0.052581,0.058464,0.062669,0.06255,0.057744,0.051192,0.049797,0.050364,0.051645,0.053296,0.054297,0.055583,0.056611
0,0.0066568,0.012897,0.019201,0.025663,0.031867,0.038715,0.045863,0.052376,0.056698,0.059905,0.060219,0.057174,0.050204,0.047838,0.050848,0.054081,0.057986,0.061613,0.063554,0.063592
0,0.0097089,0.019209,0.0278,0.035009,0.041753,0.047666,0.052957,0.055635,0.056568,0.057471,0.057939,0.056933,0.052044,0.049749,0.054137,0.055772,0.057252,0.061959,0.063818,0.064908
0,0.0069293,0.01362,0.019949,0.025425,0.03037,0.034041,0.036957,0.039241,0.041191,0.04249,0.04221,0.040647,0.038746,0.037514,0.036178,0.035142,0.035327,0.037145,0.039007,0.03895
0,0.0061447,0.012335,0.018086,0.023293,0.028039,0.032524,0.036377,0.040042,0.043591,0.046442,0.046145,0.042476,0.03844,0.036591,0.035676,0.035009,0.035117,0.037059,0.040679,0.042067
0,0.007737,0.015056,0.021724,0.027662,0.032868,0.038179,0.044672,0.050718,0.055774,0.059411,0.058919,0.054156,0.046112,0.044349,0.044876,0.045428,0.048032,0.049667,0.050928,0.051612
0,0.0073607,0.014679,0.021699,0.027976,0.034097,0.041458,0.049418,0.055543,0.059852,0.062712,0.063243,0.060234,0.0524,0.048483,0.050166,0.052693,0.056173,0.060563,0.062979,0.063786
0,0.0094712,0.018176,0.026321,0.032725,0.039332,0.046457,0.051857,0.054447,0.054908,0.05556,0.056599,0.056964,0.051474,0.048219,0.054265,0.057974,0.060915,0.064823,0.066349,0.068257
0,0.0061843,0.012308,0.018078,0.02311,0.027393,0.030818,0.033428,0.035492,0.037472,0.038863,0.038514,0.037095,0.035184,0.034101,0.033367,0.032637,0.03287,0.034291,0.035877,0.035888
0,0.0056385,0.011469,0.017164,0.02307,0.028716,0.033907,0.038216,0.041927,0.045575,0.048587,0.048162,0.044633,0.040977,0.03866,0.037438,0.036758,0.03731,0.040212,0.044781,0.046593
0,0.0062741,0.012713,0.019271,0.025727,0.031326,0.036952,0.043569,0.049575,0.054177,0.057533,0.057439,0.053157,0.046831,0.046133,0.047578,0.049314,0.051241,0.051412,0.051351,0.051327
0,0.0065791,0.013039,0.019205,0.025768,0.032308,0.039264,0.045559,0.050262,0.053395,0.055638,0.05592,0.052979,0.046149,0.043815,0.047186,0.050619,0.054088,0.05692,0.058127,0.058875
0,0.0085587,0.017358,0.025817,0.034473,0.045875,0.055476,0.060532,0.061157,0.060368,0.06041,0.060565,0.059172,0.055804,0.049514,0.046315,0.050665,0.057466,0.065346,0.067691,0.068417
0,0.0060843,0.011933,0.017034,0.021571,0.025527,0.028571,0.031137,0.033315,0.035199,0.036713,0.03648,0.035137,0.033134,0.031825,0.031124,0.03071,0.031124,0.032719,0.034449,0.034552
0,0.0062621,0.012575,0.018452,0.024286,0.030533,0.035759,0.040178,0.043584,0.046705,0.049542,0.049622,0.046479,0.043708,0.042764,0.041745,0.041148,0.041365,0.043063,0.04635,0.047498
0,0.0060469,0.012257,0.018546,0.024424,0.029705,0.035417,0.041873,0.047766,0.05251,0.055904,0.055595,0.051484,0.045168,0.044632,0.047082,0.049188,0.051697,0.052483,0.052166,0.052554
0,0.00693,0.013874,0.020164,0.025722,0.031386,0.037249,0.042149,0.045189,0.04701,0.048261,0.048845,0.04752,0.042587,0.041406,0.045924,0.049958,0.053244,0.05505,0.055537,0.055545
0,0.0077797,0.016392,0.025348,0.032437,0.037488,0.041717,0.044965,0.046107,0.046464,0.046839,0.047578,0.0474,0.045669,0.044178,0.04654,0.050571,0.05436,0.057869,0.056375,0.054643
0,0.0057927,0.011651,0.016983,0.021964,0.026138,0.029487,0.03216,0.034338,0.036497,0.037868,0.0378,0.036778,0.035106,0.034035,0.033187,0.032546,0.033002,0.034848,0.036756,0.036723
0,0.0057228,0.011575,0.017446,0.02315,0.028573,0.033688,0.037969,0.041295,0.044998,0.048376,0.048056,0.044849,0.041949,0.041238,0.041399,0.041692,0.042167,0.043577,0.04716,0.048153
0,0.0060113,0.011857,0.017653,0.023329,0.028703,0.034686,0.040931,0.047065,0.051484,0.054619,0.054684,0.05084,0.044283,0.043646,0.046172,0.048368,0.050917,0.052094,0.051605,0.052201
0,0.0063279,0.013147,0.019867,0.026249,0.031423,0.036439,0.040869,0.044051,0.046166,0.048035,0.048293,0.046749,0.043723,0.043771,0.048744,0.054677,0.059264,0.06133,0.062277,0.06165
0,0.0073589,0.014831,0.021507,0.027189,0.03208,0.035759,0.038299,0.038955,0.039108,0.039181,0.039631,0.039488,0.038294,0.038232,0.041813,0.045589,0.049566,0.052988,0.051946,0.049996
0,0.0077123,0.015651,0.023163,0.029744,0.035481,0.03989,0.042389,0.043819,0.045377,0.046595,0.046321,0.044934,0.043253,0.042439,0.041423,0.040598,0.040882,0.042559,0.043931,0.044023
0,0.0070762,0.014064,0.020601,0.026429,0.032539,0.037569,0.041127,0.045067,0.048512,0.050748,0.050542,0.048263,0.045141,0.043533,0.042611,0.042147,0.043146,0.0449,0.047132,0.04758
0,0.0083213,0.017272,0.025983,0.033678,0.039688,0.044093,0.047885,0.053207,0.060159,0.065653,0.065362,0.058668,0.052919,0.051778,0.051102,0.051065,0.051639,0.052704,0.054447,0.055032
0,0.0072013,0.014697,0.021911,0.028428,0.034402,0.041582,0.049518,0.057478,0.064457,0.069292,0.069762,0.065393,0.056246,0.053004,0.0559,0.058743,0.061816,0.064786,0.068246,0.069483
0,0.0090982,0.018402,0.027554,0.036162,0.04352,0.051029,0.057321,0.061042,0.063059,0.064598,0.064887,0.063292,0.058359,0.054762,0.056577,0.059531,0.063338,0.069269,0.070513,0.067548
0,0.0078145,0.015776,0.023656,0.030802,0.036604,0.04065,0.043044,0.044755,0.046229,0.04722,0.046764,0.045351,0.044086,0.043563,0.042475,0.041281,0.04117,0.042346,0.043709,0.04372
0,0.00585,0.011628,0.016999,0.02175,0.026238,0.030358,0.034254,0.038442,0.042229,0.045299,0.045081,0.041783,0.037646,0.035155,0.033944,0.033582,0.034452,0.036925,0.040915,0.042226
0,0.0081016,0.01667,0.02548,0.032498,0.03798,0.041817,0.045754,0.051674,0.058048,0.062194,0.061878,0.056164,0.049766,0.049193,0.048047,0.048217,0.049574,0.050715,0.051781,0.052958
0,0.0078644,0.015909,0.023215,0.029333,0.035269,0.04377,0.052711,0.060897,0.067843,0.072646,0.073414,0.069294,0.060056,0.055274,0.057112,0.059274,0.062188,0.065793,0.069777,0.072878
0,0.010123,0.020461,0.029881,0.038352,0.045832,0.052956,0.059137,0.062325,0.063322,0.063974,0.064887,0.064465,0.059131,0.05478,0.058787,0.065106,0.070794,0.074841,0.074395,0.072288
0,0.0070508,0.01416,0.021008,0.027233,0.032774,0.036685,0.038954,0.040701,0.042142,0.04324,0.04286,0.041533,0.040076,0.039286,0.038336,0.037616,0.037874,0.039277,0.040621,0.040534
0,0.0052783,0.010426,0.01526,0.020234,0.025344,0.030208,0.034823,0.039337,0.043374,0.046525,0.046303,0.042796,0.038927,0.03618,0.034678,0.033819,0.034711,0.038368,0.043464,0.04511
0,0.0072442,0.014995,0.023277,0.031246,0.037923,0.042942,0.046732,0.0521,0.058193,0.062786,0.062783,0.05698,0.051143,0.050224,0.049598,0.049892,0.050928,0.051025,0.051664,0.051119
0,0.007319,0.014501,0.020701,0.026454,0.03267,0.04086,0.048687,0.055619,0.061071,0.064706,0.065052,0.060828,0.052268,0.04958,0.052483,0.054723,0.056912,0.05934,0.063679,0.067304
0,0.0090546,0.018823,0.028592,0.038262,0.046834,0.054864,0.060106,0.06181,0.062498,0.064136,0.064232,0.062416,0.058281,0.054168,0.055571,0.063327,0.075036,0.081946,0.083059,0.079753
0,0.006628,0.012933,0.018658,0.023844,0.028356,0.03194,0.034556,0.036542,0.038277,0.039533,0.039239,0.03775,0.035905,0.034786,0.034028,0.033625,0.034109,0.035679,0.037049,0.037077
0,0.0057197,0.011275,0.016499,0.021594,0.026644,0.0315,0.035527,0.039275,0.042927,0.045952,0.046145,0.043194,0.040349,0.03917,0.038431,0.038208,0.038512,0.03994,0.043278,0.044031
0,0.0072326,0.014999,0.022798,0.03033,0.036128,0.040464,0.044818,0.05077,0.056836,0.061224,0.061194,0.055924,0.050056,0.049391,0.049487,0.0498,0.051388,0.052455,0.053135,0.053064
0,0.0076878,0.015379,0.021623,0.02681,0.032119,0.038713,0.044835,0.050268,0.054295,0.056418,0.057006,0.054593,0.048616,0.047277,0.050899,0.053117,0.054972,0.056891,0.059657,0.061733
0,0.0079076,0.016058,0.023412,0.029581,0.034849,0.039192,0.04214,0.043866,0.04475,0.046287,0.047427,0.047208,0.044863,0.044221,0.048299,0.05465,0.062062,0.066954,0.064844,0.060793
0,0.0075305,0.015001,0.022156,0.028213,0.033111,0.036425,0.038477,0.040123,0.041358,0.042446,0.04242,0.041338,0.040135,0.039488,0.038928,0.038304,0.038438,0.039651,0.040948,0.040848
0,0.0051454,0.010562,0.016049,0.021596,0.026492,0.030956,0.035443,0.039741,0.044158,0.047607,0.047547,0.044538,0.041226,0.04006,0.040212,0.040477,0.041253,0.043786,0.047515,0.048295
0,0.0073732,0.015317,0.022943,0.030303,0.036664,0.04149,0.04616,0.052158,0.057648,0.061325,0.061653,0.057658,0.052451,0.05284,0.053452,0.053796,0.055333,0.056362,0.05603,0.055654
0,0.0070555,0.013977,0.021124,0.028255,0.034864,0.041642,0.047277,0.051926,0.055907,0.05919,0.059574,0.056985,0.05257,0.051777,0.05695,0.061593,0.06453,0.066868,0.069081,0.07054
0,0.0062347,0.012739,0.019008,0.024625,0.029663,0.03376,0.0359,0.036742,0.037666,0.040054,0.041497,0.041722,0.040839,0.041532,0.046418,0.051617,0.056594,0.063168,0.06218,0.05962
0,0.0072662,0.014243,0.020461,0.026065,0.031031,0.035428,0.038242,0.040202,0.04206,0.043428,0.043083,0.041445,0.039697,0.038651,0.037284,0.035979,0.035817,0.037358,0.039186,0.039239
0,0.0084596,0.016139,0.022424,0.028108,0.03297,0.03693,0.039908,0.04243,0.044882,0.047071,0.047003,0.044749,0.042336,0.041144,0.040451,0.040231,0.041168,0.04231,0.043833,0.044437
0,0.0068983,0.014173,0.021354,0.028272,0.03418,0.039623,0.045721,0.053519,0.060085,0.064779,0.064781,0.059546,0.051746,0.048602,0.04882,0.050525,0.052618,0.054972,0.058086,0.059797
0,0.0073204,0.014362,0.021272,0.027804,0.034205,0.042339,0.05015,0.057783,0.064475,0.068979,0.069412,0.065588,0.056822,0.051252,0.05304,0.056025,0.060602,0.064329,0.066788,0.067712
0,0.0085667,0.016982,0.024917,0.032767,0.040322,0.047885,0.055326,0.059883,0.062702,0.064911,0.06509,0.062643,0.056854,0.052812,0.053019,0.05327,0.056072,0.062399,0.066693,0.067167
0,0.0069155,0.013664,0.020164,0.025863,0.030951,0.034923,0.038112,0.040527,0.042398,0.043585,0.043241,0.041635,0.039907,0.038538,0.036659,0.035337,0.035486,0.037116,0.039238,0.039464
0,0.0065264,0.012687,0.018241,0.022975,0.026736,0.030313,0.033858,0.036792,0.039696,0.042616,0.042572,0.039287,0.035509,0.033468,0.032517,0.032177,0.032798,0.034289,0.037382,0.038962
0,0.0075355,0.015175,0.022248,0.028304,0.033679,0.039739,0.047034,0.054312,0.059898,0.064114,0.063748,0.058509,0.049256,0.04538,0.045051,0.046206,0.048863,0.051777,0.055663,0.058084
0,0.0081534,0.016145,0.023542,0.030596,0.03728,0.045978,0.054668,0.062698,0.069176,0.073943,0.07466,0.070896,0.060703,0.052859,0.053735,0.056151,0.060341,0.064537,0.068335,0.071361
0,0.0093304,0.018534,0.026876,0.0346,0.042197,0.049651,0.056203,0.060997,0.0635,0.064351,0.065147,0.064483,0.059347,0.054754,0.056458,0.059695,0.064299,0.069685,0.072007,0.07294
0,0.0063642,0.01248,0.018145,0.023477,0.027961,0.031746,0.034404,0.036336,0.038134,0.039488,0.039128,0.03761,0.035894,0.035181,0.034063,0.032999,0.032806,0.034196,0.036064,0.036081
0,0.0065133,0.012554,0.018169,0.023336,0.027844,0.031698,0.035347,0.038748,0.041975,0.045279,0.045073,0.041481,0.037665,0.035132,0.033678,0.033244,0.03401,0.036903,0.041448,0.043142
0,0.0065161,0.013432,0.020878,0.027583,0.033222,0.039036,0.045511,0.052434,0.058177,0.061971,0.061947,0.057288,0.049245,0.04597,0.046038,0.048534,0.051167,0.052751,0.054838,0.055797
0,0.0072921,0.014054,0.020332,0.026438,0.033196,0.041277,0.049061,0.056057,0.061281,0.064822,0.065405,0.062376,0.053406,0.047283,0.049079,0.052263,0.056425,0.059401,0.062529,0.065464
0,0.0081366,0.017137,0.02602,0.034297,0.042809,0.050232,0.055464,0.05809,0.060263,0.062646,0.062914,0.060783,0.056258,0.051166,0.050913,0.056286,0.064493,0.07278,0.076254,0.076993
0,0.0060166,0.011823,0.017229,0.021814,0.026012,0.02949,0.032358,0.034563,0.036409,0.037922,0.03761,0.036081,0.033983,0.032604,0.031528,0.030971,0.031456,0.033058,0.035117,0.03528
0,0.006291,0.012265,0.017719,0.023199,0.028204,0.032409,0.035873,0.038947,0.042179,0.045184,0.04546,0.042592,0.039592,0.038645,0.037699,0.037066,0.03754,0.038698,0.041369,0.041938
0,0.0063892,0.013116,0.020158,0.026422,0.032247,0.038074,0.044596,0.051686,0.057483,0.061231,0.061294,0.056872,0.049034,0.04653,0.047987,0.050827,0.05366,0.055042,0.057234,0.058136
0,0.0078472,0.015283,0.021785,0.027763,0.033716,0.040076,0.046168,0.051752,0.055946,0.058819,0.059646,0.057896,0.051726,0.046715,0.048235,0.051513,0.056061,0.058734,0.060988,0.062685
0,0.0070085,0.014447,0.021596,0.027469,0.032417,0.036674,0.04012,0.042729,0.044519,0.046209,0.046856,0.046331,0.043931,0.042486,0.045263,0.049085,0.055788,0.062337,0.061706,0.06013
0,0.006165,0.012189,0.017731,0.022963,0.027496,0.031254,0.034208,0.036445,0.038435,0.039802,0.039663,0.038448,0.036884,0.035857,0.034671,0.033637,0.033889,0.035719,0.037816,0.038028
0,0.0059572,0.011821,0.017479,0.022924,0.027303,0.031042,0.03411,0.036893,0.040753,0.044526,0.044723,0.041638,0.038782,0.038563,0.038887,0.03925,0.039833,0.041407,0.043833,0.044671
0,0.0066288,0.013012,0.019766,0.026053,0.031697,0.037629,0.043817,0.050466,0.055599,0.059091,0.059523,0.055829,0.0485,0.045768,0.047328,0.04994,0.052922,0.054869,0.056854,0.057683
0,0.0073324,0.014788,0.022227,0.02956,0.036062,0.04263,0.048126,0.052706,0.057118,0.060658,0.061264,0.059076,0.054953,0.051775,0.054416,0.058943,0.064454,0.068325,0.070102,0.070769
0,0.0062077,0.012696,0.018477,0.023635,0.028288,0.032495,0.035629,0.037711,0.039424,0.041938,0.043179,0.04298,0.041725,0.041593,0.044913,0.049179,0.054566,0.061357,0.061595,0.060842
0,0.0045894,0.0085592,0.012259,0.015738,0.019381,0.022776,0.026333,0.029608,0.031701,0.032838,0.032835,0.0321,0.030869,0.029221,0.027355,0.025904,0.02453,0.022969,0.020921,0.01849
