0,0.0019301,0.0039695,0.0063288,0.0091041,0.012955,0.017288,0.02063,0.023209,0.024589,0.024488,0.023455,0.022049,0.020509,0.01904,0.017927,0.017219,0.016773,0.016254,0.015455,0.014696
0,0.0033003,0.0068209,0.010522,0.014483,0.018267,0.021194,0.022949,0.023866,0.024056,0.023575,0.022681,0.021691,0.020724,0.019704,0.018684,0.017793,0.017071,0.016357,0.015144,0.01407
0,0.0042367,0.0080772,0.011132,0.013129,0.015025,0.016456,0.0177,0.018832,0.019645,0.020141,0.020422,0.020502,0.020404,0.020084,0.019535,0.018864,0.018406,0.018218,0.01808,0.017812
0,0.0027133,0.0054462,0.0082576,0.011157,0.013815,0.01598,0.018033,0.019869,0.021289,0.022214,0.022805,0.023265,0.023442,0.023413,0.023226,0.023077,0.022914,0.022679,0.022425,0.022056
0,0.0018064,0.0037804,0.0061104,0.0088567,0.011953,0.015103,0.017916,0.020192,0.021609,0.022193,0.022394,0.022436,0.022476,0.022557,0.022811,0.023099,0.023349,0.023507,0.023438,0.023258
0,0.0017341,0.003759,0.0061788,0.0094169,0.013546,0.01752,0.020918,0.023438,0.024526,0.02427,0.02308,0.021351,0.019566,0.017892,0.016346,0.015221,0.014482,0.013856,0.01332,0.01317
0,0.0032767,0.0068058,0.010382,0.013743,0.016686,0.018917,0.020285,0.021039,0.021307,0.021304,0.021186,0.021025,0.020761,0.020356,0.019698,0.018903,0.018139,0.017366,0.01654,0.015607
0,0.0037349,0.0069268,0.0094288,0.011385,0.012901,0.01407,0.015023,0.01579,0.016389,0.01695,0.017464,0.01787,0.018139,0.018212,0.018016,0.017423,0.016684,0.01598,0.015348,0.014814
0,0.0034797,0.0070356,0.010378,0.01332,0.015741,0.018113,0.020409,0.022361,0.023892,0.02493,0.025548,0.02582,0.025812,0.025775,0.025633,0.025353,0.025051,0.02484,0.024517,0.023892
0,0.0016981,0.003737,0.0061642,0.0087271,0.011599,0.014395,0.017021,0.018925,0.020017,0.02011,0.019766,0.019359,0.019051,0.018934,0.019014,0.019388,0.019876,0.020276,0.020375,0.020036
0,0.0018528,0.0039051,0.0065356,0.010526,0.015762,0.021106,0.025353,0.028078,0.02895,0.028487,0.027112,0.025624,0.024043,0.022437,0.020863,0.019568,0.018545,0.017538,0.016216,0.014961
0,0.0038204,0.0081244,0.012961,0.01771,0.020882,0.022543,0.023498,0.023992,0.024179,0.024205,0.024185,0.024159,0.024036,0.023813,0.023538,0.02327,0.022994,0.022564,0.021885,0.020655
0,0.0031645,0.006067,0.0088313,0.011244,0.013377,0.015152,0.016363,0.017131,0.017662,0.017963,0.018135,0.018432,0.018739,0.018981,0.019077,0.019091,0.019086,0.018998,0.018873,0.018632
0,0.0034212,0.0067831,0.0099953,0.013176,0.016467,0.019766,0.022622,0.024709,0.026227,0.02722,0.02791,0.028384,0.028623,0.028698,0.028611,0.028462,0.028277,0.027933,0.027346,0.026471
0,0.0023589,0.0047704,0.0070923,0.0092476,0.011259,0.013177,0.014897,0.016318,0.017261,0.017624,0.017503,0.017332,0.017243,0.017274,0.017404,0.017565,0.017838,0.018294,0.018905,0.019365
0,0.002335,0.0052785,0.0092018,0.01411,0.019535,0.024061,0.027053,0.028869,0.029349,0.02879,0.027567,0.026519,0.025566,0.024623,0.023698,0.022821,0.022075,0.021345,0.020318,0.019301
0,0.004828,0.010025,0.015226,0.019532,0.022362,0.023787,0.024657,0.025081,0.02525,0.025488,0.025865,0.02632,0.026766,0.026899,0.026604,0.025952,0.025126,0.024496,0.024046,0.023538
0,0.0035368,0.0066071,0.0094879,0.012014,0.014553,0.016776,0.018634,0.020008,0.020829,0.0212,0.021379,0.021634,0.021895,0.022099,0.022272,0.022523,0.022837,0.023045,0.023119,0.023049
0,0.0037697,0.0074785,0.011001,0.014197,0.016955,0.019508,0.021553,0.023205,0.024477,0.025331,0.025887,0.026138,0.026317,0.026508,0.026913,0.02751,0.028085,0.028466,0.028776,0.029118
0,0.0016577,0.0034917,0.0053882,0.0074153,0.0094869,0.011418,0.012978,0.014167,0.015014,0.015275,0.014717,0.013804,0.012811,0.012047,0.011614,0.011173,0.010862,0.010786,0.0112,0.0119
0,0.0044508,0.0091654,0.013512,0.01656,0.018628,0.020396,0.021703,0.022467,0.022786,0.022693,0.022313,0.021786,0.021176,0.020613,0.020195,0.019704,0.018895,0.017697,0.016516,0.017331
0,0.0041413,0.007729,0.010696,0.013097,0.014913,0.016138,0.016814,0.01711,0.017159,0.017038,0.016901,0.016811,0.016709,0.016463,0.0161,0.015682,0.015249,0.014579,0.013593,0.012247
0,0.0050605,0.011036,0.017058,0.02256,0.026986,0.029689,0.031176,0.031889,0.031918,0.031519,0.030813,0.02999,0.029178,0.028328,0.027652,0.027272,0.027342,0.027535,0.028078,0.028128
0,0.005618,0.011466,0.017442,0.023176,0.028625,0.032656,0.035508,0.037182,0.037677,0.03713,0.035933,0.034619,0.033394,0.032445,0.032006,0.032289,0.033115,0.034145,0.035163,0.035837
0,0.0016471,0.0035071,0.0057027,0.0084005,0.011367,0.014482,0.01711,0.019128,0.020249,0.020566,0.020511,0.020498,0.020597,0.020863,0.021358,0.021899,0.022316,0.022435,0.022412,0.022085
0,0.0022654,0.0047209,0.0075244,0.010539,0.013365,0.015917,0.017795,0.019126,0.019673,0.019347,0.018634,0.017923,0.017412,0.017173,0.017288,0.017696,0.018009,0.018339,0.018915,0.019911
0,0.0031734,0.0069463,0.011603,0.016464,0.020308,0.023218,0.025462,0.026752,0.027163,0.026816,0.026097,0.025219,0.024179,0.022976,0.021619,0.020377,0.019365,0.018427,0.017025,0.015237
0,0.0038671,0.0078361,0.011346,0.014135,0.016327,0.017915,0.01901,0.019785,0.020341,0.020698,0.021095,0.021509,0.021765,0.021795,0.021421,0.020778,0.020085,0.019628,0.019202,0.018519
0,0.0034755,0.0070448,0.010463,0.013531,0.016254,0.018631,0.020453,0.021903,0.022834,0.023476,0.023846,0.023893,0.023598,0.023173,0.022663,0.022432,0.022503,0.022998,0.023473,0.023526
0,0.0021039,0.004536,0.0072335,0.010062,0.013022,0.016097,0.018625,0.020627,0.022056,0.022562,0.022815,0.023253,0.023683,0.02423,0.024908,0.025775,0.026539,0.026963,0.027042,0.026744
0,0.0017254,0.003516,0.0055771,0.0083242,0.011846,0.015739,0.019276,0.02148,0.022393,0.022033,0.020953,0.019815,0.018816,0.017998,0.017371,0.017057,0.01705,0.017136,0.01725,0.017677
0,0.0034366,0.0076306,0.012567,0.017686,0.022094,0.024717,0.02625,0.027048,0.027426,0.027584,0.027586,0.027498,0.027213,0.026785,0.026218,0.025565,0.024848,0.024012,0.022976,0.02163
0,0.0044739,0.0085424,0.01245,0.015533,0.017758,0.019196,0.020367,0.021203,0.021818,0.02215,0.022364,0.022544,0.022509,0.022185,0.021618,0.020872,0.020058,0.019324,0.018636,0.017935
0,0.0044888,0.008955,0.012888,0.016207,0.019005,0.021405,0.023522,0.025172,0.02631,0.027028,0.027445,0.027771,0.028016,0.028127,0.028257,0.028373,0.028455,0.02834,0.027949,0.027304
0,0.0016534,0.0036346,0.0058397,0.0083467,0.010713,0.013283,0.015389,0.016848,0.017608,0.01761,0.017311,0.017029,0.016752,0.016575,0.016553,0.016646,0.016755,0.016765,0.01688,0.017095
0,0.0023438,0.0049712,0.0079115,0.011293,0.014762,0.018492,0.021711,0.023979,0.025109,0.025084,0.024429,0.023448,0.022231,0.021087,0.020328,0.01988,0.019626,0.019352,0.019017,0.01915
0,0.0038499,0.008291,0.013471,0.01908,0.023673,0.026418,0.027493,0.028021,0.02823,0.028304,0.028413,0.028452,0.028368,0.027992,0.027379,0.026755,0.026303,0.02582,0.024938,0.023445
0,0.0041496,0.0080873,0.011655,0.01437,0.016455,0.018069,0.019471,0.020486,0.021083,0.021583,0.022166,0.022717,0.023097,0.023205,0.022984,0.022696,0.022421,0.022315,0.022325,0.022501
0,0.0042607,0.0085255,0.012691,0.016637,0.020026,0.023076,0.025698,0.027874,0.029496,0.030702,0.031523,0.031985,0.032153,0.032184,0.032326,0.032699,0.033379,0.034114,0.034769,0.03518
0,0.0014408,0.0030449,0.0048208,0.0068576,0.0092518,0.01162,0.013566,0.015277,0.016231,0.016296,0.015454,0.014222,0.012944,0.011887,0.010842,0.0099083,0.0090819,0.0082682,0.0077268,0.0079026
0,0.002942,0.0063179,0.0098711,0.012779,0.014977,0.016435,0.017477,0.018159,0.018514,0.018648,0.01843,0.017887,0.017145,0.016376,0.015694,0.015145,0.014625,0.014629,0.01629,0.019756
0,0.0047006,0.0088757,0.011916,0.01412,0.015961,0.017429,0.018352,0.01869,0.018684,0.01855,0.018427,0.018217,0.017933,0.017617,0.017319,0.016955,0.016337,0.0154,0.01412,0.013392
0,0.0039784,0.0089943,0.014947,0.019412,0.022302,0.024103,0.02487,0.024966,0.024798,0.024454,0.023971,0.023468,0.022968,0.02243,0.021856,0.021445,0.021197,0.020969,0.020334,0.019415
0,0.0048379,0.010634,0.01681,0.0229,0.028418,0.032234,0.034508,0.035618,0.036029,0.035701,0.034955,0.03386,0.032689,0.031738,0.031376,0.031858,0.033112,0.034685,0.035795,0.036358
0,0.0021008,0.0042637,0.0065437,0.0088225,0.011037,0.013163,0.014952,0.016278,0.016967,0.016964,0.016677,0.016439,0.016331,0.016513,0.016925,0.017456,0.018094,0.018684,0.019035,0.019437
0,0.0039536,0.0083921,0.012942,0.017558,0.021572,0.024091,0.025669,0.026579,0.027018,0.02698,0.026756,0.026483,0.026146,0.025733,0.025369,0.025003,0.024574,0.02421,0.024126,0.024694
0,0.0046686,0.0095035,0.013952,0.017412,0.019609,0.021045,0.02188,0.022449,0.022897,0.023413,0.024004,0.024559,0.024892,0.024954,0.024622,0.023966,0.023247,0.022591,0.022105,0.021647
0,0.0031418,0.00627,0.0089287,0.011464,0.013922,0.016243,0.018646,0.020701,0.022401,0.024015,0.025384,0.026028,0.026042,0.02548,0.024443,0.02304,0.021667,0.020397,0.019295,0.018399
0,0.0027705,0.0056253,0.0084318,0.011447,0.014414,0.017094,0.019473,0.021304,0.022562,0.023305,0.023759,0.024044,0.024078,0.023881,0.023507,0.023106,0.022883,0.022734,0.022362,0.021415
0,0.002288,0.0047735,0.0074957,0.010537,0.014118,0.01808,0.021479,0.024201,0.025526,0.025685,0.025216,0.024732,0.024517,0.024491,0.024496,0.024832,0.025395,0.025812,0.026089,0.025859
0,0.0022572,0.0046206,0.0071069,0.010059,0.013229,0.016584,0.019031,0.020817,0.021607,0.021522,0.02111,0.020674,0.020099,0.019582,0.019218,0.019034,0.018865,0.018756,0.018535,0.018844
0,0.002463,0.0055104,0.0091729,0.013706,0.01877,0.02379,0.027087,0.02862,0.029102,0.028645,0.027576,0.026361,0.025054,0.023705,0.022436,0.021516,0.021015,0.020577,0.019614,0.018063
0,0.0045027,0.0088893,0.013439,0.01736,0.020354,0.022338,0.023918,0.025091,0.02585,0.026335,0.026591,0.026562,0.026314,0.025854,0.025284,0.024622,0.024008,0.02344,0.022899,0.022139
0,0.0039424,0.0080839,0.011955,0.015372,0.018259,0.020719,0.022668,0.024057,0.024845,0.025262,0.025414,0.02533,0.025042,0.024781,0.024729,0.024696,0.024833,0.024967,0.024755,0.024024
0,0.0021873,0.0045357,0.0069048,0.0095235,0.012006,0.014272,0.016346,0.017839,0.018631,0.018761,0.018437,0.018132,0.017923,0.017775,0.017699,0.017938,0.018203,0.018624,0.01908,0.01967
0,0.0021528,0.0046669,0.0077935,0.011815,0.015995,0.019577,0.022311,0.024091,0.024926,0.02476,0.023995,0.022896,0.021683,0.020686,0.019836,0.019272,0.018995,0.01872,0.018662,0.019102
0,0.0041224,0.0087234,0.013953,0.019202,0.022697,0.024636,0.025574,0.026015,0.026231,0.02641,0.026697,0.027057,0.027412,0.027538,0.027432,0.027084,0.026608,0.026147,0.025813,0.025572
0,0.0048713,0.010023,0.014697,0.018265,0.020551,0.021935,0.022852,0.023642,0.024356,0.025163,0.026089,0.02684,0.027198,0.027136,0.026777,0.026194,0.025403,0.024618,0.023915,0.023363
0,0.0043886,0.0087724,0.013218,0.017441,0.021204,0.024378,0.026804,0.028452,0.02936,0.029733,0.029924,0.029929,0.029616,0.029388,0.029449,0.029851,0.030559,0.031395,0.031853,0.031667
0,0.0014186,0.0031417,0.0052177,0.007536,0.010168,0.012835,0.014995,0.016457,0.017274,0.017375,0.016648,0.015568,0.014392,0.013148,0.011838,0.010666,0.0096326,0.0084237,0.0075541,0.007712
0,0.0029584,0.0064801,0.0096776,0.012368,0.01443,0.015733,0.016621,0.017309,0.017711,0.017744,0.017443,0.016828,0.016068,0.015363,0.01474,0.014265,0.014093,0.014476,0.015664,0.018283
0,0.0047036,0.0092936,0.012359,0.014088,0.015364,0.016667,0.017688,0.018374,0.018657,0.018727,0.018676,0.01862,0.018593,0.018548,0.018502,0.018349,0.017839,0.017014,0.015843,0.014429
0,0.0038267,0.0080424,0.012802,0.016822,0.019859,0.021613,0.022359,0.022336,0.022002,0.021443,0.02069,0.019892,0.019166,0.018488,0.017949,0.017578,0.017393,0.017363,0.017096,0.016741
0,0.0066484,0.013218,0.018933,0.024075,0.028057,0.030726,0.031956,0.03238,0.032477,0.032214,0.031591,0.030902,0.030281,0.02971,0.028956,0.02858,0.028517,0.028535,0.028147,0.027455
0,0.001958,0.0040672,0.0063431,0.0087833,0.011304,0.013786,0.015797,0.017257,0.018134,0.018286,0.018003,0.017661,0.017366,0.017239,0.017209,0.01742,0.017764,0.018278,0.018825,0.019224
0,0.0038789,0.008247,0.013174,0.017785,0.021535,0.024157,0.025961,0.026888,0.027251,0.027245,0.0269,0.026381,0.025678,0.024736,0.023628,0.022443,0.021432,0.020514,0.019766,0.019778
0,0.0054386,0.011135,0.016535,0.021099,0.023749,0.025131,0.025873,0.026165,0.026163,0.025963,0.02581,0.025709,0.025628,0.025552,0.025449,0.025288,0.025242,0.025139,0.024781,0.024078
0,0.0036451,0.0069966,0.0098077,0.012035,0.013921,0.015627,0.017073,0.018264,0.019395,0.020523,0.021554,0.022264,0.022472,0.022343,0.022013,0.02163,0.021228,0.020876,0.020476,0.020063
0,0.0041533,0.008621,0.013104,0.017033,0.020076,0.022271,0.023956,0.025217,0.025912,0.026312,0.026565,0.026728,0.02669,0.026511,0.026195,0.025928,0.026058,0.026398,0.026336,0.025838
0,0.0026632,0.005384,0.0083867,0.01169,0.015007,0.018291,0.020847,0.022561,0.02346,0.02372,0.023543,0.023392,0.023276,0.023363,0.023712,0.024157,0.024445,0.024214,0.023609,0.022774
0,0.0033117,0.007351,0.011742,0.016428,0.021073,0.024585,0.026829,0.027848,0.028228,0.028156,0.027914,0.02757,0.027075,0.026521,0.025944,0.025514,0.025057,0.024666,0.024615,0.025193
0,0.0049613,0.01033,0.015346,0.019678,0.022538,0.024095,0.025202,0.026062,0.026652,0.026966,0.027157,0.027301,0.027293,0.027112,0.026648,0.025984,0.025223,0.024469,0.023507,0.022037
0,0.0029965,0.0059856,0.0089076,0.011637,0.014164,0.016428,0.018351,0.019851,0.021103,0.022102,0.02277,0.023231,0.023361,0.023202,0.022824,0.022362,0.021723,0.021058,0.020254,0.01917
0,0.0042339,0.0083585,0.012249,0.016053,0.019557,0.022582,0.024864,0.026505,0.027533,0.028009,0.028293,0.028522,0.02878,0.029042,0.0293,0.029614,0.029878,0.029973,0.029737,0.02913
0,0.0022583,0.004702,0.0073901,0.010501,0.013859,0.016912,0.019384,0.021094,0.021973,0.022332,0.022424,0.022491,0.022559,0.022693,0.022886,0.02304,0.023279,0.023497,0.023821,0.024452
0,0.0020311,0.0044426,0.0073845,0.011355,0.015644,0.019341,0.022248,0.024433,0.025531,0.02533,0.024324,0.022801,0.021178,0.019409,0.017761,0.016629,0.016222,0.016069,0.016174,0.016864
0,0.0033378,0.0075356,0.013467,0.020032,0.025099,0.028677,0.030529,0.031548,0.031771,0.031434,0.030522,0.029333,0.027964,0.02663,0.025538,0.024578,0.023681,0.022705,0.021306,0.020108
0,0.0055909,0.011523,0.017355,0.02178,0.024576,0.02655,0.028047,0.029376,0.030518,0.03133,0.031941,0.032381,0.032477,0.032309,0.031842,0.031033,0.030113,0.029246,0.028542,0.027758
0,0.0039097,0.0075588,0.011065,0.014035,0.016546,0.018947,0.021166,0.022976,0.024361,0.025321,0.026137,0.026918,0.027376,0.027561,0.02749,0.027554,0.027624,0.027732,0.027752,0.027584
0,0.0023556,0.0047898,0.0069389,0.0092349,0.011642,0.014072,0.015906,0.017279,0.018112,0.018173,0.017772,0.017139,0.016288,0.015265,0.013908,0.012511,0.011241,0.010533,0.010405,0.011431
0,0.0022126,0.0046948,0.0077338,0.01112,0.014484,0.017351,0.019425,0.020896,0.021657,0.02149,0.020633,0.019484,0.018065,0.016677,0.015158,0.013811,0.012742,0.012449,0.013772,0.01649
0,0.0059775,0.011804,0.016241,0.019432,0.021662,0.023316,0.0245,0.025301,0.025839,0.026121,0.026268,0.02611,0.025925,0.025784,0.025599,0.02533,0.024566,0.023355,0.02282,0.02483
0,0.0065184,0.012892,0.016487,0.018904,0.021094,0.022669,0.023416,0.023614,0.023546,0.023434,0.02343,0.02361,0.023847,0.023884,0.023778,0.023641,0.023397,0.022943,0.021954,0.020674
0,0.0050285,0.010722,0.016182,0.020501,0.023559,0.025294,0.025944,0.025919,0.025566,0.024974,0.024372,0.024185,0.024043,0.023758,0.023438,0.023321,0.023402,0.023819,0.024114,0.024001
0,0.0024977,0.0052941,0.0081465,0.011069,0.013766,0.01628,0.018545,0.020052,0.020778,0.020792,0.020299,0.019465,0.018674,0.017966,0.017609,0.017499,0.017773,0.018133,0.018646,0.019541
0,0.0033057,0.0068578,0.010836,0.014852,0.018349,0.021132,0.02325,0.024593,0.025194,0.025277,0.024794,0.024177,0.023428,0.022383,0.020965,0.019437,0.01797,0.016727,0.016085,0.016664
0,0.0069592,0.013707,0.01872,0.022307,0.024187,0.025206,0.025854,0.026285,0.026447,0.026301,0.025964,0.025617,0.025312,0.025013,0.02479,0.024554,0.024313,0.023787,0.022681,0.021274
0,0.0045981,0.0089785,0.012285,0.014344,0.015831,0.017074,0.01807,0.018878,0.019569,0.020121,0.020681,0.021198,0.021522,0.021545,0.021194,0.020789,0.020663,0.020673,0.020663,0.020421
0,0.0038285,0.0074465,0.01086,0.014301,0.017569,0.020121,0.022267,0.024164,0.025722,0.02707,0.028115,0.028811,0.028902,0.028352,0.027322,0.026124,0.025184,0.024581,0.023975,0.022845
0,0.0022278,0.0047705,0.007639,0.01077,0.01428,0.018028,0.020942,0.023054,0.024324,0.024521,0.024188,0.02376,0.023356,0.023029,0.022896,0.023066,0.023153,0.023027,0.022366,0.021267
0,0.003732,0.0076591,0.011818,0.016208,0.020347,0.024115,0.02732,0.029272,0.030033,0.029965,0.029416,0.028555,0.027423,0.02612,0.024966,0.024061,0.023529,0.02324,0.022973,0.023052
0,0.0057246,0.011596,0.017846,0.023578,0.02718,0.02923,0.030646,0.031766,0.032446,0.032695,0.032688,0.03251,0.032191,0.031757,0.031141,0.030328,0.02946,0.028603,0.027354,0.025805
0,0.0049389,0.0097797,0.014152,0.017555,0.01982,0.021267,0.022618,0.023853,0.024582,0.024881,0.025077,0.025204,0.025145,0.024923,0.0245,0.023977,0.023702,0.023574,0.023255,0.022344
0,0.003943,0.0079563,0.011671,0.015239,0.018371,0.020806,0.022974,0.024699,0.025842,0.026448,0.026747,0.026891,0.026939,0.027072,0.027283,0.027564,0.027823,0.027888,0.027468,0.026572
0,0.002836,0.0059596,0.0092473,0.012709,0.016561,0.020353,0.023122,0.024787,0.025661,0.026,0.026093,0.026187,0.026251,0.026323,0.026475,0.026676,0.026705,0.026489,0.02603,0.025075
0,0.0029546,0.0065269,0.010774,0.015326,0.019893,0.023651,0.026343,0.027879,0.028554,0.028505,0.028092,0.027568,0.026898,0.026331,0.025767,0.025236,0.02475,0.024009,0.02324,0.022559
0,0.0050571,0.010627,0.01674,0.021406,0.025058,0.026991,0.027962,0.028608,0.029064,0.029417,0.029725,0.029946,0.029967,0.029723,0.029265,0.028673,0.027948,0.027146,0.02619,0.024868
0,0.0031597,0.0065437,0.0096109,0.012591,0.015641,0.018327,0.020691,0.022677,0.024444,0.025974,0.027181,0.028129,0.028565,0.028575,0.028143,0.027266,0.02616,0.025054,0.02387,0.022723
0,0.0031635,0.0061949,0.0089884,0.011795,0.014571,0.017451,0.020046,0.021986,0.023261,0.024151,0.02474,0.025197,0.025473,0.025531,0.025449,0.025348,0.025181,0.0249,0.024497,0.023843
0,0.0019593,0.0040672,0.0063344,0.0086583,0.011165,0.013675,0.015697,0.016792,0.017498,0.017671,0.017358,0.016703,0.015741,0.014557,0.01332,0.012251,0.011288,0.010286,0.0096571,0.010396
0,0.0019518,0.0046642,0.0082639,0.012638,0.016472,0.019825,0.02223,0.024108,0.024908,0.024485,0.023107,0.021442,0.019666,0.017974,0.015998,0.014182,0.012266,0.010928,0.01089,0.0128
0,0.0038756,0.0079273,0.011494,0.013548,0.015227,0.016551,0.017662,0.018435,0.018837,0.018942,0.018793,0.018559,0.018293,0.017985,0.017644,0.017216,0.016618,0.016214,0.01759,0.021996
0,0.005564,0.010738,0.014433,0.016784,0.018564,0.020149,0.021503,0.022365,0.022906,0.023212,0.023625,0.024135,0.024525,0.024689,0.024656,0.024273,0.023403,0.022127,0.020576,0.01929
0,0.005317,0.010413,0.014915,0.018842,0.022201,0.024713,0.026494,0.027629,0.027952,0.027919,0.02769,0.027644,0.027679,0.027359,0.026816,0.026198,0.025552,0.025084,0.02452,0.023714
0,0.0029312,0.0058281,0.0087674,0.011881,0.014911,0.017701,0.020194,0.022066,0.02322,0.023688,0.02373,0.023857,0.024289,0.025028,0.026016,0.027065,0.028012,0.028773,0.029374,0.030019
0,0.0030118,0.0066133,0.010919,0.015845,0.020844,0.025013,0.027912,0.029651,0.030531,0.030711,0.030174,0.029252,0.027928,0.026203,0.02389,0.021313,0.01903,0.017207,0.016408,0.016879
0,0.0051298,0.010648,0.015394,0.019115,0.02149,0.022639,0.023272,0.0237,0.02402,0.024257,0.0244,0.024468,0.024423,0.024311,0.024079,0.023646,0.023127,0.023003,0.024078,0.027403
0,0.0054555,0.010613,0.015063,0.017895,0.019906,0.021114,0.022207,0.023244,0.024224,0.025224,0.026323,0.027367,0.027959,0.028141,0.027703,0.026786,0.02563,0.024493,0.02377,0.023373
0,0.0043431,0.0087411,0.012598,0.016001,0.019266,0.021859,0.024067,0.025641,0.026479,0.026622,0.026362,0.025961,0.025313,0.024818,0.024715,0.024883,0.025256,0.025504,0.025435,0.025018
0,0.0027255,0.0056013,0.0085747,0.01194,0.015628,0.019265,0.022064,0.023918,0.024984,0.025288,0.025093,0.024785,0.024537,0.02458,0.025009,0.025668,0.026254,0.026496,0.026238,0.025375
0,0.0028886,0.0062869,0.0099552,0.014179,0.01833,0.022115,0.025343,0.027403,0.028352,0.028346,0.027767,0.026948,0.025738,0.024324,0.022902,0.021923,0.021536,0.021415,0.021558,0.022044
0,0.0047951,0.010413,0.016635,0.022858,0.028128,0.031215,0.032728,0.03336,0.033676,0.033678,0.033404,0.033037,0.032475,0.031717,0.03085,0.030076,0.029493,0.029028,0.028733,0.029404
0,0.0057138,0.011889,0.017814,0.022257,0.025484,0.027892,0.0292,0.030019,0.030494,0.030652,0.030688,0.030516,0.030179,0.029689,0.029109,0.028537,0.028133,0.02779,0.027122,0.025815
0,0.0034903,0.0069324,0.010412,0.013856,0.016942,0.019639,0.02175,0.023457,0.024735,0.025672,0.026316,0.026715,0.02674,0.026481,0.026128,0.025734,0.025267,0.0247,0.023722,0.022103
0,0.0030873,0.0069155,0.010671,0.014622,0.018766,0.02286,0.026124,0.028475,0.029849,0.030222,0.030209,0.030117,0.030089,0.030171,0.030519,0.030903,0.031152,0.031003,0.030419,0.029174
0,0.0029511,0.006168,0.0096845,0.013704,0.017955,0.022095,0.025345,0.027591,0.028692,0.028708,0.028044,0.027244,0.026312,0.025305,0.024398,0.023794,0.023459,0.02297,0.022595,0.022489
0,0.0045902,0.010157,0.015441,0.020314,0.023776,0.026075,0.027591,0.028731,0.029485,0.029773,0.029858,0.029869,0.029781,0.029462,0.028751,0.027822,0.026756,0.025713,0.024573,0.023319
0,0.0038022,0.007211,0.010316,0.012753,0.014539,0.015931,0.017163,0.018055,0.018704,0.019144,0.019493,0.019796,0.019948,0.019799,0.01945,0.019182,0.019203,0.01939,0.019534,0.019301
0,0.0035536,0.0070411,0.010552,0.013914,0.01726,0.020097,0.022325,0.024138,0.025472,0.026151,0.026411,0.026461,0.02644,0.026468,0.026565,0.026748,0.027054,0.027202,0.027059,0.02655
0,0.0024568,0.0053084,0.0085308,0.012131,0.015735,0.01911,0.021908,0.023932,0.02495,0.025295,0.025335,0.025377,0.025397,0.025557,0.025946,0.026341,0.026457,0.026198,0.025548,0.02441
0,0.0028117,0.0063954,0.010513,0.01439,0.017999,0.021409,0.024187,0.026068,0.026943,0.026917,0.026435,0.025754,0.025007,0.024489,0.024254,0.024091,0.023854,0.023426,0.022499,0.021517
0,0.0039419,0.0085935,0.013289,0.016893,0.019268,0.020735,0.02169,0.022332,0.022748,0.022948,0.023103,0.023308,0.023487,0.023568,0.023506,0.023184,0.022557,0.021731,0.020881,0.019893
0,0.0032553,0.0064976,0.009328,0.011786,0.014366,0.016801,0.018861,0.020554,0.022038,0.023492,0.024902,0.026003,0.02668,0.026885,0.026671,0.025928,0.024752,0.023572,0.022447,0.021397
0,0.0035285,0.0072668,0.010877,0.014284,0.017444,0.020056,0.02222,0.023935,0.025115,0.025808,0.02609,0.026078,0.025933,0.025709,0.025455,0.024955,0.024377,0.023912,0.023324,0.022465
0,0.0020487,0.0041372,0.0063699,0.0088455,0.011438,0.014205,0.016842,0.018854,0.020042,0.020528,0.020635,0.0207,0.020756,0.020775,0.020914,0.021237,0.021589,0.021927,0.022043,0.021457
0,0.0030891,0.0061656,0.009112,0.011941,0.015222,0.018802,0.021605,0.023276,0.023809,0.023604,0.023115,0.022766,0.022554,0.022403,0.022188,0.021941,0.021692,0.021432,0.021246,0.021367
0,0.0036608,0.0079906,0.012729,0.017211,0.020482,0.02267,0.02385,0.024367,0.024431,0.024142,0.02387,0.023681,0.023545,0.02333,0.02308,0.022664,0.022048,0.021448,0.021154,0.021852
0,0.0052266,0.010186,0.014063,0.016513,0.018163,0.019385,0.020211,0.021129,0.021946,0.022613,0.023098,0.02324,0.023321,0.023297,0.023022,0.022429,0.021531,0.020839,0.020515,0.020414
0,0.0033827,0.006779,0.0099196,0.012997,0.015923,0.018378,0.020378,0.022199,0.023648,0.024695,0.025552,0.026325,0.026899,0.027257,0.027354,0.027319,0.027155,0.026865,0.026306,0.02548
0,0.002567,0.0052877,0.0080928,0.010905,0.0139,0.016996,0.020184,0.022757,0.024438,0.025422,0.025853,0.025922,0.025838,0.025751,0.02582,0.026035,0.026322,0.026552,0.026441,0.025586
0,0.0021451,0.0044529,0.0069859,0.009946,0.013566,0.017852,0.021147,0.0231,0.023573,0.023047,0.022142,0.021346,0.020369,0.01939,0.018535,0.017969,0.017564,0.017184,0.017186,0.01782
0,0.0031994,0.0072669,0.011674,0.015875,0.019628,0.02205,0.023463,0.024377,0.024809,0.02512,0.025349,0.025543,0.025673,0.02577,0.025594,0.02512,0.024099,0.022898,0.021748,0.021146
0,0.0043111,0.0079237,0.010752,0.012721,0.014205,0.015393,0.016552,0.017411,0.018209,0.01901,0.019844,0.020641,0.02129,0.021722,0.021834,0.021472,0.020534,0.019436,0.018298,0.017369
0,0.0032866,0.0064363,0.0095932,0.01267,0.01518,0.017252,0.018939,0.020519,0.022081,0.023411,0.024592,0.025392,0.026028,0.02649,0.026941,0.027282,0.027309,0.02662,0.025473,0.024524
0,0.0021833,0.0045692,0.0068157,0.0093019,0.012068,0.015219,0.018237,0.020304,0.021307,0.021704,0.021951,0.022197,0.022422,0.022698,0.023128,0.023665,0.024259,0.024744,0.024827,0.024206
0,0.0028741,0.0056784,0.0086291,0.012298,0.016591,0.021382,0.025301,0.027462,0.027877,0.027187,0.026029,0.024956,0.024065,0.023268,0.02237,0.021635,0.021027,0.020375,0.019392,0.018834
0,0.0035736,0.0076868,0.012458,0.017506,0.021385,0.023618,0.024821,0.025413,0.025676,0.025895,0.026003,0.026067,0.026133,0.02634,0.026456,0.026238,0.025551,0.024406,0.022925,0.021187
0,0.0040853,0.0074644,0.010016,0.012018,0.013497,0.014503,0.015203,0.015825,0.016396,0.017011,0.017824,0.018689,0.019473,0.020167,0.020852,0.021182,0.020982,0.020471,0.019758,0.018984
0,0.0035496,0.0072801,0.010736,0.013968,0.017111,0.019957,0.022459,0.024959,0.026941,0.028538,0.029646,0.030421,0.030942,0.031272,0.031567,0.031785,0.031802,0.031541,0.030896,0.029947
0,0.0021339,0.0045611,0.0071653,0.01014,0.013434,0.01634,0.018595,0.020099,0.02105,0.021579,0.021857,0.021997,0.022026,0.022015,0.022091,0.02223,0.022484,0.022838,0.023228,0.023079
0,0.0028378,0.0059123,0.0098855,0.014647,0.019629,0.023487,0.025611,0.026525,0.026618,0.02615,0.025466,0.024822,0.024381,0.024132,0.023983,0.023948,0.024,0.024145,0.024413,0.02545
0,0.0041939,0.0086732,0.013351,0.018121,0.022012,0.024425,0.025798,0.02654,0.027057,0.027697,0.02871,0.029643,0.030271,0.030487,0.030077,0.029054,0.027664,0.026142,0.024762,0.023285
0,0.0034581,0.0065401,0.0092435,0.011731,0.013922,0.015992,0.017873,0.019343,0.020503,0.021351,0.022243,0.023213,0.024131,0.025058,0.025897,0.026702,0.02744,0.028015,0.028119,0.027858
0,0.0032548,0.0067343,0.010354,0.013645,0.016843,0.019784,0.022188,0.023963,0.025364,0.026403,0.027354,0.028177,0.028745,0.029311,0.030029,0.03088,0.03177,0.032451,0.032809,0.032733
0,0.0025085,0.0049691,0.0075406,0.0099018,0.012231,0.014303,0.015786,0.017037,0.017971,0.018253,0.017872,0.017345,0.016835,0.016422,0.015838,0.015372,0.015536,0.016223,0.01695,0.017768
0,0.004655,0.01012,0.015265,0.019585,0.022276,0.023695,0.024546,0.025227,0.025583,0.025487,0.024967,0.024368,0.024088,0.02417,0.024501,0.024783,0.024811,0.024459,0.025597,0.028962
0,0.0043769,0.0083103,0.012113,0.015078,0.01688,0.018019,0.018696,0.018939,0.01898,0.01902,0.019143,0.019119,0.018937,0.018639,0.018403,0.01804,0.017409,0.016439,0.014904,0.013597
0,0.0052445,0.01175,0.017513,0.021051,0.023471,0.025009,0.025674,0.025768,0.025642,0.02497,0.023796,0.022644,0.021546,0.020356,0.019324,0.018803,0.018419,0.018375,0.018612,0.018868
0,0.0052657,0.01091,0.016353,0.021402,0.025903,0.029568,0.03213,0.033742,0.0345,0.034754,0.03428,0.033321,0.031987,0.030765,0.030247,0.03052,0.031071,0.031484,0.031444,0.031501
0,0.0026542,0.0053388,0.0079027,0.010491,0.013069,0.015736,0.018262,0.020347,0.02172,0.022472,0.022908,0.023311,0.023741,0.024208,0.024697,0.025191,0.025712,0.026067,0.026075,0.025129
0,0.003021,0.0059726,0.0088591,0.011859,0.014872,0.01799,0.020234,0.021843,0.022587,0.022797,0.02282,0.022872,0.022898,0.022934,0.022976,0.023093,0.023192,0.023394,0.023962,0.02497
0,0.003009,0.0065259,0.010668,0.015077,0.018701,0.02145,0.023252,0.024132,0.024445,0.024288,0.024013,0.023729,0.023327,0.022925,0.022354,0.021719,0.020991,0.020313,0.019843,0.0199
0,0.0044468,0.0088119,0.012925,0.016618,0.019358,0.021136,0.022189,0.022995,0.023719,0.024405,0.024988,0.025706,0.026433,0.026925,0.026981,0.026529,0.025457,0.02414,0.022886,0.021922
0,0.0034013,0.0070699,0.010735,0.014299,0.017415,0.020209,0.02242,0.024002,0.0252,0.026084,0.026924,0.02755,0.027357,0.026676,0.026044,0.025276,0.024593,0.024356,0.023972,0.023231
0,0.0025553,0.005012,0.0076699,0.010818,0.01403,0.017,0.019607,0.021605,0.022807,0.023553,0.024133,0.024737,0.025298,0.025854,0.026509,0.027191,0.027696,0.027934,0.027812,0.02709
0,0.0024916,0.0051569,0.0077393,0.01034,0.013316,0.016687,0.019786,0.021789,0.022606,0.022664,0.022247,0.021856,0.02138,0.020891,0.020643,0.0207,0.020857,0.021062,0.021365,0.022104
0,0.0030991,0.0067759,0.010871,0.015805,0.021482,0.026089,0.028484,0.029599,0.03014,0.030493,0.030706,0.030829,0.030705,0.030384,0.029981,0.029409,0.028612,0.027525,0.025919,0.023858
0,0.0050282,0.0099788,0.014463,0.018041,0.020662,0.022333,0.023461,0.024202,0.024761,0.025156,0.025515,0.025927,0.026336,0.026774,0.026858,0.026485,0.025741,0.024725,0.023706,0.022789
0,0.0035902,0.0076336,0.011617,0.015104,0.018094,0.020553,0.0224,0.023771,0.024982,0.025971,0.026866,0.027485,0.027965,0.028476,0.029123,0.029728,0.029945,0.029747,0.028969,0.028058
0,0.0020214,0.0043518,0.0066631,0.0090448,0.011518,0.0139,0.016204,0.01791,0.019044,0.019608,0.019759,0.019799,0.019721,0.019567,0.019406,0.019265,0.01909,0.019029,0.018889,0.018342
0,0.0026111,0.0056148,0.0087227,0.011905,0.015536,0.019123,0.022049,0.02396,0.024714,0.024715,0.024193,0.0236,0.023121,0.022794,0.02261,0.022694,0.022894,0.022986,0.023223,0.024279
0,0.0035402,0.0075908,0.01251,0.018337,0.023649,0.027034,0.028699,0.029237,0.029585,0.03021,0.030979,0.031559,0.031791,0.03162,0.03118,0.030378,0.029311,0.027966,0.025951,0.023396
0,0.0035459,0.0068047,0.0098962,0.012788,0.015368,0.017608,0.019427,0.020562,0.021434,0.022232,0.023098,0.023968,0.02473,0.025194,0.02539,0.025352,0.025187,0.025119,0.025055,0.02498
0,0.003788,0.007897,0.012088,0.016155,0.019678,0.023141,0.02603,0.028171,0.029668,0.030791,0.031807,0.032419,0.032829,0.033372,0.034139,0.035082,0.036185,0.037132,0.037439,0.037147
0,0.0018192,0.0037124,0.005713,0.0078039,0.0099543,0.012107,0.01415,0.015763,0.016814,0.016906,0.01612,0.015121,0.014037,0.013125,0.012389,0.011687,0.011043,0.010533,0.010228,0.010247
0,0.0030249,0.0067194,0.010341,0.013981,0.017111,0.018859,0.020071,0.020814,0.021423,0.021681,0.02153,0.021193,0.020758,0.020371,0.019919,0.019368,0.019069,0.019812,0.022018,0.026836
0,0.0055823,0.010474,0.014236,0.017369,0.019526,0.020816,0.021549,0.021897,0.021952,0.021888,0.021797,0.021646,0.021301,0.021117,0.021079,0.020899,0.019887,0.017652,0.01464,0.012895
0,0.0055672,0.011893,0.017101,0.020517,0.022675,0.023914,0.024593,0.0249,0.02483,0.024469,0.023938,0.023283,0.022413,0.021424,0.020676,0.020446,0.020773,0.02127,0.021418,0.021175
0,0.0052984,0.010999,0.016928,0.022337,0.026846,0.029984,0.032175,0.033847,0.034791,0.034901,0.034476,0.033803,0.033093,0.033071,0.033646,0.03545,0.038419,0.041566,0.044094,0.045138
0,0.0021584,0.0044745,0.0068978,0.0093685,0.012074,0.014598,0.016719,0.018258,0.018925,0.019041,0.019151,0.019447,0.019775,0.020187,0.020683,0.021245,0.021913,0.022627,0.023142,0.023532
0,0.0032428,0.0070551,0.011467,0.0162,0.020453,0.024045,0.026157,0.027162,0.027429,0.027381,0.027301,0.02735,0.027346,0.027263,0.026972,0.026855,0.026606,0.026436,0.027084,0.029402
0,0.0043514,0.0084508,0.012549,0.015857,0.018104,0.019611,0.020471,0.020969,0.021295,0.021718,0.02231,0.022894,0.023364,0.023549,0.023319,0.022658,0.021763,0.021023,0.02061,0.019764
0,0.0034947,0.0066385,0.0097035,0.012613,0.01503,0.016793,0.018174,0.019443,0.020791,0.022238,0.023817,0.024788,0.025021,0.024664,0.023983,0.022944,0.021645,0.020507,0.019731,0.018818
0,0.0028916,0.0055898,0.0081128,0.010653,0.013088,0.015374,0.017534,0.019336,0.02086,0.021978,0.022747,0.023247,0.023589,0.023725,0.023664,0.023493,0.023364,0.023041,0.022184,0.020578
0,0.0033447,0.0063731,0.009388,0.012234,0.015024,0.018232,0.02142,0.024135,0.02577,0.026465,0.026585,0.026544,0.026489,0.026607,0.026925,0.027486,0.028046,0.028391,0.028323,0.027047
0,0.0033171,0.0066908,0.010064,0.013097,0.015913,0.018708,0.021441,0.023296,0.024247,0.024457,0.024451,0.024402,0.024168,0.024051,0.023943,0.024013,0.024052,0.023937,0.023873,0.024233
0,0.0024922,0.0054082,0.0089153,0.013045,0.018168,0.023106,0.026392,0.027773,0.027938,0.027407,0.026623,0.025846,0.025062,0.024391,0.023699,0.023073,0.022437,0.021638,0.020574,0.019222
0,0.0055106,0.011214,0.017004,0.022052,0.025914,0.027993,0.029207,0.030205,0.031041,0.031644,0.031961,0.032081,0.032135,0.032084,0.031936,0.031482,0.030675,0.029714,0.028622,0.02753
0,0.0048286,0.0094755,0.013359,0.016165,0.018522,0.020502,0.021927,0.022892,0.023386,0.023651,0.023854,0.023967,0.023815,0.023789,0.024221,0.02473,0.025242,0.025359,0.024945,0.024224
0,0.0024725,0.0050367,0.0077343,0.010484,0.012978,0.015008,0.016797,0.018239,0.019138,0.019471,0.01935,0.019185,0.018945,0.018735,0.018606,0.018586,0.01853,0.01834,0.018132,0.017861
0,0.0023992,0.0048334,0.0074099,0.0099742,0.012882,0.016264,0.019668,0.022189,0.023353,0.023614,0.023285,0.022656,0.021957,0.021457,0.021244,0.021297,0.021596,0.021899,0.022438,0.024073
0,0.0033813,0.0074767,0.012837,0.018945,0.024469,0.027928,0.029412,0.029849,0.029972,0.030295,0.03094,0.031672,0.032249,0.032388,0.032235,0.031737,0.030775,0.029372,0.027526,0.025862
0,0.0045165,0.0090806,0.013437,0.017566,0.020836,0.022591,0.023731,0.02445,0.025088,0.025933,0.027144,0.028517,0.029448,0.029843,0.029774,0.029138,0.027966,0.02682,0.025882,0.025119
0,0.0042583,0.008358,0.012439,0.016366,0.019927,0.023135,0.025565,0.0274,0.028589,0.029481,0.030198,0.03087,0.031363,0.031871,0.032576,0.03362,0.035044,0.036334,0.036925,0.036654
0,0.001793,0.0034708,0.0052488,0.0073689,0.0093921,0.011432,0.013557,0.015278,0.016195,0.01624,0.015525,0.014521,0.013449,0.012584,0.011605,0.010551,0.0097578,0.0092908,0.009431,0.010184
0,0.003225,0.0066707,0.010561,0.014221,0.016671,0.018396,0.019252,0.019602,0.019712,0.019626,0.019402,0.01916,0.018883,0.018679,0.018625,0.019022,0.020082,0.021709,0.024171,0.02742
0,0.0052249,0.010834,0.015324,0.01777,0.019572,0.021212,0.022322,0.022709,0.022814,0.022887,0.022966,0.022938,0.022774,0.022517,0.022262,0.021977,0.021309,0.019682,0.017269,0.016156
0,0.0055233,0.011878,0.018598,0.02287,0.02496,0.026016,0.026709,0.026987,0.026959,0.026521,0.025746,0.024649,0.02321,0.021851,0.020684,0.01991,0.019563,0.019756,0.019823,0.019766
0,0.0079846,0.015671,0.021639,0.026103,0.029767,0.032228,0.033499,0.033802,0.033332,0.032452,0.031605,0.030914,0.03013,0.029316,0.02824,0.027503,0.027736,0.028263,0.029012,0.030631
0,0.0019947,0.0040955,0.0064144,0.0089299,0.011615,0.014408,0.017084,0.018988,0.019991,0.020188,0.019962,0.0197,0.019458,0.019394,0.019511,0.019751,0.020231,0.020829,0.021256,0.020985
0,0.0030405,0.0066223,0.010672,0.015402,0.020399,0.024821,0.027884,0.029413,0.029894,0.029688,0.029051,0.028178,0.027134,0.025886,0.02466,0.023746,0.023199,0.023178,0.02404,0.026061
0,0.005372,0.010713,0.015847,0.020127,0.022919,0.024642,0.025587,0.026018,0.026098,0.025875,0.025683,0.025531,0.025419,0.025293,0.025062,0.024767,0.024481,0.024235,0.023657,0.022351
0,0.0040198,0.0076979,0.010963,0.013483,0.015199,0.016688,0.017904,0.018786,0.019452,0.019967,0.020511,0.021047,0.021366,0.021443,0.021424,0.021318,0.021105,0.020873,0.020699,0.020429
0,0.0034873,0.0072057,0.010903,0.014276,0.017145,0.019389,0.021156,0.022321,0.022947,0.023193,0.023225,0.023185,0.02301,0.022773,0.022664,0.022738,0.023183,0.024057,0.024792,0.024841
0,0.002773,0.005867,0.0091107,0.012479,0.016141,0.01985,0.023126,0.02533,0.026367,0.026761,0.02687,0.02704,0.027162,0.027376,0.027809,0.028494,0.029213,0.029424,0.029228,0.028687
0,0.0031917,0.0069223,0.011337,0.01622,0.021689,0.026597,0.029993,0.031884,0.032633,0.032719,0.032569,0.032424,0.032176,0.03186,0.031483,0.031237,0.031059,0.030498,0.030385,0.03107
0,0.0046352,0.0096864,0.014766,0.019413,0.023563,0.026529,0.028326,0.029479,0.03022,0.030644,0.030854,0.031068,0.031262,0.031303,0.030945,0.030153,0.028991,0.027599,0.025682,0.02314
0,0.0034569,0.0070194,0.010029,0.012563,0.014789,0.01676,0.018464,0.019772,0.020894,0.021862,0.022725,0.023474,0.023994,0.024361,0.024557,0.02444,0.023979,0.022948,0.02156,0.019993
0,0.0035474,0.0072703,0.0109,0.014443,0.017954,0.02089,0.023011,0.024583,0.025744,0.026586,0.027299,0.028176,0.029019,0.029783,0.03036,0.030841,0.031221,0.031359,0.031283,0.030871
0,0.0031567,0.0063221,0.0094724,0.012702,0.015836,0.018814,0.021391,0.023427,0.024732,0.025358,0.025538,0.025535,0.025412,0.025143,0.02484,0.024598,0.024407,0.024271,0.024388,0.024065
0,0.0029278,0.0054089,0.0076594,0.0099895,0.012517,0.015074,0.017429,0.019565,0.020886,0.021148,0.020578,0.01967,0.018787,0.018224,0.018005,0.018026,0.018213,0.018696,0.019686,0.02125
0,0.0032103,0.0067862,0.010878,0.016442,0.02189,0.026277,0.028569,0.029532,0.029772,0.029604,0.029238,0.02894,0.028627,0.028306,0.027888,0.027342,0.026703,0.026006,0.025406,0.025948
0,0.0052744,0.011115,0.01698,0.022639,0.026956,0.029644,0.031509,0.032862,0.034155,0.035358,0.036524,0.037317,0.037622,0.03745,0.03693,0.036143,0.035056,0.033731,0.032169,0.030405
0,0.0040123,0.0080336,0.011903,0.015104,0.017842,0.020278,0.022532,0.024262,0.025344,0.025962,0.026438,0.026971,0.027557,0.028331,0.029112,0.030014,0.030856,0.031709,0.032063,0.031849
0,0.0033739,0.0062241,0.00911,0.011738,0.013803,0.015695,0.017187,0.018334,0.01898,0.0191,0.018803,0.01814,0.017373,0.016621,0.015903,0.015285,0.014943,0.014967,0.015275,0.016439
0,0.0022005,0.0047328,0.0078614,0.011228,0.014456,0.017071,0.018839,0.019961,0.020503,0.020435,0.019941,0.019165,0.018196,0.017353,0.016553,0.015809,0.015488,0.015975,0.01754,0.020397
0,0.005528,0.011849,0.018912,0.024332,0.027831,0.029748,0.030857,0.031661,0.031968,0.031907,0.03168,0.031454,0.031375,0.031455,0.031653,0.031566,0.031095,0.030457,0.030117,0.033218
0,0.0080627,0.016147,0.021811,0.025514,0.027358,0.028216,0.028526,0.0283,0.027754,0.027174,0.026864,0.02691,0.027038,0.027208,0.027259,0.02723,0.027105,0.026583,0.025203,0.022918
0,0.0075945,0.015495,0.022737,0.027383,0.030327,0.032161,0.033249,0.033756,0.033752,0.03316,0.031829,0.029966,0.028271,0.02701,0.026673,0.02737,0.02891,0.030658,0.031675,0.032098
0,0.0029023,0.0057755,0.0085131,0.011443,0.014261,0.017285,0.019766,0.02162,0.022706,0.023106,0.023039,0.022871,0.022695,0.022624,0.02266,0.02286,0.023164,0.023755,0.024395,0.024748
0,0.0028605,0.0058219,0.009335,0.013567,0.018131,0.021961,0.024782,0.026542,0.027221,0.027184,0.026672,0.025917,0.024782,0.023445,0.02227,0.021247,0.020757,0.020962,0.022185,0.024014
0,0.0070128,0.014254,0.019906,0.024175,0.02692,0.028408,0.029397,0.029951,0.030073,0.029909,0.029682,0.029527,0.029307,0.028934,0.028416,0.027772,0.027,0.026173,0.025246,0.025302
0,0.0049599,0.009824,0.014218,0.017377,0.019193,0.020468,0.021332,0.021809,0.021972,0.022016,0.022165,0.022513,0.022906,0.023064,0.02289,0.022447,0.021997,0.022234,0.022776,0.02313
0,0.0035706,0.0072143,0.010654,0.013975,0.016793,0.019469,0.021792,0.023582,0.024886,0.025909,0.026678,0.027017,0.026727,0.02611,0.025306,0.024552,0.024111,0.024231,0.024381,0.02403
0,0.0026474,0.0054581,0.0082887,0.01122,0.014478,0.018048,0.021666,0.024326,0.025751,0.02621,0.026031,0.026091,0.026326,0.026685,0.027135,0.027744,0.02842,0.0286,0.028069,0.026736
0,0.0038137,0.0080088,0.012585,0.017665,0.022466,0.026632,0.030099,0.032599,0.033735,0.033661,0.032899,0.031944,0.030966,0.030158,0.029589,0.029607,0.029998,0.030547,0.031299,0.03221
0,0.0059838,0.01264,0.020306,0.027744,0.033479,0.036509,0.038101,0.039304,0.039982,0.0403,0.040385,0.040478,0.040415,0.040196,0.039732,0.038786,0.037484,0.035875,0.033594,0.030223
0,0.0050008,0.010336,0.014929,0.018749,0.02177,0.023513,0.024734,0.02547,0.025788,0.025976,0.026183,0.026568,0.027054,0.027378,0.027303,0.026913,0.026339,0.02587,0.025534,0.025003
0,0.0032112,0.0065856,0.010018,0.013252,0.016472,0.019391,0.021632,0.023304,0.024572,0.025465,0.025993,0.026414,0.026709,0.027005,0.027305,0.027668,0.028021,0.028133,0.02783,0.026921
0,0.0026224,0.0056125,0.0091046,0.013227,0.017666,0.022052,0.026038,0.028918,0.030647,0.031556,0.032013,0.032427,0.032659,0.032839,0.033181,0.033663,0.03406,0.034057,0.033441,0.032246
0,0.0033054,0.0070924,0.011696,0.016801,0.021669,0.026139,0.029346,0.031155,0.031747,0.031769,0.031559,0.03138,0.03122,0.030845,0.030295,0.029661,0.029021,0.028246,0.027358,0.027211
0,0.0044024,0.0097407,0.015913,0.021913,0.026068,0.028457,0.029701,0.03063,0.031202,0.03179,0.032463,0.03299,0.033254,0.03331,0.032993,0.032132,0.031001,0.029746,0.028437,0.026719
0,0.0030338,0.0062257,0.0094281,0.01241,0.014854,0.017275,0.019647,0.021761,0.023598,0.025347,0.026951,0.02821,0.029118,0.029542,0.029514,0.028976,0.027935,0.026305,0.024242,0.0222
0,0.0028849,0.0057283,0.0087528,0.011907,0.014881,0.017532,0.019877,0.021763,0.02295,0.023807,0.024738,0.025638,0.026262,0.026663,0.026864,0.026947,0.026959,0.026734,0.026091,0.024792
0,0.0020346,0.0041257,0.0063243,0.0086878,0.01112,0.013549,0.015682,0.017335,0.01824,0.018414,0.017881,0.017003,0.016013,0.015116,0.013953,0.012587,0.011315,0.010643,0.011075,0.012274
0,0.0032313,0.0060898,0.0087322,0.011773,0.015499,0.019018,0.020894,0.022127,0.022719,0.022684,0.022037,0.021012,0.01981,0.018627,0.017403,0.016172,0.015281,0.014836,0.015498,0.017959
0,0.0042624,0.0089455,0.013314,0.016581,0.018768,0.019887,0.020659,0.02131,0.021805,0.022002,0.021941,0.021697,0.021417,0.021306,0.021238,0.021032,0.020859,0.020954,0.022691,0.027551
0,0.0066522,0.01348,0.019409,0.022291,0.024367,0.025868,0.027103,0.028018,0.028428,0.02859,0.028801,0.029053,0.029063,0.029085,0.029095,0.02922,0.028749,0.027192,0.024385,0.020803
0,0.0062174,0.012642,0.018253,0.022235,0.025265,0.027633,0.029348,0.030507,0.031268,0.031378,0.03096,0.030121,0.028858,0.027404,0.026042,0.025299,0.025278,0.025425,0.025016,0.024873
0,0.0025468,0.0051,0.0078422,0.010812,0.01397,0.017274,0.020024,0.021974,0.023016,0.023454,0.023681,0.023839,0.023901,0.024058,0.024215,0.02451,0.02484,0.025287,0.025512,0.025518
0,0.0033584,0.006777,0.010311,0.01383,0.018168,0.022797,0.02665,0.029315,0.030641,0.030596,0.029698,0.028381,0.026762,0.025385,0.024421,0.023862,0.023559,0.023679,0.023995,0.02424
0,0.0048154,0.010265,0.015791,0.020818,0.024255,0.026176,0.027022,0.027456,0.027642,0.027808,0.027931,0.027998,0.027913,0.02769,0.027297,0.026623,0.025855,0.025307,0.025611,0.028574
0,0.0068599,0.013026,0.017969,0.02141,0.023328,0.024214,0.024781,0.025263,0.025632,0.026097,0.02668,0.027205,0.027519,0.027558,0.027381,0.026866,0.026029,0.025656,0.02564,0.025417
0,0.0047043,0.0094252,0.013684,0.01733,0.020295,0.022773,0.025072,0.026789,0.027411,0.027006,0.026192,0.025483,0.024864,0.024438,0.024404,0.024781,0.025329,0.025825,0.026115,0.025892
0,0.0026668,0.00522,0.0078527,0.010833,0.01415,0.017931,0.021607,0.024006,0.025187,0.025427,0.025297,0.025176,0.024799,0.024667,0.024995,0.025685,0.026577,0.02702,0.026876,0.025987
0,0.0041114,0.0083319,0.01247,0.017174,0.022173,0.027165,0.031325,0.033755,0.034639,0.034436,0.033764,0.033159,0.032434,0.031915,0.031743,0.031942,0.032553,0.033193,0.033599,0.0336
0,0.005046,0.010977,0.017387,0.024123,0.030426,0.034684,0.037015,0.03815,0.038656,0.038655,0.038472,0.038096,0.037396,0.036394,0.035193,0.034025,0.033083,0.032332,0.031982,0.032677
0,0.005898,0.011935,0.01789,0.023403,0.027434,0.030269,0.032056,0.033078,0.033309,0.033193,0.032971,0.032828,0.032669,0.032477,0.032265,0.031897,0.031252,0.030669,0.030087,0.029175
0,0.0030569,0.0059172,0.0087938,0.011622,0.01436,0.016733,0.018645,0.020255,0.021489,0.022491,0.023499,0.024303,0.024826,0.02532,0.025617,0.025432,0.024602,0.023433,0.022113,0.020566
0,0.0031146,0.0065607,0.010329,0.014345,0.018451,0.022392,0.02626,0.02946,0.031342,0.032035,0.032233,0.032307,0.032292,0.032492,0.032937,0.033688,0.034291,0.034491,0.033811,0.031963
0,0.0033552,0.0069388,0.010616,0.01495,0.019926,0.02475,0.028524,0.031097,0.032325,0.032609,0.032377,0.032008,0.031505,0.03106,0.030793,0.030771,0.030888,0.030941,0.030961,0.031111
0,0.0045526,0.0095226,0.014688,0.019918,0.023991,0.026866,0.02899,0.030237,0.030875,0.03129,0.031612,0.031876,0.031876,0.031683,0.031038,0.029934,0.028495,0.026929,0.025359,0.023725
0,0.0038944,0.0074693,0.010725,0.01369,0.015862,0.017356,0.018472,0.019132,0.019428,0.01968,0.020078,0.020557,0.020923,0.021062,0.020962,0.02077,0.020601,0.020769,0.020993,0.020947
0,0.0028796,0.0059477,0.0092414,0.012439,0.015141,0.0178,0.02005,0.021847,0.023037,0.02384,0.024303,0.024666,0.025022,0.025547,0.026146,0.026698,0.027252,0.027764,0.027978,0.02741
0,0.0026246,0.0054735,0.008503,0.011937,0.015489,0.019068,0.022654,0.025215,0.026579,0.027198,0.027349,0.027511,0.027602,0.027865,0.02834,0.028685,0.02873,0.028285,0.027242,0.026038
0,0.0033484,0.00735,0.011894,0.016951,0.021236,0.024516,0.027371,0.029182,0.029913,0.029986,0.029873,0.029829,0.029878,0.030019,0.030066,0.02998,0.029846,0.02956,0.028967,0.028269
0,0.003986,0.0084649,0.013043,0.017173,0.020343,0.022038,0.023046,0.023844,0.024415,0.024898,0.025285,0.025601,0.0259,0.026195,0.026342,0.026035,0.0252,0.02408,0.02288,0.021549
0,0.0038781,0.0073548,0.010636,0.013477,0.015434,0.017207,0.018985,0.020431,0.021773,0.023348,0.02497,0.026105,0.026989,0.027604,0.027797,0.027462,0.026647,0.025181,0.023589,0.021945
0,0.0030793,0.0063847,0.0098606,0.013241,0.016124,0.018672,0.021089,0.023151,0.024667,0.025839,0.026639,0.027108,0.027253,0.02723,0.027077,0.026779,0.026176,0.025279,0.024317,0.023347
0,0.0029423,0.0057907,0.0086239,0.01123,0.013946,0.016725,0.019843,0.022612,0.024656,0.025589,0.025754,0.025593,0.024758,0.023767,0.023055,0.022906,0.023149,0.023669,0.024249,0.023533
0,0.0035761,0.007305,0.01149,0.01569,0.019263,0.022598,0.025419,0.027452,0.028567,0.028896,0.028874,0.02865,0.028299,0.027997,0.02768,0.027408,0.027389,0.02777,0.028666,0.02958
0,0.0038083,0.0079365,0.012576,0.017967,0.022975,0.026861,0.028951,0.029955,0.030317,0.030256,0.030151,0.030142,0.030181,0.030254,0.030163,0.029789,0.029032,0.028072,0.027559,0.02818
0,0.0051098,0.010252,0.014749,0.018823,0.021663,0.023092,0.023778,0.024136,0.024405,0.024712,0.024961,0.025287,0.025553,0.025851,0.026369,0.026674,0.026743,0.026659,0.026677,0.02667
0,0.0034776,0.0068766,0.010298,0.01354,0.016549,0.019117,0.021066,0.022714,0.024142,0.025148,0.025842,0.026532,0.027073,0.027445,0.027643,0.027798,0.027928,0.027884,0.02772,0.027374
0,0.0029416,0.0057728,0.0086454,0.011684,0.014664,0.017885,0.021102,0.024318,0.026616,0.027962,0.028409,0.02831,0.027837,0.027241,0.026676,0.026232,0.026232,0.02631,0.026055,0.024951
0,0.0027467,0.0055744,0.0084741,0.01152,0.01465,0.017855,0.021476,0.024535,0.026258,0.026627,0.026192,0.025552,0.024582,0.023173,0.02168,0.020184,0.019649,0.019805,0.02079,0.022233
0,0.0030574,0.0065094,0.010673,0.015052,0.019112,0.022595,0.024949,0.026433,0.027356,0.027898,0.028269,0.02864,0.028977,0.029249,0.02938,0.029209,0.028566,0.027354,0.0261,0.026511
0,0.0041473,0.0082318,0.011956,0.015279,0.018033,0.019796,0.020625,0.021136,0.021565,0.021972,0.022533,0.023263,0.024227,0.025172,0.026034,0.026557,0.02645,0.025569,0.024149,0.023203
0,0.0033524,0.0068209,0.010286,0.01329,0.016035,0.018335,0.020182,0.021373,0.022199,0.022927,0.023581,0.024476,0.025326,0.026168,0.027162,0.028075,0.028695,0.028639,0.027968,0.027337
0,0.0026779,0.0054495,0.0083104,0.011054,0.013841,0.016904,0.020427,0.02368,0.025906,0.026964,0.027348,0.027577,0.027465,0.027201,0.026933,0.026809,0.026868,0.027236,0.027365,0.025929
0,0.0028916,0.0063514,0.010143,0.013997,0.017892,0.021861,0.025837,0.028673,0.030041,0.03038,0.029972,0.029299,0.028261,0.027019,0.025761,0.024612,0.023839,0.023663,0.02374,0.024122
0,0.0033492,0.0070923,0.011441,0.01594,0.020373,0.023661,0.025924,0.027346,0.027998,0.028327,0.028593,0.028886,0.029115,0.029375,0.029514,0.029019,0.027957,0.026649,0.024749,0.023165
0,0.0038172,0.0070155,0.0099186,0.012619,0.014648,0.016096,0.017135,0.01771,0.017873,0.017627,0.017512,0.017771,0.018332,0.019191,0.020363,0.021343,0.021831,0.021849,0.0215,0.021426
0,0.0034744,0.0072101,0.01123,0.014999,0.018069,0.02063,0.022914,0.0246,0.026149,0.027788,0.029417,0.031059,0.032492,0.033726,0.034813,0.035643,0.0361,0.03573,0.034284,0.032418
0,0.0027518,0.005622,0.0087107,0.012046,0.015533,0.019409,0.022673,0.024751,0.025919,0.026648,0.027104,0.027293,0.027129,0.026752,0.026172,0.02556,0.025135,0.024871,0.024601,0.023212
0,0.0037538,0.007556,0.011248,0.014729,0.01856,0.022803,0.026796,0.029392,0.030394,0.030289,0.02971,0.029141,0.028495,0.027929,0.027353,0.026815,0.026693,0.027256,0.028777,0.02982
0,0.0036625,0.0079109,0.012367,0.016482,0.020339,0.023576,0.025773,0.027157,0.028014,0.028666,0.029345,0.030007,0.03071,0.031093,0.031103,0.03063,0.02954,0.027851,0.02592,0.024563
0,0.0034871,0.0068106,0.010064,0.012771,0.015109,0.017125,0.018732,0.020028,0.021004,0.02171,0.022383,0.023288,0.024159,0.025164,0.026496,0.028252,0.030277,0.031864,0.032014,0.031107
0,0.0029821,0.0059937,0.0090747,0.012124,0.014792,0.017565,0.020103,0.021892,0.023237,0.024253,0.025186,0.02633,0.027416,0.028453,0.029488,0.030738,0.031911,0.032815,0.033318,0.033036
0,0.003015,0.0064328,0.010038,0.013399,0.016605,0.019677,0.022046,0.02349,0.02418,0.024553,0.024788,0.02483,0.024461,0.023843,0.023299,0.022946,0.022887,0.023411,0.024679,0.025495
0,0.0036398,0.0072915,0.011614,0.016844,0.022186,0.026477,0.029164,0.030322,0.030878,0.030962,0.030659,0.030276,0.029979,0.029759,0.029359,0.028304,0.027315,0.027476,0.029763,0.034114
0,0.0044099,0.0090745,0.014211,0.019754,0.024869,0.028663,0.03076,0.032098,0.032796,0.033013,0.032772,0.032144,0.030888,0.029361,0.027807,0.026699,0.025621,0.023963,0.022566,0.022223
0,0.0066747,0.013867,0.020289,0.025128,0.028637,0.032634,0.036555,0.038619,0.039231,0.038738,0.036498,0.033409,0.030235,0.027603,0.0261,0.025851,0.026909,0.028003,0.0295,0.030567
0,0.0043219,0.0090034,0.013767,0.018687,0.02287,0.026408,0.029209,0.031431,0.032431,0.031197,0.02875,0.027868,0.028033,0.028197,0.028694,0.030376,0.032313,0.033549,0.033904,0.033514
0,0.0030168,0.0061759,0.0091505,0.011789,0.014446,0.0172,0.019972,0.022385,0.024106,0.025092,0.025538,0.025573,0.025211,0.024745,0.024251,0.024035,0.024185,0.024563,0.024797,0.023538
0,0.0031196,0.0062372,0.0094666,0.013113,0.016542,0.019719,0.02283,0.02527,0.026664,0.027332,0.027544,0.027487,0.027013,0.026207,0.025453,0.024951,0.024938,0.02523,0.026255,0.027144
0,0.0029949,0.0063966,0.010393,0.014992,0.019537,0.023434,0.026677,0.028434,0.029056,0.029185,0.02919,0.029226,0.029298,0.029168,0.028784,0.027938,0.026878,0.026,0.025583,0.026394
0,0.0039079,0.0082644,0.012776,0.016795,0.020501,0.023057,0.024614,0.025706,0.026408,0.02703,0.027703,0.028641,0.029667,0.030667,0.031105,0.031002,0.029963,0.028086,0.026097,0.024825
0,0.0033683,0.0067069,0.010249,0.013894,0.017189,0.020001,0.022144,0.02398,0.025355,0.026366,0.027011,0.027528,0.027649,0.027543,0.027298,0.026817,0.026186,0.025458,0.024973,0.024978
0,0.0033492,0.0065655,0.0095662,0.012526,0.015663,0.019182,0.022544,0.025313,0.02724,0.028311,0.028825,0.029119,0.029059,0.028857,0.028692,0.028692,0.028785,0.028639,0.028248,0.026839
0,0.0023892,0.00503,0.0080799,0.011408,0.014544,0.017449,0.020206,0.022718,0.024228,0.024862,0.024771,0.024397,0.023649,0.022638,0.021694,0.021098,0.02111,0.021679,0.022992,0.023971
0,0.0033745,0.0069935,0.010864,0.015435,0.020357,0.025191,0.029489,0.032042,0.033233,0.033715,0.033897,0.034162,0.034333,0.034266,0.033818,0.032839,0.031379,0.02934,0.027315,0.025948
0,0.0042899,0.0088714,0.01331,0.017099,0.020249,0.022626,0.024126,0.024718,0.024927,0.025113,0.025269,0.025661,0.026376,0.027553,0.028739,0.029387,0.029201,0.027907,0.025989,0.024717
0,0.0031555,0.0064302,0.0098718,0.013417,0.016842,0.019641,0.021822,0.023256,0.024245,0.025195,0.026024,0.026988,0.027867,0.02875,0.029919,0.031178,0.032003,0.03211,0.031474,0.030688
0,0.0023148,0.0047137,0.0073165,0.0099484,0.012597,0.015299,0.017916,0.019903,0.021065,0.021583,0.021635,0.021402,0.020792,0.019998,0.019118,0.018258,0.017579,0.016987,0.016525,0.015601
0,0.0028515,0.0057976,0.0087886,0.012006,0.015201,0.018292,0.021318,0.024005,0.025738,0.026426,0.02624,0.025662,0.025019,0.024424,0.023955,0.023733,0.023924,0.024569,0.025548,0.026101
0,0.003567,0.0075039,0.011966,0.017084,0.022046,0.026009,0.028873,0.03033,0.031014,0.031574,0.032206,0.032724,0.03294,0.032715,0.03224,0.031377,0.030081,0.028066,0.025592,0.023394
0,0.0030418,0.0062731,0.0094829,0.012483,0.015213,0.017389,0.018836,0.019882,0.020734,0.021335,0.021929,0.022756,0.023923,0.025119,0.026085,0.026986,0.027909,0.028694,0.028364,0.027597
0,0.0033168,0.0066864,0.010154,0.01366,0.016998,0.020095,0.02282,0.024847,0.026015,0.026678,0.027148,0.027823,0.028685,0.02988,0.031351,0.033189,0.035112,0.036206,0.035982,0.034525
0,0.0023928,0.0048754,0.0074747,0.010249,0.013086,0.015597,0.017805,0.019356,0.020226,0.020632,0.020649,0.020476,0.020066,0.019561,0.018839,0.017811,0.016881,0.016582,0.016392,0.015978
0,0.0032111,0.0065939,0.010369,0.014518,0.018695,0.022425,0.02522,0.026631,0.027147,0.027289,0.027184,0.026995,0.026683,0.026274,0.025087,0.023562,0.022676,0.02389,0.027393,0.030427
0,0.0046648,0.0093573,0.014152,0.020205,0.02601,0.030305,0.032506,0.03335,0.033556,0.033525,0.033272,0.032813,0.032045,0.031164,0.030497,0.029426,0.02736,0.023981,0.021613,0.021989
0,0.005198,0.011859,0.018994,0.024823,0.030025,0.034048,0.037192,0.039162,0.040179,0.040361,0.039642,0.037865,0.034975,0.031925,0.029332,0.028188,0.028937,0.03031,0.031073,0.029118
0,0.004817,0.010353,0.016685,0.023256,0.028479,0.032656,0.035968,0.038252,0.039406,0.039194,0.037686,0.035984,0.033887,0.032356,0.031013,0.031096,0.033899,0.038585,0.042027,0.042984
0,0.0026234,0.0054046,0.0083971,0.011597,0.014936,0.018095,0.020939,0.023145,0.024486,0.025215,0.025726,0.025915,0.025715,0.025477,0.025272,0.025259,0.025595,0.026418,0.02749,0.027634
0,0.0030205,0.0060684,0.0094594,0.013507,0.017848,0.022309,0.026035,0.028407,0.029544,0.029815,0.02968,0.029215,0.02826,0.026883,0.025367,0.024454,0.024571,0.025733,0.028262,0.032283
0,0.0044945,0.0090208,0.01345,0.017642,0.02123,0.02379,0.02531,0.02597,0.026131,0.026104,0.026064,0.026035,0.026024,0.025972,0.025879,0.025746,0.025414,0.024957,0.024368,0.023351
0,0.0035939,0.0073366,0.01095,0.014587,0.017726,0.020066,0.021712,0.022539,0.022868,0.022943,0.022971,0.023176,0.023372,0.0235,0.023548,0.02346,0.023206,0.022724,0.022417,0.021786
0,0.0034286,0.0068011,0.0097434,0.012157,0.014168,0.015921,0.017308,0.018202,0.018752,0.018969,0.01915,0.019617,0.019983,0.020198,0.020446,0.02072,0.021113,0.021298,0.020846,0.019565
0,0.0034404,0.0071222,0.010847,0.014248,0.017376,0.020421,0.02345,0.026194,0.027992,0.02867,0.028552,0.028261,0.02761,0.026914,0.026448,0.026141,0.025968,0.025847,0.025419,0.023386
0,0.003224,0.0068195,0.010302,0.013589,0.017097,0.020615,0.023439,0.026001,0.027612,0.028338,0.028627,0.028623,0.028325,0.027804,0.027272,0.026736,0.026409,0.026273,0.026216,0.026048
0,0.0032446,0.0064828,0.010041,0.013952,0.0183,0.022819,0.02697,0.029717,0.030695,0.030785,0.030436,0.030004,0.029331,0.028607,0.027663,0.026446,0.024844,0.022899,0.021735,0.021232
0,0.0049763,0.010487,0.016125,0.021421,0.026334,0.02997,0.032084,0.033097,0.03371,0.034027,0.034154,0.034254,0.034453,0.034864,0.035217,0.03517,0.034546,0.033277,0.031897,0.030122
0,0.0048542,0.0095953,0.013941,0.017962,0.021237,0.02373,0.025374,0.026164,0.026556,0.026587,0.02629,0.026082,0.026127,0.026471,0.027132,0.027932,0.028585,0.029007,0.029105,0.029191
0,0.0028902,0.0057638,0.008711,0.011933,0.01526,0.01811,0.020425,0.022189,0.023314,0.023796,0.023861,0.023705,0.02329,0.022738,0.022046,0.021441,0.020909,0.020479,0.020128,0.019454
0,0.0024041,0.0052139,0.0082799,0.011261,0.013963,0.016729,0.019736,0.022446,0.024513,0.025371,0.025435,0.025121,0.024498,0.023968,0.023551,0.023422,0.023624,0.024179,0.026022,0.027587
0,0.0031959,0.0069478,0.011076,0.0155,0.020955,0.02675,0.030774,0.032856,0.033553,0.034004,0.034593,0.035187,0.035655,0.035676,0.035104,0.033822,0.031807,0.029388,0.027094,0.02521
0,0.0042691,0.0085726,0.012693,0.016508,0.019668,0.021982,0.023559,0.024697,0.025413,0.02588,0.026503,0.027357,0.028341,0.029309,0.030016,0.030343,0.030102,0.028975,0.028004,0.027256
0,0.0037529,0.0074371,0.01104,0.014578,0.017936,0.020981,0.023201,0.024822,0.02582,0.026471,0.027029,0.02783,0.028715,0.02989,0.031098,0.032689,0.034757,0.036654,0.037317,0.036704
0,0.00245,0.0050226,0.0075411,0.01022,0.013036,0.015804,0.018148,0.01983,0.020824,0.021136,0.02097,0.020543,0.019844,0.019003,0.017842,0.016785,0.016139,0.015982,0.016266,0.015998
0,0.0031231,0.0065781,0.010764,0.015438,0.019996,0.024326,0.027668,0.028837,0.029117,0.029068,0.02874,0.028409,0.028019,0.027576,0.027093,0.026831,0.02666,0.027163,0.028929,0.030584
0,0.0042647,0.0088224,0.013631,0.01903,0.024399,0.027637,0.029154,0.030067,0.030427,0.030411,0.030027,0.029387,0.028725,0.028276,0.027931,0.027257,0.025583,0.023047,0.021134,0.022735
0,0.0062063,0.012776,0.019431,0.027716,0.034601,0.03823,0.040707,0.042637,0.043578,0.043971,0.043617,0.042119,0.039343,0.035847,0.032459,0.030582,0.030803,0.031575,0.031398,0.029724
0,0.0078378,0.015046,0.020441,0.02552,0.030753,0.036374,0.040824,0.043092,0.043592,0.043055,0.041434,0.039016,0.036283,0.03474,0.033679,0.033284,0.033995,0.035328,0.037799,0.04065
0,0.0025113,0.0051346,0.0077843,0.010665,0.013791,0.017309,0.020677,0.02341,0.02493,0.025384,0.025351,0.025111,0.02452,0.02374,0.02308,0.022875,0.02302,0.023757,0.02434,0.024073
0,0.0040063,0.0079218,0.01181,0.015778,0.020326,0.025922,0.030881,0.033864,0.034979,0.035067,0.034689,0.034055,0.03298,0.031708,0.030282,0.029046,0.028403,0.028837,0.030274,0.031972
0,0.0050412,0.010611,0.016407,0.021255,0.024992,0.027713,0.029634,0.030761,0.031141,0.031127,0.030989,0.030788,0.030512,0.030028,0.029523,0.028932,0.028297,0.027752,0.027082,0.026357
0,0.0046132,0.0091939,0.013562,0.017174,0.01974,0.02133,0.022331,0.023074,0.023509,0.02366,0.023754,0.023856,0.023935,0.024044,0.024364,0.024852,0.025244,0.025288,0.025082,0.024619
0,0.0039472,0.0079127,0.011535,0.014482,0.016988,0.018697,0.019925,0.020865,0.021325,0.02117,0.020767,0.020506,0.020449,0.020661,0.021013,0.021432,0.021987,0.022556,0.023226,0.023584
0,0.0029354,0.0062502,0.010092,0.014116,0.018461,0.022933,0.027142,0.030923,0.033114,0.033554,0.033446,0.033495,0.033318,0.03309,0.032991,0.033158,0.033539,0.034301,0.035091,0.034988
0,0.0031248,0.0066543,0.010664,0.015287,0.02029,0.025607,0.030287,0.033805,0.035675,0.036182,0.035982,0.035822,0.035223,0.03451,0.033932,0.033377,0.032815,0.032557,0.033104,0.034263
0,0.0043198,0.0087972,0.013527,0.018401,0.02302,0.026686,0.029556,0.031423,0.03239,0.032716,0.032783,0.032787,0.032734,0.032485,0.031962,0.030722,0.029173,0.027273,0.02512,0.022841
0,0.0028319,0.0061666,0.0096718,0.01315,0.016132,0.018552,0.020323,0.021301,0.021784,0.021972,0.02209,0.022552,0.023313,0.02435,0.025214,0.025718,0.025726,0.024951,0.023126,0.021199
0,0.0028511,0.0058761,0.0087741,0.01181,0.014823,0.01754,0.019693,0.021247,0.022163,0.02265,0.023057,0.024035,0.025261,0.026585,0.027895,0.029034,0.029968,0.030522,0.031081,0.031248
0,0.0035226,0.0071204,0.010714,0.014592,0.018609,0.022787,0.026255,0.028883,0.030473,0.031056,0.030976,0.030504,0.029633,0.028501,0.027366,0.02647,0.025736,0.025246,0.025214,0.024343
0,0.0032685,0.0067166,0.0099576,0.012883,0.01531,0.017257,0.019232,0.021339,0.022735,0.023172,0.023023,0.022776,0.022588,0.02259,0.022606,0.022712,0.023104,0.023652,0.02466,0.025389
0,0.0036786,0.0072958,0.011153,0.01516,0.019457,0.024232,0.028383,0.030444,0.031109,0.031217,0.03112,0.030871,0.030467,0.029985,0.029397,0.028544,0.027442,0.026455,0.027014,0.029513
0,0.0043479,0.0094887,0.014893,0.020098,0.024614,0.027989,0.030135,0.031604,0.032685,0.033481,0.034206,0.034918,0.035405,0.035724,0.035867,0.035691,0.035053,0.033246,0.031147,0.029561
0,0.004374,0.0086204,0.012527,0.015817,0.018923,0.021582,0.023812,0.025722,0.02672,0.027011,0.026786,0.026584,0.026591,0.027285,0.028364,0.029634,0.031229,0.03289,0.033874,0.034408
0,0.0037693,0.0076105,0.011734,0.016107,0.019908,0.023316,0.025804,0.027336,0.028203,0.02857,0.028582,0.028423,0.028107,0.027657,0.027121,0.026603,0.026232,0.026432,0.02692,0.027036
0,0.0033354,0.0068472,0.010524,0.013894,0.017065,0.020073,0.022936,0.025344,0.026582,0.027017,0.026871,0.026552,0.025901,0.02476,0.023618,0.02279,0.022567,0.023586,0.025417,0.027377
0,0.0065633,0.013318,0.019794,0.026266,0.032848,0.038118,0.041855,0.043691,0.04448,0.044742,0.044487,0.044283,0.044185,0.043966,0.04378,0.043548,0.043069,0.042095,0.042465,0.044845
0,0.0062316,0.01432,0.021777,0.028841,0.036117,0.041441,0.044168,0.045359,0.045384,0.044971,0.044241,0.043392,0.042708,0.042621,0.042659,0.0423,0.04189,0.04154,0.039929,0.035628
0,0.0070132,0.01535,0.024217,0.031902,0.03853,0.043914,0.047371,0.049793,0.051294,0.051853,0.051424,0.049753,0.046281,0.041815,0.037804,0.036364,0.037829,0.040742,0.042547,0.040831
0,0.0033104,0.006525,0.010031,0.013596,0.016842,0.020288,0.023627,0.026097,0.027663,0.028168,0.028286,0.028164,0.02772,0.027137,0.026606,0.026274,0.02623,0.026691,0.027716,0.027592
0,0.0040609,0.008362,0.012533,0.016369,0.020224,0.025017,0.029762,0.032845,0.034217,0.034391,0.03377,0.032813,0.03157,0.030286,0.029059,0.028096,0.02795,0.028771,0.030596,0.032207
0,0.0056453,0.012036,0.018926,0.024951,0.029792,0.033474,0.03548,0.036584,0.03724,0.037343,0.037188,0.036917,0.036344,0.03557,0.0347,0.033767,0.032858,0.032234,0.031711,0.031281
0,0.0046735,0.0093878,0.01412,0.018723,0.022726,0.025555,0.027264,0.028128,0.028477,0.028382,0.028012,0.027798,0.027446,0.027103,0.026926,0.026994,0.027282,0.027967,0.028861,0.028809
0,0.004258,0.008474,0.012387,0.015722,0.01875,0.021263,0.023353,0.024654,0.025326,0.025576,0.025595,0.025483,0.02517,0.024701,0.024235,0.023863,0.023445,0.023094,0.023233,0.023703
0,0.0029095,0.0058973,0.0090306,0.012256,0.015511,0.019231,0.023346,0.027275,0.030074,0.031057,0.031182,0.031245,0.030854,0.030322,0.030161,0.030304,0.030596,0.030923,0.030663,0.02928
0,0.0044346,0.0091291,0.014063,0.019219,0.024891,0.030653,0.035365,0.038807,0.040784,0.041215,0.040776,0.040288,0.039575,0.039079,0.038684,0.03837,0.038319,0.038854,0.039888,0.040093
0,0.0051028,0.011038,0.017767,0.025034,0.03234,0.038235,0.041816,0.043655,0.044497,0.044848,0.044896,0.044902,0.044667,0.04426,0.043599,0.041913,0.039781,0.036975,0.033849,0.03096
0,0.0041851,0.0088842,0.014136,0.019365,0.023549,0.026316,0.027987,0.029075,0.029423,0.029198,0.028715,0.028261,0.02811,0.028373,0.028822,0.029131,0.029013,0.028638,0.028256,0.02742
0,0.0028207,0.0057604,0.0089352,0.012018,0.014766,0.017422,0.019789,0.021713,0.023082,0.023916,0.024358,0.024839,0.025327,0.025973,0.026824,0.027722,0.028477,0.028888,0.028586,0.027589
0,0.0029876,0.0061338,0.0093458,0.013019,0.017182,0.022192,0.027121,0.031603,0.034612,0.035956,0.036337,0.036571,0.03616,0.035571,0.035082,0.035026,0.035206,0.035467,0.035388,0.034159
0,0.0031541,0.0067007,0.010833,0.01537,0.020365,0.025329,0.029814,0.033191,0.034896,0.035444,0.035386,0.03502,0.034086,0.032946,0.031676,0.030486,0.029431,0.028705,0.028545,0.028764
0,0.0038707,0.0081393,0.013512,0.019626,0.025428,0.029581,0.031972,0.033092,0.033706,0.034104,0.034421,0.034793,0.035016,0.034965,0.034729,0.034205,0.033269,0.032136,0.030997,0.029225
0,0.0029544,0.005964,0.009194,0.01255,0.01551,0.017934,0.019656,0.021399,0.022995,0.024316,0.025521,0.026727,0.027742,0.028563,0.029228,0.02947,0.028972,0.027602,0.025557,0.024247
0,0.0030356,0.0059326,0.0088426,0.011935,0.015373,0.01826,0.020765,0.022781,0.024137,0.025074,0.025987,0.027046,0.027756,0.0282,0.028638,0.029056,0.029439,0.029309,0.028408,0.02661
0,0.0026448,0.0052735,0.0079304,0.010501,0.013003,0.01558,0.017919,0.019969,0.021186,0.021513,0.021256,0.020726,0.019791,0.018423,0.016933,0.015831,0.015378,0.01559,0.016226,0.01675
0,0.0036366,0.0077952,0.012618,0.017596,0.021917,0.02527,0.02784,0.029618,0.03043,0.030668,0.030379,0.029859,0.029312,0.028576,0.027807,0.027298,0.027009,0.027213,0.028286,0.029543
0,0.0052223,0.01005,0.015355,0.02055,0.025052,0.028381,0.030302,0.030728,0.030783,0.030687,0.030431,0.030312,0.030217,0.030132,0.029835,0.029178,0.028194,0.027897,0.030126,0.03311
0,0.006057,0.012613,0.019391,0.026096,0.033326,0.038966,0.041387,0.042259,0.042873,0.043115,0.042992,0.042401,0.041583,0.040606,0.040333,0.040049,0.038763,0.036057,0.032632,0.031073
0,0.0070383,0.015293,0.023242,0.030129,0.035745,0.040245,0.043883,0.046479,0.047846,0.048073,0.047074,0.044854,0.041259,0.037345,0.034227,0.033082,0.034031,0.035354,0.035738,0.033758
0,0.0032889,0.0066647,0.0099838,0.01333,0.016742,0.02049,0.023719,0.025961,0.027259,0.027775,0.027911,0.027912,0.027587,0.027182,0.026649,0.026233,0.026328,0.026981,0.027572,0.026904
0,0.0044123,0.0094029,0.014749,0.020091,0.024748,0.029061,0.033835,0.037395,0.03888,0.039112,0.03859,0.037948,0.037322,0.036474,0.035732,0.035405,0.035542,0.035939,0.036717,0.036551
0,0.005682,0.010656,0.015887,0.021285,0.026324,0.030294,0.032603,0.034,0.034545,0.034671,0.034698,0.034608,0.034164,0.033151,0.031633,0.029986,0.028432,0.02788,0.030286,0.035518
0,0.0063204,0.013828,0.021576,0.027317,0.030765,0.032774,0.03367,0.033968,0.033802,0.033548,0.033478,0.03341,0.033267,0.033125,0.032953,0.032813,0.032702,0.033069,0.033985,0.034413
0,0.0045522,0.0093404,0.01483,0.019938,0.024003,0.02714,0.02928,0.030346,0.030584,0.030156,0.029458,0.02851,0.027454,0.026633,0.026471,0.026933,0.027656,0.028417,0.029266,0.029238
0,0.0029953,0.0061564,0.0093989,0.012495,0.015541,0.019008,0.022637,0.025503,0.027083,0.027271,0.026955,0.026755,0.026295,0.025847,0.025658,0.025685,0.025998,0.026383,0.026162,0.024526
0,0.0041965,0.0089561,0.014402,0.02036,0.025998,0.031713,0.037239,0.041557,0.04383,0.044405,0.04429,0.044169,0.043796,0.043178,0.042806,0.042697,0.043069,0.04355,0.043972,0.043284
0,0.0043608,0.0091265,0.014418,0.020221,0.026135,0.031874,0.036575,0.039987,0.041802,0.042191,0.041899,0.041396,0.040362,0.038945,0.037339,0.035467,0.033838,0.032794,0.032685,0.033863
0,0.0046434,0.010139,0.015978,0.022464,0.028257,0.032774,0.035715,0.037081,0.037659,0.037606,0.037146,0.036735,0.036387,0.036043,0.035702,0.035336,0.034776,0.034094,0.033435,0.03188
0,0.0030398,0.006389,0.010072,0.013868,0.017134,0.019494,0.021046,0.022058,0.022566,0.022867,0.023063,0.023546,0.024296,0.025657,0.027147,0.028194,0.028124,0.02704,0.025246,0.023431
0,0.0030765,0.0062228,0.0095129,0.0129,0.016605,0.020874,0.025203,0.028874,0.031503,0.032699,0.033063,0.033118,0.032601,0.032071,0.031664,0.031359,0.031149,0.030834,0.030055,0.027961
0,0.0037216,0.0077572,0.011967,0.016484,0.021376,0.026629,0.031478,0.035069,0.037259,0.038243,0.03852,0.038401,0.037815,0.036983,0.035897,0.035022,0.034745,0.034914,0.035718,0.035595
0,0.0038569,0.0081654,0.012999,0.01816,0.022998,0.027088,0.030379,0.032202,0.033069,0.03337,0.033412,0.033426,0.033145,0.032577,0.031642,0.030228,0.028556,0.026844,0.025754,0.024754
0,0.0043637,0.0088136,0.012917,0.016227,0.01921,0.021539,0.023118,0.023941,0.024139,0.024165,0.024163,0.024231,0.024346,0.024496,0.02458,0.024736,0.024843,0.025175,0.025423,0.025592
0,0.0027964,0.0056056,0.0085252,0.011399,0.014121,0.016589,0.018698,0.020706,0.022165,0.022865,0.023293,0.023745,0.024133,0.024654,0.025513,0.026592,0.027862,0.028708,0.028825,0.028278
0,0.0030193,0.0061947,0.0095424,0.01335,0.017638,0.022345,0.026743,0.029992,0.031956,0.032553,0.032539,0.032296,0.031611,0.030692,0.029446,0.028078,0.026934,0.026146,0.025391,0.023805
0,0.0035978,0.0075491,0.011617,0.01618,0.021063,0.025962,0.029656,0.032322,0.033794,0.034436,0.034743,0.034979,0.034859,0.03451,0.034186,0.033684,0.033005,0.032282,0.032275,0.032191
0,0.0043224,0.0090799,0.013835,0.018143,0.022464,0.025625,0.027459,0.028556,0.029203,0.02964,0.030021,0.030377,0.03059,0.030695,0.030552,0.029915,0.028877,0.027567,0.026499,0.025261
0,0.0041583,0.0083477,0.012766,0.016711,0.020127,0.022776,0.024614,0.025771,0.026409,0.026972,0.027804,0.028906,0.029828,0.030557,0.031097,0.031462,0.031116,0.030022,0.028322,0.02728
0,0.0029625,0.0059535,0.0089074,0.012039,0.014987,0.017711,0.020052,0.022084,0.023618,0.024875,0.026005,0.026933,0.027329,0.027284,0.0271,0.026865,0.026751,0.026681,0.026594,0.025926
0,0.00158,0.0033944,0.0056363,0.0082444,0.011182,0.013983,0.016429,0.018455,0.01976,0.019969,0.019564,0.01894,0.018371,0.017911,0.017595,0.017492,0.017533,0.017466,0.017312,0.017132
