0,0.11367,0.22007,0.31632,0.39889,0.47726,0.55564,0.64127,0.71261,0.76616,0.79018,0.78753,0.75992,0.71171,0.65053,0.5861,0.53594,0.50156,0.47456,0.45975,0.44509
0,0.11979,0.23496,0.33515,0.43055,0.53215,0.66255,0.83012,0.97928,1.0594,1.0897,1.0832,1.0432,0.97258,0.87698,0.76862,0.692,0.67259,0.68726,0.71474,0.74952
0,0.13277,0.26346,0.37921,0.47951,0.58864,0.73336,0.90805,1.0747,1.1778,1.2126,1.2028,1.1506,1.0557,0.94817,0.8203,0.72729,0.69971,0.71908,0.76419,0.80113
0,0.10969,0.22571,0.33392,0.44162,0.54052,0.63595,0.72603,0.8132,0.87396,0.8992,0.89321,0.8508,0.78216,0.70976,0.66181,0.66036,0.69853,0.74674,0.79453,0.79873
0,0.12477,0.22939,0.30153,0.35767,0.40925,0.46025,0.51074,0.55439,0.58831,0.60779,0.61074,0.60252,0.58591,0.56325,0.53556,0.50197,0.46354,0.42843,0.39771,0.34678
0,0.092644,0.18311,0.27069,0.35526,0.44222,0.53506,0.62498,0.70389,0.75665,0.78017,0.77744,0.7517,0.71298,0.66231,0.59924,0.52995,0.47107,0.41948,0.37915,0.35948
0,0.10747,0.20829,0.3057,0.40723,0.51658,0.6602,0.83996,0.9587,1.0164,1.0381,1.0278,0.98616,0.91924,0.8186,0.6951,0.59152,0.5581,0.58471,0.64879,0.71304
0,0.12637,0.24592,0.35457,0.46206,0.61316,0.8209,1.0414,1.2148,1.302,1.3293,1.3242,1.2799,1.1877,1.0514,0.88739,0.74183,0.67523,0.69173,0.73756,0.77295
0,0.10759,0.20109,0.29258,0.40395,0.52456,0.64371,0.76664,0.87227,0.93863,0.9705,0.97481,0.94094,0.85751,0.76246,0.67744,0.65134,0.68212,0.73851,0.81771,0.87241
0,0.10904,0.20764,0.2858,0.35099,0.4096,0.47453,0.52592,0.56635,0.59568,0.61176,0.61507,0.60659,0.58916,0.56418,0.53233,0.49342,0.44824,0.41369,0.37993,0.33537
0,0.077815,0.15595,0.23356,0.30915,0.38843,0.4837,0.58275,0.67443,0.73535,0.75818,0.75326,0.72826,0.68486,0.63626,0.5788,0.51347,0.44886,0.38557,0.34378,0.3329
0,0.11644,0.22313,0.32514,0.42804,0.51771,0.62348,0.77265,0.92239,1.0066,1.04,1.0331,0.98817,0.91055,0.81215,0.71416,0.66646,0.67325,0.71405,0.76048,0.78407
0,0.13245,0.25352,0.36808,0.47322,0.58537,0.74282,0.93156,1.1194,1.2306,1.269,1.2606,1.1961,1.0856,0.94676,0.79717,0.70088,0.68601,0.70247,0.74271,0.78391
0,0.10087,0.20463,0.30918,0.42061,0.51582,0.61738,0.73937,0.82643,0.87381,0.89223,0.88311,0.84609,0.79191,0.73483,0.67326,0.65036,0.73292,0.86491,0.96975,1.0401
0,0.10497,0.2026,0.28357,0.34686,0.39862,0.4607,0.51772,0.5667,0.60454,0.62584,0.62972,0.61878,0.59785,0.56775,0.53241,0.49592,0.45847,0.42691,0.39875,0.35343
0,0.099403,0.18913,0.27759,0.3595,0.43702,0.52794,0.62593,0.71971,0.78644,0.8175,0.81885,0.79222,0.74045,0.67469,0.60269,0.52941,0.47436,0.43497,0.41935,0.40869
0,0.12417,0.24464,0.35225,0.45371,0.55029,0.65498,0.7953,0.93966,1.0251,1.0615,1.0577,1.0208,0.95036,0.84858,0.74438,0.69229,0.70301,0.74906,0.77876,0.78731
0,0.1425,0.2653,0.37718,0.48365,0.59829,0.75239,0.90071,1.0428,1.1432,1.1805,1.1718,1.1043,0.99725,0.87107,0.73467,0.63602,0.60322,0.59205,0.61677,0.65256
0,0.094983,0.1836,0.26097,0.32627,0.39776,0.48295,0.57661,0.65941,0.71501,0.74366,0.73775,0.7011,0.6535,0.61593,0.63695,0.70694,0.81444,0.9192,1.0074,1.0534
0,0.11468,0.21326,0.27729,0.3269,0.37318,0.41861,0.46187,0.50763,0.54397,0.56304,0.57042,0.56535,0.54988,0.52597,0.49457,0.46127,0.4279,0.39339,0.35713,0.31726
0,0.090862,0.17813,0.26369,0.33999,0.41834,0.51496,0.62997,0.74221,0.81106,0.84136,0.84292,0.8166,0.76463,0.6965,0.61005,0.52069,0.47139,0.46656,0.4909,0.51818
0,0.12153,0.2367,0.33678,0.4346,0.52449,0.6117,0.74562,0.87787,0.96689,1.009,1.0131,0.98168,0.91102,0.80461,0.70658,0.66073,0.68921,0.75668,0.80275,0.81673
0,0.1423,0.27234,0.40236,0.53158,0.65043,0.76258,0.87591,0.98863,1.0791,1.1198,1.1192,1.0851,1.0234,0.9554,0.89446,0.8574,0.85319,0.86878,0.91018,0.97663
0,0.091998,0.16741,0.22174,0.26145,0.30711,0.36357,0.42877,0.48404,0.5239,0.54944,0.55665,0.55945,0.56847,0.6137,0.69711,0.80109,0.90282,1.0157,1.1002,1.1371
0,0.098904,0.18885,0.26412,0.32366,0.38106,0.4352,0.48119,0.51898,0.54658,0.5617,0.56329,0.55434,0.53949,0.51963,0.49756,0.4669,0.42679,0.38167,0.32736,0.25288
0,0.11929,0.23247,0.33109,0.41741,0.50348,0.59556,0.6786,0.74767,0.79092,0.81035,0.80853,0.78275,0.73729,0.67717,0.60917,0.54905,0.51255,0.49351,0.49266,0.49703
0,0.12389,0.24111,0.34622,0.44364,0.54648,0.68798,0.87569,1.0464,1.1403,1.1768,1.1702,1.1255,1.0476,0.93503,0.80793,0.71097,0.67986,0.69143,0.72531,0.76514
0,0.12803,0.25799,0.38935,0.52096,0.65734,0.83151,1.0202,1.1829,1.2792,1.3183,1.3131,1.2641,1.1769,1.066,0.95443,0.87425,0.86694,0.90458,0.94325,0.94243
0,0.1425,0.28425,0.42079,0.57016,0.72906,0.88167,1.0147,1.1309,1.2049,1.2345,1.223,1.1741,1.088,0.98826,0.88952,0.81673,0.81436,0.83728,0.85532,0.85227
0,0.099148,0.19329,0.27371,0.33871,0.39441,0.44415,0.48766,0.52663,0.55799,0.57714,0.57992,0.56867,0.55074,0.52976,0.50702,0.48163,0.4491,0.413,0.36812,0.29709
0,0.091628,0.1797,0.26375,0.34991,0.44322,0.54164,0.62519,0.68433,0.72451,0.74396,0.74134,0.71978,0.68175,0.63051,0.56692,0.49724,0.43274,0.39292,0.3854,0.41542
0,0.11204,0.21245,0.31377,0.41174,0.52385,0.67555,0.88266,1.0316,1.1062,1.1366,1.1279,1.0817,1.008,0.89202,0.73518,0.58751,0.5372,0.56394,0.6462,0.71379
0,0.12914,0.25535,0.37354,0.50375,0.67735,0.90789,1.1384,1.3189,1.4192,1.4563,1.447,1.3927,1.2903,1.1465,0.97868,0.83875,0.79102,0.83383,0.88009,0.88137
0,0.13423,0.25808,0.39532,0.5691,0.75654,0.93789,1.105,1.2348,1.3109,1.3504,1.3531,1.3104,1.2165,1.0904,0.96812,0.87015,0.84292,0.87386,0.93713,0.99487
0,0.094848,0.18107,0.26193,0.32764,0.3861,0.44441,0.49224,0.53137,0.56479,0.58387,0.58473,0.57223,0.55299,0.52995,0.50422,0.47588,0.43957,0.40338,0.35729,0.28353
0,0.083554,0.16734,0.25475,0.34504,0.44054,0.5469,0.63609,0.70616,0.75229,0.77239,0.77076,0.74868,0.70615,0.65407,0.5962,0.53074,0.44852,0.38396,0.36003,0.37872
0,0.11966,0.23775,0.34474,0.44815,0.54261,0.65752,0.82967,1.0004,1.0952,1.1303,1.1224,1.0768,0.98539,0.86336,0.74253,0.66959,0.6628,0.70476,0.76179,0.78751
0,0.12103,0.2449,0.36837,0.49373,0.6268,0.78944,1.0012,1.1966,1.3082,1.3491,1.3445,1.2869,1.1748,1.0196,0.87504,0.80039,0.79685,0.85437,0.91592,0.92638
0,0.13179,0.2601,0.39406,0.54881,0.68902,0.81434,0.95924,1.0742,1.1414,1.1655,1.1515,1.1048,1.0351,0.96699,0.90668,0.88378,0.95561,1.0721,1.1321,1.1709
0,0.086924,0.16908,0.24516,0.30476,0.3534,0.40609,0.45908,0.50887,0.54973,0.57525,0.58129,0.56986,0.54788,0.51958,0.48854,0.45687,0.42116,0.38895,0.35086,0.28472
0,0.10556,0.20072,0.28855,0.37465,0.46289,0.55801,0.64839,0.72048,0.77429,0.79691,0.79789,0.77738,0.73197,0.6693,0.59716,0.5202,0.44911,0.41135,0.42563,0.47323
0,0.13095,0.25853,0.3677,0.47057,0.56879,0.67404,0.8325,1.0052,1.1067,1.1527,1.1478,1.1037,1.0221,0.89775,0.76192,0.68146,0.6837,0.72734,0.77259,0.78617
0,0.12744,0.24379,0.35806,0.46299,0.57571,0.72162,0.9089,1.0854,1.1835,1.2215,1.2178,1.1645,1.0625,0.921,0.78084,0.70388,0.69161,0.72948,0.78059,0.81634
0,0.12311,0.2363,0.32537,0.41837,0.52145,0.63396,0.7576,0.86272,0.93126,0.97054,0.97148,0.93031,0.86864,0.80861,0.7912,0.83991,0.92956,1.0145,1.0747,1.1182
0,0.092812,0.1768,0.24571,0.30331,0.35487,0.40105,0.43932,0.47683,0.51007,0.53013,0.53619,0.52916,0.51267,0.48775,0.46163,0.43431,0.40398,0.36928,0.32918,0.27721
0,0.092885,0.18299,0.2743,0.36246,0.45538,0.54474,0.63528,0.71672,0.77574,0.80077,0.80201,0.77866,0.73126,0.66863,0.59461,0.50948,0.4348,0.42315,0.47525,0.54695
0,0.12623,0.24424,0.34273,0.43447,0.51842,0.61901,0.7769,0.94988,1.0507,1.0987,1.1007,1.0581,0.97137,0.83841,0.70361,0.6347,0.6559,0.72414,0.7835,0.81385
0,0.14358,0.28081,0.39574,0.49572,0.59653,0.70618,0.83498,0.95923,1.05,1.0892,1.0869,1.052,0.994,0.93212,0.88851,0.885,0.90647,0.95515,1.0125,1.0399
0,0.10858,0.20317,0.28763,0.35729,0.41614,0.49005,0.57921,0.65229,0.70662,0.74433,0.75229,0.73763,0.72737,0.74993,0.81429,0.90062,0.99277,1.0813,1.1608,1.2025
0,0.1007,0.20213,0.28499,0.34987,0.40905,0.46352,0.51153,0.54833,0.57638,0.59255,0.59604,0.58942,0.57723,0.55813,0.53122,0.49333,0.4492,0.40226,0.34854,0.2741
0,0.088685,0.17883,0.25898,0.341,0.42587,0.51624,0.60207,0.67048,0.71395,0.73403,0.73012,0.70535,0.66385,0.61391,0.56622,0.51072,0.454,0.41042,0.3839,0.38792
0,0.12936,0.2508,0.35426,0.45515,0.58247,0.75719,0.9499,1.1122,1.1981,1.2346,1.2317,1.1908,1.1135,0.99919,0.85895,0.7297,0.67237,0.67826,0.7238,0.79174
0,0.14172,0.28167,0.41546,0.56125,0.72792,0.92926,1.1495,1.3369,1.4405,1.4876,1.489,1.4452,1.3506,1.2179,1.057,0.93567,0.90268,0.92104,0.96181,0.97928
0,0.15347,0.32531,0.52767,0.77906,1.0499,1.2944,1.4656,1.585,1.6496,1.6715,1.6627,1.5995,1.494,1.3615,1.1983,1.0476,0.94184,0.88598,0.86591,0.88985
0,0.10924,0.21179,0.30152,0.3722,0.43128,0.48301,0.52735,0.56367,0.59431,0.6133,0.61646,0.60821,0.59212,0.57291,0.54773,0.51431,0.47614,0.4382,0.3912,0.32517
0,0.077449,0.15982,0.25019,0.34567,0.44302,0.54602,0.63012,0.68636,0.72398,0.74307,0.74148,0.7213,0.69045,0.64804,0.59683,0.53703,0.46529,0.39953,0.35017,0.32759
0,0.12047,0.23387,0.3404,0.45122,0.59351,0.78113,0.97432,1.101,1.1734,1.2025,1.1965,1.154,1.0754,0.96217,0.79543,0.62763,0.52733,0.53778,0.62207,0.70339
0,0.13551,0.26418,0.38836,0.53506,0.74244,1.0092,1.2804,1.4587,1.5523,1.598,1.6004,1.5607,1.4631,1.3071,1.1117,0.92598,0.83846,0.8516,0.90186,0.92267
0,0.13777,0.3077,0.54235,0.83307,1.1343,1.4185,1.6114,1.7093,1.7669,1.7941,1.7959,1.7565,1.6581,1.5191,1.3315,1.122,0.97421,0.91854,0.91116,0.9827
0,0.1017,0.19726,0.27836,0.3493,0.41119,0.47476,0.52519,0.56258,0.59432,0.61378,0.61732,0.60795,0.59111,0.56778,0.5366,0.49834,0.455,0.41508,0.36891,0.29538
0,0.087159,0.17229,0.26278,0.35596,0.45682,0.55754,0.63197,0.68958,0.72828,0.74545,0.74387,0.72681,0.69728,0.66042,0.61811,0.56343,0.49241,0.4191,0.36208,0.33632
0,0.13204,0.25901,0.37582,0.48755,0.59803,0.73589,0.90788,1.0591,1.1544,1.1939,1.1876,1.1359,1.0421,0.9099,0.76855,0.66314,0.63298,0.66137,0.72541,0.77152
0,0.12728,0.25263,0.38039,0.51928,0.67477,0.87376,1.1364,1.3433,1.4541,1.5016,1.5065,1.4541,1.3291,1.1459,0.95845,0.84215,0.81752,0.84775,0.89851,0.93115
0,0.21978,0.51048,0.79518,1.0835,1.3128,1.4951,1.6089,1.6732,1.7115,1.7204,1.7078,1.6712,1.5974,1.4998,1.373,1.217,1.0468,0.92669,0.90901,0.93315
0,0.097844,0.18855,0.27162,0.34124,0.39984,0.45737,0.50802,0.55076,0.58657,0.61046,0.61785,0.60959,0.59039,0.56348,0.52821,0.49219,0.45527,0.42109,0.38103,0.31635
0,0.10297,0.20343,0.29664,0.38701,0.48564,0.57803,0.64809,0.71603,0.76092,0.78178,0.78207,0.75671,0.70795,0.6509,0.59346,0.53019,0.46471,0.40877,0.38504,0.38827
0,0.14757,0.28354,0.40298,0.51493,0.62779,0.75491,0.92251,1.0699,1.1657,1.208,1.204,1.1547,1.0701,0.94436,0.79289,0.68098,0.6546,0.67722,0.73021,0.76523
0,0.13823,0.26381,0.38579,0.50735,0.6476,0.83185,1.0521,1.228,1.3185,1.3622,1.3678,1.3174,1.202,1.0484,0.88191,0.76654,0.73702,0.75985,0.80824,0.84878
0,0.13055,0.26771,0.42462,0.61569,0.79478,0.94224,1.076,1.1654,1.2173,1.2447,1.2455,1.1977,1.1105,1.0085,0.89706,0.82893,0.81848,0.81639,0.83673,0.90191
0,0.095309,0.18554,0.26051,0.32512,0.3773,0.42151,0.45718,0.49323,0.52767,0.5502,0.56025,0.55794,0.54513,0.52283,0.49422,0.4602,0.42218,0.38487,0.3422,0.28879
0,0.094591,0.18834,0.27406,0.35972,0.45437,0.54804,0.63891,0.72003,0.77443,0.79604,0.79209,0.76225,0.71365,0.6592,0.59701,0.52731,0.46276,0.41968,0.43452,0.48261
0,0.13712,0.26126,0.37201,0.47396,0.57928,0.69947,0.87712,1.0376,1.1325,1.1737,1.1751,1.1306,1.0429,0.90628,0.75495,0.64598,0.61984,0.66094,0.74091,0.79359
0,0.14852,0.28825,0.41013,0.52826,0.65073,0.79323,0.94808,1.0762,1.1655,1.2098,1.2128,1.1765,1.1058,1.0228,0.95116,0.91389,0.92016,0.94863,0.98768,1.013
0,0.12509,0.24945,0.36869,0.47949,0.56384,0.63304,0.69792,0.74412,0.78126,0.80203,0.80331,0.7838,0.74642,0.71071,0.71536,0.77768,0.84986,0.8962,0.91752,0.93851
0,0.1053,0.19456,0.26597,0.32621,0.38905,0.44951,0.49853,0.53597,0.56431,0.58061,0.5852,0.57714,0.56063,0.53878,0.51066,0.47481,0.42947,0.37861,0.32823,0.25865
0,0.097677,0.18821,0.26866,0.34941,0.43404,0.51634,0.59166,0.65835,0.70575,0.73053,0.72793,0.69862,0.65351,0.5981,0.54358,0.48884,0.44112,0.40896,0.38572,0.38741
0,0.11532,0.21827,0.30718,0.39526,0.50157,0.69824,0.93792,1.1327,1.2435,1.2879,1.2859,1.2322,1.1359,0.9965,0.84137,0.72104,0.6648,0.66695,0.71161,0.77259
0,0.12458,0.24748,0.37663,0.53784,0.74144,1.0191,1.2817,1.4717,1.5661,1.6076,1.6064,1.5586,1.4679,1.309,1.0964,0.88595,0.79764,0.78879,0.8266,0.88149
0,0.1557,0.32142,0.5046,0.74689,1.0024,1.2434,1.4375,1.5572,1.6229,1.6515,1.6468,1.606,1.5191,1.3949,1.236,1.0929,1.004,0.98624,1.0006,1.0233
0,0.096062,0.17585,0.24139,0.29821,0.35248,0.40793,0.45614,0.49301,0.52265,0.54196,0.54872,0.54454,0.53447,0.51823,0.49363,0.46547,0.42755,0.37963,0.32138,0.25332
0,0.076992,0.15573,0.23706,0.32204,0.4181,0.51279,0.59429,0.65237,0.69399,0.71533,0.71387,0.68824,0.65047,0.6042,0.54983,0.48715,0.42264,0.36472,0.32258,0.31891
0,0.085265,0.172,0.26103,0.35346,0.4823,0.70081,0.95824,1.1412,1.2383,1.2742,1.2679,1.2158,1.1245,0.98779,0.79491,0.59986,0.49131,0.49656,0.59242,0.71298
0,0.11563,0.23267,0.35428,0.52346,0.78457,1.136,1.44,1.624,1.7121,1.7515,1.7541,1.7164,1.6431,1.4984,1.2675,0.98906,0.78446,0.73209,0.76183,0.82379
0,0.15197,0.31131,0.51054,0.77172,1.0703,1.3727,1.5981,1.7065,1.7655,1.7964,1.7938,1.7529,1.6661,1.5214,1.3102,1.1039,0.98912,0.98566,1.0599,1.1402
0,0.091765,0.17502,0.24536,0.314,0.38039,0.45326,0.50595,0.5436,0.57191,0.58721,0.59025,0.5821,0.56467,0.54031,0.51197,0.47501,0.42748,0.37885,0.33426,0.27777
0,0.089032,0.17507,0.2589,0.34591,0.43607,0.52872,0.60002,0.65849,0.70178,0.72339,0.72128,0.69715,0.66051,0.6175,0.56916,0.51585,0.45585,0.39035,0.346,0.33695
0,0.11062,0.21589,0.32357,0.42796,0.52995,0.68795,0.92085,1.1166,1.2274,1.2709,1.2632,1.2025,1.095,0.94324,0.78909,0.68482,0.64431,0.65621,0.713,0.77382
0,0.1233,0.24224,0.36448,0.51183,0.72413,1.0239,1.3302,1.5208,1.6086,1.6488,1.6526,1.6103,1.5024,1.2981,1.0454,0.83794,0.76694,0.76538,0.80672,0.86588
0,0.17265,0.37438,0.61439,0.88394,1.1174,1.3053,1.465,1.5755,1.6401,1.669,1.6597,1.6184,1.5379,1.4366,1.2948,1.1529,1.0863,1.1137,1.1543,1.2531
0,0.081544,0.16095,0.22377,0.283,0.3394,0.40632,0.46408,0.50415,0.53745,0.55885,0.56542,0.55745,0.54039,0.51574,0.48682,0.45231,0.41103,0.36859,0.33407,0.28271
0,0.099958,0.19739,0.29097,0.38172,0.4761,0.55994,0.63298,0.69854,0.74364,0.76544,0.7646,0.73425,0.6806,0.61945,0.56202,0.49881,0.43284,0.38416,0.37187,0.40525
0,0.11552,0.22212,0.32874,0.43445,0.53912,0.67634,0.89046,1.1012,1.2231,1.2739,1.272,1.2199,1.1256,0.98219,0.82297,0.71378,0.69302,0.70932,0.7478,0.79107
0,0.12246,0.23494,0.3477,0.47608,0.65968,0.91653,1.179,1.3553,1.4296,1.4603,1.4612,1.4271,1.3375,1.1679,0.96204,0.79372,0.73456,0.73494,0.78087,0.84159
0,0.1682,0.31526,0.43756,0.57947,0.74024,0.91297,1.0847,1.2108,1.2882,1.3291,1.3286,1.2859,1.1989,1.0816,0.95448,0.8922,0.91386,0.95623,1.0419,1.1137
0,0.09889,0.17577,0.23347,0.28489,0.33348,0.37328,0.40614,0.43648,0.46417,0.47996,0.48594,0.48088,0.46702,0.44644,0.42197,0.39581,0.36964,0.33519,0.30003,0.26464
0,0.10373,0.20348,0.29233,0.38825,0.4883,0.57938,0.65637,0.71871,0.76548,0.78896,0.79069,0.7649,0.71875,0.65905,0.59575,0.52692,0.46702,0.44011,0.44373,0.47149
0,0.12519,0.23957,0.34794,0.4427,0.53724,0.67673,0.89031,1.089,1.2016,1.2478,1.2484,1.2005,1.1094,0.96098,0.80201,0.69483,0.6741,0.69715,0.74865,0.80485
0,0.15646,0.29666,0.42511,0.55722,0.73993,0.96325,1.1533,1.2933,1.3668,1.3912,1.3866,1.349,1.2683,1.1388,0.99218,0.88689,0.85232,0.85636,0.88646,0.93041
0,0.1458,0.26959,0.37673,0.47277,0.58254,0.71158,0.83575,0.92698,0.98547,1.0245,1.0339,1.0102,0.96303,0.9138,0.89446,0.92068,0.97852,1.0388,1.1191,1.1975
0,0.10582,0.21195,0.3033,0.37084,0.42579,0.48306,0.53564,0.57781,0.60917,0.62713,0.6317,0.62462,0.60987,0.58878,0.55971,0.52466,0.47926,0.43798,0.39102,0.31399
0,0.095635,0.1782,0.25105,0.32176,0.40491,0.50426,0.59094,0.66067,0.71071,0.73627,0.73713,0.71064,0.66394,0.60334,0.54002,0.47284,0.41266,0.35912,0.33527,0.35145
0,0.12591,0.24366,0.34927,0.46164,0.62078,0.80649,0.9703,1.1,1.1859,1.2218,1.2198,1.1801,1.1029,0.98992,0.85817,0.71954,0.60569,0.57935,0.62361,0.70958
0,0.1478,0.28083,0.40214,0.54486,0.72602,0.96246,1.2042,1.3799,1.4736,1.515,1.512,1.4669,1.3839,1.244,1.0424,0.84626,0.75864,0.7746,0.83954,0.8923
0,0.14786,0.30225,0.47398,0.69777,0.95121,1.2069,1.4146,1.5505,1.6148,1.649,1.6549,1.6259,1.5498,1.4309,1.2626,1.075,0.9396,0.90112,0.9163,0.94549
0,0.11733,0.22241,0.31767,0.39101,0.45104,0.50065,0.54539,0.58551,0.61626,0.63641,0.64306,0.63779,0.62216,0.60059,0.5735,0.54126,0.50346,0.47103,0.43559,0.37873
0,0.079717,0.15692,0.23228,0.31326,0.40719,0.50858,0.59483,0.66014,0.70759,0.73042,0.72682,0.69708,0.65449,0.60104,0.53845,0.47101,0.40273,0.34255,0.30695,0.32565
0,0.11311,0.22084,0.33241,0.45756,0.62186,0.81248,0.97805,1.1037,1.1749,1.2017,1.1934,1.151,1.0756,0.96317,0.81231,0.63102,0.5009,0.47981,0.54833,0.65405
0,0.13766,0.2658,0.38637,0.54905,0.78391,1.081,1.3645,1.5296,1.6133,1.6513,1.6482,1.6103,1.5353,1.4084,1.1972,0.93171,0.75168,0.74138,0.80316,0.86543
0,0.16371,0.31229,0.49621,0.74704,1.0268,1.3204,1.5657,1.6911,1.7444,1.7794,1.7905,1.7735,1.6941,1.551,1.3465,1.1152,0.97155,0.94546,0.99789,1.0744
0,0.11199,0.21354,0.30408,0.38486,0.45112,0.51611,0.5716,0.61414,0.64719,0.66504,0.66886,0.66077,0.64313,0.61707,0.58332,0.54183,0.49936,0.46577,0.42208,0.3487
0,0.07684,0.15208,0.22654,0.30764,0.39006,0.48519,0.58307,0.65541,0.70509,0.72758,0.7206,0.68922,0.64275,0.59499,0.54308,0.48042,0.41434,0.35163,0.31054,0.309
0,0.12918,0.25861,0.38024,0.49867,0.63988,0.83017,0.99788,1.127,1.2113,1.2489,1.2433,1.1913,1.1029,0.98099,0.83391,0.68079,0.58694,0.57718,0.62765,0.71166
0,0.13895,0.26226,0.37468,0.50697,0.69552,0.95224,1.2378,1.4252,1.5125,1.5489,1.5496,1.5051,1.4078,1.2329,0.99208,0.78548,0.71884,0.76565,0.84282,0.90753
0,0.17699,0.37684,0.61317,0.85993,1.087,1.29,1.4444,1.5393,1.5927,1.6175,1.6207,1.6007,1.5361,1.4353,1.2808,1.1052,0.96969,0.95833,0.98859,1.0485
0,0.1043,0.20302,0.29039,0.36609,0.42767,0.49035,0.54539,0.59151,0.63163,0.65795,0.66662,0.65847,0.63815,0.60827,0.57206,0.53178,0.4939,0.46564,0.4331,0.37422
0,0.096571,0.18766,0.27276,0.3525,0.43238,0.52538,0.61557,0.68969,0.74298,0.76901,0.76719,0.73218,0.67079,0.595,0.51936,0.44779,0.39611,0.36532,0.36928,0.39606
0,0.13778,0.26919,0.38593,0.50675,0.64512,0.82405,1.0065,1.1493,1.2307,1.2684,1.264,1.2163,1.1313,1.0071,0.85184,0.69695,0.62567,0.62613,0.67432,0.73464
0,0.1511,0.28946,0.39941,0.51917,0.68445,0.90778,1.1533,1.3302,1.406,1.4405,1.4413,1.4006,1.3041,1.1486,0.93759,0.77043,0.72071,0.75549,0.81874,0.88037
0,0.16341,0.31638,0.4491,0.57964,0.73286,0.904,1.077,1.1994,1.2755,1.3217,1.3339,1.2993,1.212,1.0878,0.95453,0.87925,0.88975,0.92769,0.98566,1.0258
0,0.10681,0.20876,0.28762,0.35444,0.40979,0.45529,0.49479,0.5357,0.57072,0.59281,0.60285,0.60012,0.58649,0.56449,0.53543,0.5039,0.46665,0.42949,0.38533,0.32866
0,0.089666,0.17033,0.2548,0.33866,0.42484,0.51813,0.6213,0.70529,0.76423,0.79159,0.7899,0.75828,0.70414,0.63453,0.54955,0.46557,0.42564,0.41316,0.44291,0.48749
0,0.12899,0.24865,0.35455,0.47165,0.59908,0.7727,0.95771,1.1006,1.183,1.2246,1.2241,1.1778,1.0907,0.95984,0.80001,0.65592,0.5884,0.61737,0.69218,0.76849
0,0.16562,0.31406,0.44347,0.57141,0.71835,0.90412,1.0794,1.2147,1.2963,1.3292,1.3258,1.2892,1.2178,1.1108,0.97203,0.86341,0.84588,0.89082,0.9438,0.99092
0,0.17653,0.31586,0.42526,0.51495,0.61289,0.73825,0.86534,0.96137,1.0275,1.0709,1.0908,1.0781,1.0316,0.9831,0.95676,0.96175,1.0076,1.0596,1.1201,1.1672
0,0.14092,0.27774,0.40713,0.53559,0.63253,0.69708,0.73577,0.78,0.8178,0.84069,0.84334,0.83151,0.80929,0.7877,0.76999,0.76026,0.75549,0.74177,0.69827,0.60568
0,0.16334,0.32228,0.46676,0.58626,0.691,0.77542,0.85597,0.94865,1.0054,1.0332,1.0346,1.0121,0.96416,0.90278,0.85574,0.83829,0.84105,0.8349,0.80916,0.72951
0,0.13538,0.27583,0.40628,0.52125,0.63089,0.76219,0.92638,1.0724,1.1543,1.1948,1.1994,1.1717,1.105,1.0217,0.95838,0.95161,0.98907,1.0441,1.0646,1.0296
0,0.16528,0.33302,0.48182,0.56992,0.65188,0.77118,0.89216,0.97151,1.0133,1.0136,0.99901,0.97417,0.93247,0.87212,0.81611,0.79696,0.84416,0.93598,1.013,1.0043
0,0.11556,0.23783,0.36531,0.49309,0.60744,0.70784,0.78219,0.83081,0.86545,0.88104,0.87899,0.86909,0.84839,0.81118,0.76277,0.71208,0.68903,0.71773,0.74773,0.73829
0,0.15564,0.29653,0.42385,0.53135,0.60575,0.65831,0.71467,0.76677,0.8025,0.81985,0.81945,0.80626,0.78209,0.75419,0.73363,0.72025,0.71209,0.68757,0.62687,0.52352
0,0.12489,0.24576,0.36398,0.47459,0.58089,0.67821,0.76571,0.8633,0.92979,0.96834,0.97519,0.95233,0.8912,0.81271,0.74663,0.69811,0.6674,0.64351,0.61162,0.5373
0,0.13314,0.25687,0.37827,0.48675,0.58899,0.72085,0.85224,0.96249,1.0295,1.0627,1.064,1.0428,0.99057,0.91196,0.83133,0.80816,0.84055,0.90629,0.93622,0.9049
0,0.17868,0.35878,0.50776,0.61364,0.72561,0.87823,0.99964,1.0642,1.0802,1.0712,1.0577,1.0387,0.99789,0.91836,0.82662,0.76403,0.7924,0.89178,0.97203,0.9742
0,0.13172,0.266,0.3913,0.50694,0.61891,0.71206,0.78082,0.82294,0.84163,0.84506,0.83612,0.82156,0.79916,0.76307,0.70872,0.65771,0.64309,0.71083,0.82562,0.88495
0,0.14666,0.2838,0.41387,0.52213,0.6054,0.66513,0.71426,0.76124,0.7973,0.81552,0.81565,0.80333,0.78192,0.76005,0.7457,0.73752,0.733,0.72235,0.68559,0.6022
0,0.11487,0.23258,0.34748,0.4573,0.55239,0.63355,0.71263,0.79862,0.86689,0.90578,0.9057,0.87576,0.81992,0.75073,0.68831,0.63974,0.60908,0.58926,0.5604,0.51902
0,0.11448,0.24329,0.36473,0.47698,0.59302,0.73812,0.88475,0.99209,1.0542,1.0886,1.0904,1.0635,1.0036,0.92477,0.85332,0.84777,0.88507,0.95086,0.97694,0.93712
0,0.16122,0.31448,0.43622,0.54128,0.67555,0.82583,0.93627,0.98409,0.99777,0.99722,0.98443,0.96877,0.93557,0.86387,0.76536,0.69852,0.74527,0.88414,0.94348,0.91466
0,0.14873,0.31535,0.47374,0.59752,0.68189,0.74803,0.78807,0.81393,0.82698,0.829,0.8234,0.8169,0.80408,0.7834,0.75203,0.72509,0.70856,0.7304,0.80656,0.91591
0,0.13383,0.26015,0.37224,0.47296,0.55558,0.61828,0.66742,0.71809,0.75722,0.77565,0.77529,0.76381,0.74417,0.72291,0.7078,0.69616,0.68007,0.65797,0.60835,0.52632
0,0.14023,0.2846,0.42379,0.53915,0.64064,0.72524,0.80088,0.88551,0.95563,0.99413,1.0009,0.97897,0.92801,0.86865,0.82449,0.80416,0.80684,0.81566,0.77953,0.67781
0,0.12313,0.25631,0.38995,0.50218,0.61615,0.75368,0.88162,0.9696,1.0262,1.052,1.0486,1.0222,0.97276,0.90056,0.8241,0.80167,0.83623,0.89806,0.93282,0.90744
0,0.16906,0.3256,0.43703,0.55022,0.68171,0.80391,0.86936,0.88662,0.88557,0.87941,0.86703,0.85076,0.82619,0.78008,0.72027,0.66578,0.68278,0.77343,0.82246,0.80408
0,0.11844,0.23618,0.34881,0.44339,0.52836,0.60486,0.65615,0.69504,0.711,0.70639,0.69362,0.67977,0.66903,0.66277,0.6529,0.63972,0.63802,0.64967,0.71875,0.7926
0,0.14526,0.28748,0.40756,0.5137,0.60162,0.66733,0.71109,0.75091,0.78682,0.80467,0.80783,0.8026,0.79003,0.77769,0.76905,0.76518,0.76171,0.74882,0.70611,0.62517
0,0.13052,0.26352,0.39443,0.51002,0.60393,0.68773,0.76493,0.85857,0.93876,0.97795,0.98349,0.95756,0.90166,0.83809,0.78194,0.74659,0.74714,0.78834,0.80037,0.7421
0,0.10443,0.22291,0.35217,0.47762,0.59381,0.71542,0.83314,0.91733,0.96616,0.9898,0.9921,0.97044,0.92247,0.84733,0.7775,0.75353,0.79709,0.87265,0.91922,0.89786
0,0.15029,0.30872,0.46699,0.61914,0.76279,0.88303,0.93413,0.94696,0.9546,0.95541,0.95006,0.94786,0.9436,0.9329,0.91785,0.90259,0.90862,0.98193,1.0667,1.0816
0,0.10367,0.20608,0.30431,0.39346,0.46443,0.51155,0.54963,0.58392,0.60947,0.62619,0.64322,0.66196,0.68526,0.71504,0.74599,0.77207,0.79026,0.81359,0.85479,0.92456
0,0.1366,0.26979,0.38819,0.49483,0.57421,0.62641,0.67308,0.72744,0.77552,0.80055,0.80346,0.79164,0.77016,0.7443,0.72096,0.70196,0.68896,0.67231,0.61946,0.51932
0,0.15498,0.31171,0.45725,0.58001,0.67839,0.76908,0.86468,0.9529,1.0036,1.0313,1.0354,1.0177,0.97463,0.92432,0.87358,0.85011,0.843,0.84147,0.82774,0.76426
0,0.1525,0.31028,0.46003,0.59329,0.71508,0.84773,1.0132,1.1692,1.2652,1.3085,1.313,1.2833,1.2042,1.0849,0.97534,0.93902,0.95938,0.9928,1.007,0.98276
0,0.14364,0.28796,0.43018,0.56696,0.71987,0.89153,1.0601,1.1872,1.2551,1.272,1.2546,1.2196,1.1635,1.0833,0.99983,0.9565,0.98233,1.0497,1.1055,1.1104
0,0.14705,0.31145,0.4852,0.64347,0.80295,0.94441,1.0401,1.0881,1.1127,1.1123,1.0985,1.0776,1.0436,0.99631,0.92538,0.84274,0.78444,0.8218,0.87802,0.8723
0,0.12876,0.25908,0.37804,0.48817,0.57388,0.64119,0.70174,0.75622,0.79326,0.81028,0.80913,0.79553,0.77517,0.75137,0.73256,0.72026,0.71451,0.69893,0.64473,0.54116
0,0.11893,0.2356,0.34811,0.45214,0.55054,0.63776,0.72859,0.81692,0.86975,0.9022,0.90775,0.88871,0.84526,0.78261,0.72111,0.67212,0.64065,0.63982,0.62238,0.56437
0,0.14961,0.29503,0.43563,0.55799,0.67034,0.81445,0.95912,1.0769,1.1565,1.1962,1.1983,1.1713,1.1105,1.0063,0.88028,0.81504,0.81899,0.86049,0.89489,0.8963
0,0.14955,0.29734,0.43917,0.58794,0.76288,0.95893,1.134,1.2557,1.3309,1.3501,1.3357,1.2996,1.2319,1.1292,0.99335,0.88217,0.86036,0.92619,1.0026,1.031
0,0.15379,0.31717,0.48457,0.64943,0.80274,0.92403,1.0037,1.0401,1.0499,1.0468,1.0391,1.029,1.0085,0.96498,0.88661,0.77727,0.72787,0.84436,0.97927,1.058
0,0.13159,0.2484,0.35284,0.44672,0.52319,0.58653,0.6397,0.69303,0.73915,0.76264,0.76466,0.75081,0.72813,0.70311,0.68123,0.66436,0.65329,0.64252,0.59446,0.49808
0,0.11392,0.23286,0.34328,0.44284,0.53505,0.61684,0.69937,0.78731,0.85668,0.89701,0.90725,0.88631,0.83831,0.77149,0.71193,0.65938,0.63232,0.61561,0.60628,0.56833
0,0.13511,0.28138,0.42624,0.56203,0.68792,0.82847,0.97566,1.0912,1.162,1.1928,1.1952,1.1713,1.1047,0.99797,0.90083,0.87545,0.90267,0.94778,0.9709,0.93039
0,0.14034,0.28014,0.42492,0.56777,0.72356,0.88276,1.0272,1.1384,1.1929,1.2039,1.1874,1.1524,1.0866,0.99222,0.87597,0.79632,0.81691,0.92204,1.0122,1.0339
0,0.16897,0.35573,0.54746,0.7188,0.84791,0.91353,0.93848,0.96614,0.98655,0.98857,0.97648,0.96582,0.95562,0.945,0.91776,0.86891,0.83253,0.87928,1.0048,1.1418
0,0.11739,0.22929,0.32889,0.42495,0.49986,0.55809,0.61043,0.66094,0.70469,0.72702,0.72872,0.71568,0.69315,0.66781,0.65008,0.63542,0.61972,0.60389,0.55793,0.46539
0,0.11817,0.24316,0.36328,0.47741,0.58075,0.67027,0.75316,0.84028,0.9037,0.93653,0.94401,0.92849,0.8852,0.83437,0.78799,0.7601,0.7507,0.76566,0.76941,0.71054
0,0.13874,0.29229,0.44672,0.58296,0.7038,0.84367,0.983,1.0925,1.1562,1.1801,1.1775,1.1512,1.0875,0.98912,0.88578,0.8341,0.84939,0.89243,0.93566,0.93162
0,0.15432,0.29838,0.43407,0.57202,0.70938,0.8457,0.9367,0.99741,1.0268,1.0298,1.0191,0.99842,0.95153,0.87544,0.7818,0.71034,0.71357,0.79581,0.88295,0.9059
0,0.14927,0.29121,0.41492,0.51876,0.59601,0.66496,0.72196,0.76614,0.79131,0.80624,0.81105,0.803,0.78987,0.76916,0.7419,0.71472,0.70058,0.74868,0.88026,0.94822
0,0.13272,0.25896,0.37245,0.47126,0.54596,0.60959,0.65464,0.69521,0.73057,0.75261,0.75836,0.7518,0.73825,0.72522,0.70838,0.70179,0.69543,0.68441,0.63718,0.54087
0,0.11491,0.23287,0.35063,0.46285,0.5678,0.66024,0.75192,0.85455,0.91594,0.94607,0.95031,0.92946,0.88501,0.8264,0.77526,0.73392,0.71445,0.7399,0.77682,0.75827
0,0.12788,0.26934,0.41326,0.54882,0.67701,0.81668,0.94812,1.0537,1.1123,1.1365,1.1349,1.1092,1.0471,0.95084,0.84556,0.78797,0.80125,0.85804,0.92263,0.92314
0,0.17697,0.34828,0.49707,0.6236,0.73512,0.83148,0.90107,0.93849,0.96449,0.96992,0.96176,0.94456,0.92083,0.89196,0.86274,0.84594,0.87146,0.96686,1.0694,1.1355
0,0.12358,0.24417,0.35552,0.44694,0.512,0.55549,0.58073,0.60439,0.63384,0.66626,0.69072,0.70465,0.71601,0.74139,0.77752,0.79407,0.80046,0.83157,0.9253,1.0454
0,0.12993,0.25469,0.36965,0.4812,0.57521,0.63379,0.68247,0.73366,0.77867,0.80204,0.80334,0.79126,0.76916,0.74571,0.72493,0.70897,0.69867,0.68234,0.63362,0.54152
0,0.14412,0.28586,0.42189,0.54498,0.64384,0.72503,0.80911,0.89486,0.95773,0.99349,1.0042,0.98923,0.94989,0.89221,0.83975,0.80569,0.79282,0.78097,0.75504,0.70063
0,0.15376,0.31463,0.47597,0.61413,0.73476,0.8753,1.0483,1.2053,1.3035,1.356,1.3643,1.3329,1.2497,1.1229,0.99089,0.9158,0.91684,0.94257,0.95685,0.93422
0,0.1369,0.29003,0.44992,0.60865,0.79126,0.99115,1.1711,1.2989,1.3601,1.382,1.368,1.3297,1.2584,1.1645,1.0625,0.97984,0.97127,1.0245,1.0721,1.0845
0,0.18358,0.37855,0.59187,0.80391,1.041,1.2455,1.3366,1.3567,1.3377,1.3164,1.3023,1.2922,1.2817,1.2587,1.1954,1.0551,0.9033,0.88483,0.98641,1.05
0,0.12357,0.24834,0.36334,0.46541,0.54923,0.6223,0.691,0.7453,0.78385,0.80625,0.80685,0.79383,0.77075,0.74427,0.71999,0.70051,0.69087,0.66851,0.61425,0.51543
0,0.1169,0.23143,0.33496,0.43855,0.54033,0.6354,0.73248,0.82351,0.88954,0.93343,0.94811,0.93059,0.87902,0.81069,0.74577,0.6933,0.65789,0.62714,0.59033,0.53313
0,0.14755,0.29725,0.43186,0.54964,0.68099,0.85115,1.0091,1.1427,1.2265,1.2725,1.2752,1.2433,1.1776,1.0659,0.91371,0.79198,0.75766,0.77746,0.80381,0.81007
0,0.15125,0.3109,0.47518,0.64343,0.8489,1.0759,1.269,1.392,1.4666,1.4922,1.4802,1.447,1.3671,1.2609,1.1142,0.96,0.89578,0.93213,0.99795,1.0537
0,0.18546,0.37036,0.57458,0.82532,1.0742,1.2713,1.3641,1.3615,1.3386,1.3133,1.3039,1.3092,1.3124,1.2946,1.2157,1.0423,0.86888,0.86212,0.99006,1.1265
0,0.12097,0.23842,0.34896,0.44802,0.52704,0.59373,0.6553,0.70768,0.7509,0.77471,0.77652,0.76422,0.74099,0.71627,0.6948,0.67774,0.66638,0.64897,0.60548,0.5128
0,0.11469,0.22818,0.33643,0.44719,0.54382,0.63638,0.72569,0.81343,0.89196,0.93907,0.95523,0.94066,0.89155,0.8293,0.7699,0.71201,0.67104,0.6274,0.59828,0.55996
0,0.14051,0.29079,0.44319,0.57943,0.71487,0.87252,1.0244,1.1447,1.218,1.2552,1.2566,1.2256,1.1482,1.0396,0.92448,0.86564,0.87364,0.90911,0.92401,0.88245
0,0.14003,0.28755,0.45653,0.63809,0.83527,1.0316,1.1801,1.2803,1.331,1.3467,1.3392,1.3051,1.2364,1.1389,1.0023,0.86307,0.81915,0.89148,0.9725,1.0006
0,0.19993,0.45222,0.78113,1.092,1.3044,1.4189,1.4489,1.4399,1.4214,1.4049,1.3943,1.3823,1.3675,1.3535,1.3014,1.1818,0.99191,0.85151,0.92179,1.0564
0,0.11479,0.2236,0.32454,0.41595,0.48915,0.55396,0.6134,0.66631,0.70783,0.73053,0.73267,0.7207,0.70093,0.67877,0.65632,0.63923,0.62099,0.6005,0.55188,0.45464
0,0.11551,0.23625,0.36287,0.48472,0.59571,0.69549,0.77796,0.86518,0.93976,0.98416,0.99777,0.98346,0.94247,0.89094,0.83971,0.79399,0.76957,0.76243,0.74691,0.68076
0,0.14878,0.30361,0.45719,0.60287,0.73655,0.88275,1.0307,1.1537,1.2235,1.2566,1.2548,1.2231,1.1559,1.0516,0.92635,0.84671,0.83955,0.87785,0.91813,0.90274
0,0.14655,0.30347,0.45989,0.63872,0.82016,0.9666,1.069,1.1245,1.1518,1.1573,1.1496,1.1304,1.0825,1.01,0.89827,0.77032,0.71664,0.77397,0.85475,0.8783
0,0.20159,0.39648,0.59136,0.77345,0.92457,1.0081,1.0297,1.0241,1.0212,1.0224,1.0259,1.0276,1.0191,0.99812,0.95458,0.87943,0.80277,0.85172,0.98419,1.0246
0,0.12735,0.25385,0.36663,0.46009,0.5351,0.59889,0.64898,0.69568,0.73735,0.75854,0.76305,0.75794,0.7461,0.73058,0.71428,0.70396,0.69555,0.67844,0.63718,0.5615
0,0.12108,0.24218,0.36509,0.48912,0.60772,0.70676,0.79267,0.88946,0.96161,0.99866,1.0117,0.99841,0.95749,0.89756,0.8371,0.78426,0.74963,0.75026,0.76316,0.73002
0,0.13469,0.28277,0.42777,0.56872,0.70909,0.85571,1.0026,1.1259,1.1959,1.227,1.2268,1.1976,1.1296,1.0304,0.89971,0.80772,0.79667,0.84407,0.9009,0.89601
0,0.17161,0.3499,0.51524,0.6589,0.7922,0.90211,0.98688,1.0327,1.0557,1.0634,1.0616,1.0492,1.0208,0.98383,0.92602,0.86116,0.85804,0.91958,1.005,1.0373
0,0.17156,0.34005,0.49987,0.63917,0.73549,0.77427,0.76509,0.74282,0.73516,0.73464,0.73472,0.73551,0.73206,0.72505,0.71284,0.6883,0.67137,0.71326,0.85209,0.95804
0,0.14807,0.28934,0.42399,0.54095,0.62625,0.68359,0.73119,0.7824,0.82218,0.84446,0.848,0.83443,0.8133,0.78946,0.76529,0.74304,0.72653,0.70698,0.66305,0.56991
0,0.14025,0.27484,0.40983,0.53315,0.63127,0.71614,0.80435,0.8911,0.94973,0.98481,0.99869,0.9891,0.95557,0.91162,0.86884,0.83386,0.81284,0.80244,0.78034,0.71684
0,0.17834,0.34698,0.49778,0.62308,0.72969,0.83968,0.98684,1.1666,1.302,1.3795,1.3988,1.3631,1.2655,1.109,0.9729,0.90066,0.88656,0.88619,0.88723,0.90167
0,0.15481,0.31369,0.47291,0.63271,0.83392,1.0718,1.2558,1.4084,1.4966,1.5378,1.542,1.5152,1.4535,1.3524,1.2178,1.0579,0.96137,0.97012,1.012,1.0303
0,0.20099,0.40951,0.61838,0.81488,1.0186,1.2287,1.3711,1.4494,1.4779,1.4743,1.4511,1.4201,1.374,1.3157,1.2437,1.1447,1.0545,1.0728,1.1466,1.1326
0,0.15197,0.30284,0.43321,0.53693,0.61015,0.66455,0.71579,0.75905,0.79091,0.80841,0.81064,0.80009,0.78113,0.75965,0.74061,0.72367,0.70992,0.69071,0.64103,0.54396
0,0.10906,0.21279,0.31039,0.3997,0.49063,0.586,0.69107,0.78813,0.86115,0.90401,0.91912,0.9061,0.86167,0.79639,0.72882,0.66812,0.6185,0.58221,0.54384,0.49764
0,0.1766,0.32777,0.4585,0.57061,0.66834,0.7891,0.95147,1.1341,1.2435,1.2939,1.3084,1.2871,1.2201,1.0849,0.90352,0.80417,0.7834,0.79643,0.82197,0.8563
0,0.15637,0.3284,0.50133,0.70631,0.96325,1.2268,1.4242,1.5643,1.6535,1.6961,1.7091,1.6898,1.635,1.527,1.3749,1.1582,0.99331,0.94395,0.98296,1.039
0,0.19155,0.39082,0.60128,0.80448,1.015,1.2212,1.3598,1.4187,1.4283,1.4198,1.4087,1.4007,1.3731,1.3085,1.205,1.0796,0.98185,1.0844,1.263,1.3557
0,0.13769,0.2739,0.3998,0.50759,0.58609,0.64158,0.69713,0.74323,0.77953,0.80264,0.80485,0.79242,0.77417,0.75378,0.73109,0.70878,0.69166,0.66958,0.63438,0.55492
0,0.097469,0.20439,0.31315,0.42004,0.52067,0.62268,0.72603,0.82017,0.89027,0.93407,0.94843,0.93318,0.8894,0.82961,0.76668,0.70479,0.65477,0.61709,0.58623,0.5455
0,0.16347,0.33056,0.47685,0.61809,0.7354,0.85172,1.0037,1.1657,1.2796,1.3349,1.3495,1.3256,1.2455,1.1129,0.97405,0.91086,0.9098,0.92599,0.92343,0.91496
0,0.14276,0.29451,0.45822,0.65321,0.89952,1.1269,1.2973,1.4159,1.4798,1.5142,1.5209,1.5001,1.4459,1.3594,1.2181,1.0148,0.9021,0.9047,0.97859,1.0341
0,0.20663,0.41183,0.60861,0.81053,1.0388,1.2006,1.2545,1.257,1.2631,1.2702,1.2623,1.2515,1.2433,1.2562,1.2358,1.1514,1.072,1.1439,1.3453,1.5087
0,0.12408,0.24752,0.36342,0.45726,0.5358,0.59832,0.64983,0.69815,0.73273,0.75204,0.75555,0.74485,0.72709,0.70605,0.68458,0.6669,0.64844,0.62253,0.57917,0.50187
0,0.11245,0.22918,0.34544,0.45779,0.56133,0.65463,0.74749,0.84289,0.91499,0.95909,0.96961,0.95238,0.90972,0.85379,0.7972,0.75054,0.72901,0.71646,0.69983,0.62546
0,0.16477,0.3434,0.50234,0.64162,0.74544,0.86084,1.0107,1.1573,1.2537,1.3023,1.3154,1.2922,1.2208,1.1057,0.95924,0.89143,0.87681,0.89383,0.9349,0.95531
0,0.15168,0.3026,0.46426,0.65381,0.86966,1.0425,1.1807,1.2723,1.3172,1.3362,1.3327,1.3158,1.2778,1.2083,1.0996,0.93948,0.81417,0.81352,0.89765,0.94267
0,0.19757,0.36959,0.52111,0.66575,0.79271,0.88871,0.94749,0.97367,0.98131,0.98544,0.99548,1.0031,1.0045,0.99375,0.95536,0.89582,0.88795,1.0317,1.2312,1.2899
0,0.1473,0.29101,0.41325,0.5093,0.57528,0.62666,0.67305,0.70595,0.73592,0.75628,0.76408,0.75962,0.74857,0.73348,0.71736,0.70542,0.69238,0.67356,0.642,0.56861
0,0.11827,0.23671,0.35312,0.4642,0.57226,0.67348,0.76487,0.86074,0.93385,0.97746,0.99137,0.97406,0.92628,0.86297,0.80198,0.75381,0.72855,0.72603,0.72996,0.6901
0,0.15362,0.31632,0.47517,0.6166,0.73705,0.85849,1.0196,1.1886,1.2732,1.314,1.3195,1.2993,1.2453,1.141,0.99592,0.91292,0.9034,0.92941,0.98658,1.0272
0,0.17415,0.35333,0.54565,0.73508,0.92095,1.0695,1.1746,1.248,1.292,1.3173,1.3287,1.3265,1.3108,1.2818,1.2173,1.0993,0.99569,1.0068,1.1007,1.1677
0,0.14457,0.28888,0.43471,0.57272,0.68164,0.74526,0.7678,0.77079,0.78335,0.80276,0.83168,0.85844,0.87472,0.89072,0.90314,0.91516,0.96073,1.0996,1.272,1.3637
0,0.13572,0.26653,0.38948,0.50384,0.60815,0.67947,0.72833,0.78331,0.82557,0.8475,0.84971,0.83781,0.81572,0.79251,0.77532,0.76723,0.76338,0.74892,0.69434,0.59033
0,0.1384,0.27399,0.3947,0.49807,0.58417,0.6518,0.71869,0.78886,0.84144,0.87372,0.88713,0.87651,0.83963,0.79502,0.75541,0.73308,0.71723,0.70033,0.66036,0.61333
0,0.14794,0.30856,0.4617,0.59462,0.72635,0.86801,1.0513,1.2192,1.3236,1.3777,1.3878,1.356,1.2723,1.1508,1.0091,0.89061,0.84236,0.82832,0.83657,0.8603
0,0.16136,0.33008,0.49661,0.64865,0.82626,1.041,1.2279,1.3803,1.4723,1.5033,1.4884,1.4465,1.3753,1.2734,1.139,1.0002,0.94239,0.97392,1.0031,1.0057
0,0.17134,0.36349,0.58337,0.79412,1.0006,1.2009,1.3429,1.4225,1.4527,1.4546,1.4334,1.4004,1.3558,1.304,1.2347,1.1258,1.009,1.0073,1.0709,1.0763
0,0.13696,0.2747,0.39877,0.50774,0.59608,0.66419,0.73443,0.78815,0.82179,0.8402,0.83967,0.82745,0.80648,0.78295,0.76669,0.76496,0.762,0.73951,0.67493,0.56257
0,0.11465,0.21946,0.31335,0.39413,0.47743,0.56512,0.65273,0.73056,0.7933,0.8354,0.85096,0.833,0.78366,0.72345,0.65739,0.59969,0.56684,0.54261,0.51415,0.48576
0,0.14409,0.28598,0.41622,0.54476,0.6922,0.8756,1.0547,1.1944,1.2875,1.3367,1.3432,1.3158,1.242,1.1279,0.96224,0.81306,0.73247,0.70816,0.73183,0.76937
0,0.16632,0.34523,0.51484,0.69315,0.92199,1.15,1.3543,1.5192,1.6212,1.6685,1.661,1.6213,1.5508,1.4359,1.2634,1.0432,0.90532,0.91337,0.98202,1.033
0,0.18335,0.3812,0.59378,0.80819,1.0074,1.1873,1.3177,1.3947,1.4205,1.4184,1.4061,1.3952,1.3681,1.3183,1.2337,1.1057,0.98215,1.0461,1.1748,1.2575
0,0.12975,0.26146,0.38354,0.48754,0.57862,0.6429,0.70144,0.75261,0.79304,0.81526,0.8158,0.80379,0.78264,0.76036,0.74392,0.73859,0.73552,0.72535,0.67941,0.56974
0,0.1061,0.20649,0.30832,0.39777,0.48226,0.56796,0.6547,0.73476,0.81143,0.85918,0.86903,0.84549,0.79203,0.73211,0.67374,0.61596,0.57233,0.53447,0.51054,0.50939
0,0.15784,0.32054,0.47602,0.61697,0.76004,0.91753,1.0828,1.2254,1.3126,1.3535,1.3586,1.3293,1.2523,1.1377,0.99548,0.88626,0.84384,0.83499,0.83534,0.83078
0,0.15456,0.3056,0.4593,0.6329,0.84197,1.0583,1.2407,1.3829,1.4575,1.4842,1.4788,1.4496,1.3891,1.2855,1.1355,0.94113,0.83536,0.88262,0.96175,0.9942
0,0.19994,0.41134,0.62454,0.83704,1.0191,1.1525,1.2042,1.2264,1.2509,1.2653,1.2675,1.2664,1.2685,1.2721,1.2346,1.1362,1.0114,1.0428,1.2197,1.3489
0,0.12166,0.23827,0.34714,0.44457,0.52047,0.5872,0.64948,0.70333,0.74243,0.76336,0.76383,0.75167,0.73202,0.71133,0.69485,0.68372,0.67306,0.65047,0.59477,0.495
0,0.12165,0.24481,0.36629,0.4745,0.56691,0.64643,0.72112,0.80511,0.87394,0.91859,0.93357,0.91859,0.86795,0.80916,0.75543,0.71696,0.6969,0.68422,0.65987,0.61584
0,0.16233,0.32603,0.48325,0.62615,0.76616,0.92199,1.0885,1.2386,1.3133,1.3503,1.3551,1.3258,1.2557,1.1425,1.0012,0.89168,0.84936,0.85129,0.88184,0.89844
0,0.16856,0.3326,0.49802,0.67155,0.85589,1.0143,1.1549,1.2526,1.3063,1.3287,1.3261,1.3067,1.2627,1.1921,1.0812,0.93849,0.82188,0.84562,0.92084,0.92081
0,0.18685,0.36959,0.52418,0.66118,0.77148,0.85963,0.92841,0.97646,0.99443,1.005,1.0162,1.0239,1.0244,1.0068,0.96153,0.89127,0.84057,0.92408,1.0896,1.1417
0,0.12625,0.26055,0.38095,0.48387,0.57215,0.6428,0.69591,0.74094,0.77956,0.79745,0.80123,0.79679,0.78662,0.77546,0.76679,0.7648,0.76328,0.75312,0.70706,0.61613
0,0.12466,0.24933,0.36901,0.47104,0.55691,0.6292,0.69815,0.78609,0.86545,0.91242,0.92778,0.90959,0.85187,0.78531,0.72607,0.68643,0.66724,0.66405,0.66905,0.66666
0,0.14473,0.30567,0.46068,0.60445,0.74264,0.89364,1.06,1.1959,1.2711,1.3031,1.3065,1.2851,1.2232,1.1192,0.98377,0.86411,0.82057,0.83513,0.8871,0.90587
0,0.17777,0.36608,0.55303,0.72447,0.87596,1.0162,1.1351,1.213,1.2675,1.2978,1.3,1.2839,1.2573,1.2224,1.1598,1.064,1.0025,1.0443,1.113,1.0996
0,0.16185,0.31043,0.44478,0.57751,0.68481,0.76025,0.8058,0.81493,0.82741,0.84689,0.875,0.90019,0.91723,0.93268,0.94982,0.94366,0.95993,1.0511,1.2006,1.2655
0,0.16023,0.33127,0.50521,0.67005,0.81762,0.95659,1.056,1.1127,1.1456,1.1637,1.1696,1.17,1.1661,1.1608,1.1445,1.1056,1.0596,0.99914,0.89597,0.72017
0,0.21316,0.44329,0.66462,0.83914,0.9914,1.1211,1.2173,1.2837,1.3291,1.3519,1.3533,1.3383,1.3204,1.3104,1.3078,1.2981,1.2663,1.2048,1.1031,0.89621
0,0.14202,0.29171,0.44898,0.60855,0.76208,0.88595,0.99914,1.1124,1.2032,1.2385,1.2366,1.2031,1.1429,1.1037,1.0957,1.1193,1.1496,1.1629,1.0908,0.93794
0,0.16731,0.34336,0.55191,0.77737,0.98477,1.1011,1.1487,1.2014,1.2415,1.2514,1.2447,1.2224,1.1937,1.1706,1.1544,1.1398,1.1287,1.0852,1.0166,0.91536
0,0.16922,0.33984,0.49278,0.63352,0.7389,0.82204,0.87779,0.91887,0.94217,0.96732,0.98759,0.99288,0.98852,0.97524,0.96201,0.94789,0.93739,0.9307,0.90098,0.82331
0,0.15994,0.34016,0.52473,0.70282,0.86229,0.99979,1.117,1.1867,1.2224,1.2417,1.2482,1.2473,1.2396,1.2292,1.2074,1.1686,1.125,1.0765,0.98748,0.81377
0,0.17206,0.35587,0.52254,0.66856,0.80519,0.92634,1.0324,1.1109,1.1652,1.1872,1.187,1.1689,1.1359,1.1026,1.0785,1.0535,1.0179,0.95753,0.85046,0.69489
0,0.14804,0.31462,0.48096,0.64304,0.7841,0.91687,1.0501,1.1746,1.2613,1.297,1.2953,1.2643,1.2191,1.1867,1.1716,1.1756,1.1879,1.1625,1.0689,0.91417
0,0.16392,0.36057,0.57298,0.80974,1.0474,1.2035,1.2781,1.3312,1.3667,1.3684,1.3555,1.3299,1.297,1.2903,1.3091,1.3326,1.3353,1.2681,1.1689,1.0661
0,0.16373,0.32576,0.49521,0.62432,0.72156,0.80478,0.87411,0.91664,0.93962,0.9568,0.96588,0.96682,0.9642,0.95983,0.95269,0.93617,0.91697,0.90895,0.9065,0.8848
0,0.14177,0.29774,0.47065,0.64119,0.79644,0.93004,1.0185,1.0744,1.109,1.1245,1.1297,1.1296,1.1222,1.1113,1.095,1.0644,1.0212,0.96176,0.86011,0.68459
0,0.15823,0.31859,0.47157,0.61617,0.75078,0.87696,0.99583,1.09,1.1486,1.1783,1.1815,1.1642,1.1325,1.1001,1.0694,1.0409,0.99769,0.9352,0.84123,0.70725
0,0.14028,0.28089,0.42029,0.54884,0.67556,0.80084,0.93029,1.0456,1.1228,1.1443,1.1341,1.1018,1.0475,0.99464,0.96711,0.97313,1.0136,1.0321,0.96535,0.82427
0,0.17059,0.35619,0.57373,0.80008,0.98088,1.0727,1.1362,1.1927,1.2249,1.229,1.2228,1.203,1.164,1.1243,1.1244,1.1531,1.1967,1.1927,1.1124,1.0145
0,0.13786,0.29603,0.47848,0.65039,0.80802,0.94039,1.0454,1.1271,1.1662,1.1891,1.1967,1.1874,1.1677,1.1384,1.1084,1.0649,1.0187,0.95269,0.88998,0.822
0,0.13103,0.28113,0.44489,0.6064,0.75815,0.89158,0.99438,1.0585,1.0953,1.1118,1.1186,1.116,1.1063,1.09,1.0665,1.0323,0.99411,0.94653,0.86414,0.71028
0,0.15518,0.30923,0.46143,0.61632,0.76076,0.9059,1.0258,1.1015,1.1478,1.1716,1.1711,1.1563,1.1314,1.1115,1.0974,1.0841,1.0549,0.99433,0.88613,0.72249
0,0.13532,0.27171,0.40652,0.54847,0.67934,0.80154,0.92135,1.0343,1.1024,1.1273,1.1224,1.0973,1.0489,0.99897,0.97873,0.99184,1.0219,1.0409,0.99765,0.85668
0,0.15143,0.31765,0.50375,0.69701,0.88304,1.0016,1.0747,1.1263,1.1475,1.151,1.1503,1.1427,1.1228,1.1062,1.1065,1.1203,1.1296,1.1111,1.0469,0.96248
0,0.14307,0.28872,0.43842,0.57815,0.69883,0.80665,0.90347,0.96483,0.98918,1.0003,1.0014,0.99515,0.99778,0.99998,0.99253,0.97308,0.94624,0.90961,0.85874,0.78642
0,0.14692,0.31035,0.47711,0.64236,0.78702,0.91278,1.0061,1.0621,1.1014,1.1214,1.1274,1.128,1.123,1.1134,1.0973,1.0662,1.0289,0.98139,0.89491,0.73867
0,0.13683,0.27994,0.42566,0.57072,0.70927,0.83371,0.92899,1.0039,1.0569,1.0898,1.096,1.082,1.0525,1.0248,1.0052,1.0065,1.0092,0.97731,0.89169,0.71674
0,0.14763,0.28687,0.40958,0.5292,0.65202,0.77075,0.88511,0.97601,1.0342,1.0623,1.0611,1.0361,0.98388,0.92867,0.90379,0.9213,0.979,1.0255,0.98003,0.82883
0,0.14697,0.32017,0.5021,0.68127,0.82909,0.97055,1.0844,1.163,1.2044,1.2358,1.2573,1.2605,1.2497,1.2388,1.2305,1.2187,1.2013,1.184,1.112,1.0267
0,0.12146,0.24319,0.36717,0.48772,0.60765,0.70783,0.78218,0.83087,0.86034,0.88135,0.90105,0.92358,0.95083,0.97581,0.9926,0.99486,0.98253,0.95132,0.90323,0.85037
0,0.13347,0.27838,0.42971,0.58261,0.71551,0.84019,0.92984,0.98587,1.026,1.0477,1.0538,1.0532,1.0476,1.043,1.0332,1.0128,0.98,0.93048,0.84795,0.6898
0,0.18054,0.37867,0.55326,0.70423,0.84398,0.98528,1.1003,1.1846,1.2428,1.2723,1.2772,1.2604,1.23,1.2042,1.183,1.159,1.1363,1.0975,1.0066,0.8347
0,0.15833,0.32492,0.49527,0.67752,0.8454,0.98382,1.0987,1.2236,1.315,1.3601,1.3551,1.3089,1.2354,1.1838,1.1715,1.1803,1.2004,1.1943,1.1237,0.95361
0,0.15327,0.33292,0.52194,0.70588,0.87665,1.0009,1.1118,1.2134,1.2827,1.3062,1.296,1.2645,1.2157,1.1539,1.1052,1.0955,1.1163,1.1525,1.138,1.0606
0,0.17234,0.34952,0.51585,0.67805,0.81289,0.94463,1.0353,1.0845,1.108,1.1116,1.1046,1.0914,1.0633,1.0267,0.99413,0.96693,0.95389,0.94724,0.91471,0.84312
0,0.14664,0.30266,0.47297,0.64223,0.78184,0.90446,1.0026,1.0708,1.1108,1.1344,1.1425,1.1406,1.1363,1.1264,1.115,1.0884,1.0503,0.99505,0.90213,0.7437
0,0.15084,0.29767,0.44526,0.57372,0.70099,0.83655,0.94832,1.0265,1.0858,1.1112,1.1095,1.0873,1.0531,1.0234,0.99008,0.96127,0.93318,0.88984,0.7977,0.64022
0,0.16804,0.34777,0.53232,0.70826,0.84554,0.97409,1.0926,1.2184,1.3275,1.37,1.3657,1.3262,1.2596,1.2139,1.1859,1.19,1.1982,1.1589,1.0623,0.89297
0,0.17155,0.36596,0.58041,0.79493,0.96829,1.1001,1.2292,1.3338,1.4026,1.425,1.4153,1.3782,1.3147,1.2498,1.2116,1.2279,1.2835,1.3072,1.2501,1.1358
0,0.15362,0.32158,0.48691,0.66828,0.83135,0.9526,1.0435,1.1044,1.13,1.1347,1.1324,1.1245,1.1013,1.0607,1.0173,0.98704,0.97547,0.98363,0.96438,0.951
0,0.13454,0.28069,0.43698,0.58248,0.71564,0.82623,0.90028,0.9645,1.0008,1.0208,1.0268,1.0268,1.0251,1.0193,1.0106,0.99047,0.96053,0.90727,0.81523,0.65025
0,0.13298,0.27239,0.4213,0.56515,0.70902,0.85873,0.99347,1.0937,1.1587,1.1892,1.1871,1.1658,1.1321,1.098,1.0589,1.0243,0.98932,0.93898,0.85969,0.73236
0,0.15902,0.31459,0.46905,0.62687,0.77724,0.92054,1.0564,1.1853,1.2677,1.2985,1.2863,1.2421,1.1695,1.1047,1.0717,1.0727,1.0898,1.0884,1.0174,0.85537
0,0.1728,0.35864,0.55868,0.74775,0.90131,1.0252,1.1407,1.2266,1.276,1.2911,1.2764,1.2425,1.1872,1.1183,1.0721,1.0741,1.1217,1.1884,1.1865,1.0801
0,0.15427,0.32012,0.49369,0.67989,0.85974,1.0123,1.1391,1.2342,1.289,1.3111,1.321,1.3155,1.2917,1.2531,1.2088,1.1635,1.1078,1.0527,1.0152,0.91497
0,0.13072,0.27375,0.42272,0.5643,0.68501,0.79144,0.87043,0.92547,0.96195,0.98012,0.98876,0.98952,0.98274,0.97598,0.96236,0.93567,0.90086,0.85481,0.76794,0.6161
0,0.15134,0.30547,0.45472,0.59617,0.73072,0.87549,1.0008,1.0784,1.1292,1.1561,1.1547,1.1363,1.1036,1.0756,1.0543,1.0403,1.023,0.98416,0.88985,0.72996
0,0.15925,0.31989,0.47634,0.62501,0.77064,0.90862,1.0277,1.1477,1.2338,1.2648,1.2569,1.221,1.1549,1.0887,1.0612,1.0644,1.0843,1.093,1.0384,0.88458
0,0.16509,0.34306,0.53371,0.72328,0.87432,0.9909,1.085,1.1523,1.1806,1.19,1.1795,1.1545,1.1113,1.0581,1.0199,1.0163,1.0613,1.1129,1.0916,0.98318
0,0.1579,0.31961,0.48526,0.63805,0.77263,0.87686,0.9493,1.0001,1.0349,1.052,1.0523,1.0454,1.0348,1.03,1.0221,1.0095,0.99207,0.96734,0.91171,0.80448
0,0.12858,0.25944,0.38758,0.51731,0.63249,0.73982,0.81927,0.88688,0.93275,0.95599,0.96554,0.9694,0.96539,0.95901,0.95074,0.93214,0.89842,0.84638,0.76634,0.6272
0,0.12303,0.24323,0.37159,0.50287,0.63485,0.76917,0.88209,0.97126,1.0399,1.0827,1.0909,1.0715,1.0317,0.9915,0.9541,0.93294,0.92742,0.90475,0.83778,0.71437
0,0.16139,0.32437,0.47774,0.61927,0.753,0.88444,1.0052,1.1101,1.1834,1.2153,1.2097,1.174,1.1098,1.0433,1.0147,1.035,1.071,1.0957,1.0376,0.87183
0,0.14988,0.31334,0.48492,0.65572,0.81458,0.94559,1.0497,1.1255,1.1715,1.1933,1.1978,1.1907,1.1663,1.1284,1.1054,1.1003,1.1246,1.1948,1.21,1.0915
0,0.12703,0.26044,0.39372,0.5192,0.64118,0.73506,0.8036,0.85252,0.8916,0.92312,0.95231,0.97601,0.99438,1.0053,1.0121,1.0028,0.97939,0.95702,0.93557,0.86277
0,0.14277,0.29158,0.44468,0.59329,0.72908,0.84535,0.94403,1.0068,1.0416,1.0648,1.0719,1.0732,1.0693,1.0615,1.0477,1.0204,0.98385,0.94025,0.85175,0.67054
0,0.19243,0.39064,0.59558,0.77554,0.92572,1.0574,1.1871,1.2746,1.3251,1.3548,1.3578,1.3491,1.3268,1.3104,1.2932,1.2754,1.2592,1.2322,1.1666,1.0092
0,0.1496,0.31752,0.48986,0.67322,0.84644,1.0058,1.1383,1.2749,1.3698,1.4079,1.4022,1.3618,1.2862,1.2165,1.1859,1.1697,1.166,1.1431,1.0486,0.91711
0,0.17415,0.35404,0.52755,0.7035,0.88286,1.0282,1.1594,1.2852,1.3647,1.3905,1.3843,1.3526,1.2946,1.2142,1.1451,1.1226,1.1471,1.1754,1.1561,1.1016
0,0.17008,0.38157,0.63095,0.89947,1.1521,1.3335,1.4286,1.4747,1.4947,1.4974,1.4908,1.4783,1.4602,1.4361,1.4116,1.3984,1.4375,1.4676,1.3974,1.3721
0,0.14617,0.31395,0.48333,0.64275,0.78197,0.90883,1.0116,1.0768,1.1224,1.1442,1.152,1.1525,1.1433,1.1323,1.1165,1.0835,1.0428,0.99307,0.89815,0.73472
0,0.15396,0.31531,0.47786,0.6386,0.78254,0.91473,1.0463,1.1474,1.2156,1.2491,1.2475,1.2272,1.1925,1.1582,1.123,1.0946,1.073,1.036,0.95874,0.80378
0,0.17249,0.36478,0.55713,0.73185,0.88425,1.0204,1.1582,1.3059,1.4158,1.4611,1.4581,1.4154,1.336,1.2593,1.2064,1.1933,1.1808,1.1424,1.0424,0.89591
0,0.18726,0.39115,0.60443,0.80508,0.98335,1.1324,1.2762,1.4026,1.4876,1.5184,1.51,1.4696,1.4053,1.3262,1.2569,1.2622,1.3241,1.3407,1.303,1.2043
0,0.16986,0.37093,0.6131,0.88716,1.1576,1.3239,1.4013,1.4485,1.4662,1.4641,1.4608,1.4586,1.4381,1.4219,1.4249,1.447,1.5266,1.5595,1.526,1.4782
0,0.13219,0.27655,0.42708,0.57033,0.70012,0.81218,0.8904,0.95241,0.99079,1.0117,1.0167,1.016,1.0111,0.99906,0.98387,0.96275,0.9327,0.88639,0.79493,0.60264
0,0.13285,0.26561,0.40985,0.56878,0.73161,0.89875,1.0585,1.193,1.2766,1.3184,1.3202,1.3032,1.2702,1.2299,1.1868,1.1429,1.0923,1.0369,0.9712,0.85452
0,0.15245,0.30988,0.46737,0.63175,0.80241,0.95296,1.0974,1.228,1.3211,1.3576,1.3492,1.3047,1.228,1.1501,1.0995,1.0862,1.0817,1.0603,0.98029,0.84519
0,0.18135,0.35865,0.53929,0.71484,0.88073,1.0258,1.1649,1.2627,1.3213,1.3391,1.3279,1.2925,1.2325,1.1526,1.0745,1.0508,1.0959,1.1729,1.1753,1.1082
0,0.18325,0.40405,0.68103,0.98166,1.2132,1.3789,1.5246,1.6123,1.6387,1.6507,1.665,1.6689,1.6544,1.6057,1.5466,1.5088,1.5065,1.5527,1.5421,1.4838
0,0.12641,0.26786,0.41617,0.55863,0.68486,0.79355,0.87213,0.93148,0.97374,0.99426,1.0021,1.0017,0.99177,0.98048,0.96666,0.93991,0.90744,0.86663,0.78319,0.62346
0,0.13861,0.28788,0.44,0.59383,0.74372,0.90055,1.049,1.1596,1.2271,1.2587,1.2593,1.2445,1.2159,1.1899,1.1643,1.1403,1.113,1.0715,1.0002,0.85886
0,0.14672,0.29833,0.45738,0.62116,0.78514,0.93053,1.065,1.1932,1.2824,1.3231,1.3207,1.285,1.21,1.134,1.0882,1.0753,1.0821,1.0688,0.99365,0.86857
0,0.16742,0.34678,0.53626,0.71706,0.87459,1.0067,1.1232,1.1969,1.2399,1.2508,1.2442,1.2234,1.1803,1.1183,1.0647,1.0496,1.0812,1.1302,1.1088,1.019
0,0.15093,0.32922,0.5303,0.7568,0.98915,1.1292,1.2219,1.2991,1.343,1.3578,1.3557,1.3474,1.3369,1.3239,1.3166,1.3253,1.3368,1.3409,1.2969,1.2028
0,0.12432,0.25566,0.38532,0.50777,0.62009,0.72608,0.80784,0.86741,0.91722,0.9453,0.95622,0.95893,0.95214,0.93862,0.92604,0.9027,0.86973,0.8329,0.76639,0.6214
0,0.13219,0.26675,0.4005,0.5465,0.69465,0.83669,0.97176,1.0768,1.1423,1.1805,1.1853,1.1721,1.1466,1.1252,1.1026,1.0739,1.047,1.0092,0.94613,0.82198
0,0.15829,0.31814,0.47351,0.6253,0.78215,0.92502,1.0578,1.172,1.2532,1.2906,1.2873,1.2501,1.1782,1.0971,1.0541,1.0583,1.0776,1.0771,1.0047,0.87232
0,0.16217,0.33409,0.50401,0.66437,0.81179,0.943,1.0449,1.1346,1.1967,1.2276,1.2373,1.2309,1.2017,1.162,1.12,1.0985,1.1152,1.1736,1.1657,1.0591
0,0.13575,0.28769,0.45749,0.63095,0.79719,0.92056,1.0128,1.0854,1.1264,1.1412,1.1464,1.1508,1.1494,1.1446,1.1366,1.127,1.1274,1.1406,1.1211,1.0326
0,0.14956,0.3058,0.47418,0.64971,0.819,0.97364,1.1032,1.1823,1.2215,1.2398,1.2442,1.243,1.2372,1.2266,1.2151,1.1968,1.1682,1.1247,1.0402,0.86847
0,0.18699,0.37406,0.54083,0.69717,0.84013,0.97758,1.1114,1.2005,1.2629,1.2994,1.3052,1.2903,1.269,1.2534,1.2386,1.2215,1.196,1.1485,1.0604,0.89816
0,0.17306,0.35521,0.55506,0.75973,0.97337,1.1583,1.2952,1.3914,1.4836,1.5265,1.5134,1.4633,1.4069,1.3809,1.351,1.3215,1.3002,1.2703,1.1905,1.0456
0,0.17905,0.37199,0.56914,0.77773,0.97127,1.1283,1.2684,1.4099,1.5151,1.5653,1.5626,1.5257,1.4567,1.3821,1.3205,1.298,1.3317,1.3507,1.2907,1.186
0,0.20137,0.42949,0.67355,0.90157,1.1094,1.3022,1.4662,1.5606,1.5826,1.5743,1.5607,1.5469,1.5238,1.4827,1.4179,1.3441,1.304,1.3156,1.2678,1.2003
0,0.16424,0.34069,0.53021,0.7227,0.90432,1.0658,1.1935,1.2669,1.3088,1.331,1.337,1.3337,1.3254,1.3138,1.3012,1.2792,1.2426,1.1896,1.0958,0.92549
0,0.15008,0.30425,0.45383,0.59055,0.72046,0.85055,0.96765,1.0581,1.1235,1.1575,1.1575,1.1361,1.1011,1.0646,1.0317,0.99783,0.96306,0.91327,0.83722,0.71388
0,0.17576,0.37058,0.57534,0.78763,0.99649,1.1583,1.2809,1.3874,1.4771,1.5246,1.5239,1.4801,1.4208,1.3806,1.3604,1.3289,1.3083,1.2693,1.1877,1.0666
0,0.19547,0.41051,0.62668,0.84301,1.0467,1.192,1.3573,1.5032,1.6008,1.6527,1.6576,1.6248,1.5586,1.4765,1.4045,1.3993,1.4526,1.4525,1.3864,1.309
0,0.2199,0.46405,0.72622,0.9888,1.2075,1.3734,1.4988,1.5722,1.584,1.5725,1.5604,1.5518,1.5277,1.4736,1.4059,1.3661,1.3671,1.4177,1.3993,1.3809
0,0.13871,0.2852,0.43945,0.60624,0.76815,0.92008,1.0366,1.1081,1.1502,1.1723,1.1766,1.1747,1.1633,1.1462,1.1329,1.1117,1.0885,1.0478,0.95169,0.77791
0,0.12071,0.24476,0.37623,0.5074,0.64017,0.78336,0.93415,1.0534,1.1441,1.1858,1.1904,1.1717,1.1304,1.0841,1.0393,0.99497,0.94913,0.88801,0.82115,0.73769
0,0.15533,0.31978,0.49766,0.68577,0.88197,1.0775,1.2417,1.3563,1.4432,1.4787,1.4621,1.4119,1.3519,1.3197,1.2981,1.2707,1.2517,1.2086,1.136,1.0177
0,0.1788,0.36873,0.56876,0.76833,0.94176,1.0773,1.2305,1.376,1.4623,1.5013,1.4978,1.4639,1.4103,1.3389,1.2653,1.2441,1.2916,1.3406,1.3034,1.2295
0,0.19414,0.40276,0.62343,0.87001,1.0923,1.2808,1.4531,1.5539,1.5891,1.5913,1.5977,1.5893,1.5643,1.5103,1.4479,1.3848,1.3681,1.4296,1.4775,1.3665
0,0.13724,0.28392,0.43702,0.59212,0.73048,0.85874,0.97453,1.0558,1.1027,1.1298,1.1348,1.1274,1.1134,1.096,1.0747,1.0491,1.0246,0.98682,0.90927,0.7654
0,0.12726,0.25713,0.38886,0.51581,0.64003,0.76698,0.89518,0.99531,1.0567,1.0852,1.088,1.0712,1.0396,1.0089,0.98584,0.96765,0.94181,0.8994,0.81817,0.68926
0,0.14817,0.31312,0.49545,0.69073,0.89331,1.0852,1.2304,1.3306,1.4216,1.4642,1.4556,1.4161,1.3609,1.3208,1.2938,1.2728,1.2532,1.2284,1.1781,1.0493
0,0.16728,0.34892,0.54422,0.74283,0.92619,1.0686,1.1887,1.3126,1.3871,1.4172,1.4178,1.4001,1.36,1.3029,1.2446,1.2287,1.2783,1.3206,1.2713,1.198
0,0.18623,0.38249,0.59683,0.79847,0.95447,1.0591,1.1382,1.1857,1.2086,1.2184,1.2257,1.2308,1.2219,1.2056,1.1857,1.1728,1.1893,1.2052,1.1834,1.0687
0,0.14005,0.29667,0.46413,0.63998,0.80542,0.93372,1.0349,1.0907,1.1303,1.1539,1.1599,1.1609,1.1546,1.1424,1.1312,1.1151,1.092,1.0546,0.98048,0.83369
0,0.10949,0.22024,0.34062,0.466,0.59707,0.72402,0.84311,0.94135,1.0101,1.0517,1.0583,1.0414,1.0108,0.98948,0.97528,0.96908,0.96916,0.94842,0.86913,0.72525
0,0.15923,0.32748,0.51605,0.71855,0.90306,1.0855,1.2241,1.3404,1.4331,1.4731,1.4682,1.4305,1.3723,1.3324,1.3185,1.3233,1.3374,1.3501,1.3064,1.1423
0,0.16604,0.34022,0.53044,0.7161,0.90056,1.0558,1.1967,1.3071,1.3813,1.4241,1.4418,1.4423,1.4178,1.3825,1.353,1.3394,1.3704,1.4414,1.436,1.3268
0,0.16987,0.34195,0.50845,0.66383,0.79453,0.89969,0.96977,1.0015,1.0148,1.0354,1.0609,1.0813,1.0953,1.1081,1.1101,1.1052,1.1032,1.1177,1.1358,1.0454
0,0.14953,0.30497,0.47514,0.64131,0.78741,0.91828,1.0215,1.0952,1.1369,1.1609,1.1701,1.172,1.167,1.1528,1.129,1.0899,1.0419,0.98112,0.87781,0.69943
0,0.22785,0.44127,0.64106,0.80345,0.9403,1.0676,1.1653,1.2337,1.2752,1.2986,1.3033,1.2905,1.2708,1.2476,1.2189,1.187,1.1534,1.1204,1.0482,0.88875
0,0.13981,0.29918,0.46499,0.64478,0.82071,0.97399,1.1066,1.2308,1.3423,1.392,1.3844,1.3344,1.2434,1.1636,1.1216,1.0928,1.0743,1.0389,0.97037,0.89208
0,0.19949,0.40104,0.59469,0.76803,0.93073,1.0972,1.2667,1.3911,1.4737,1.5078,1.5062,1.4726,1.3976,1.3078,1.2304,1.201,1.2136,1.1914,1.1308,1.088
0,0.21111,0.43358,0.66286,0.89771,1.1007,1.2922,1.45,1.5651,1.6042,1.6037,1.5947,1.5842,1.5602,1.5046,1.4272,1.3496,1.3241,1.3358,1.3118,1.2892
0,0.14835,0.30887,0.47219,0.63227,0.78712,0.92535,1.0401,1.1203,1.1709,1.1968,1.207,1.2076,1.2007,1.1839,1.1547,1.1098,1.0679,1.0148,0.92261,0.75273
0,0.18283,0.35646,0.5238,0.66686,0.7993,0.91612,1.0113,1.0902,1.1403,1.1622,1.1587,1.1388,1.1058,1.0602,1.0176,0.9846,0.9576,0.92402,0.85644,0.72024
0,0.16562,0.35417,0.54001,0.72786,0.88397,1.0147,1.1504,1.309,1.4394,1.4908,1.4881,1.4425,1.3493,1.2519,1.1818,1.1349,1.1011,1.0501,0.96898,0.88314
0,0.21054,0.44135,0.67042,0.88133,1.0459,1.209,1.3845,1.515,1.6094,1.6514,1.6511,1.6139,1.5401,1.4624,1.3834,1.3682,1.3957,1.3659,1.3084,1.274
0,0.2114,0.45324,0.71433,0.95828,1.167,1.3399,1.4746,1.5722,1.6118,1.6174,1.6112,1.6017,1.5666,1.5022,1.4297,1.379,1.3748,1.4064,1.4177,1.4146
0,0.13201,0.27665,0.42906,0.5851,0.72864,0.85365,0.94333,1.0051,1.0472,1.0698,1.0764,1.0761,1.0688,1.0597,1.0392,1.0056,0.96499,0.90794,0.80632,0.60822
0,0.14976,0.3051,0.47525,0.62812,0.77596,0.91357,1.0314,1.1288,1.1982,1.2292,1.2279,1.2029,1.1614,1.1136,1.0561,0.99815,0.95318,0.90807,0.85504,0.76837
0,0.15062,0.31086,0.47822,0.66233,0.84316,0.99234,1.1368,1.2699,1.3696,1.4064,1.3931,1.3437,1.2511,1.1578,1.0938,1.0455,1.0089,0.98041,0.91725,0.84348
0,0.20065,0.42075,0.61545,0.77742,0.92621,1.0766,1.2319,1.3373,1.4075,1.4399,1.4377,1.4061,1.3473,1.2711,1.1986,1.1731,1.2241,1.2591,1.205,1.1213
0,0.1956,0.42563,0.6694,0.89355,1.0839,1.2556,1.4263,1.5463,1.6074,1.6273,1.6386,1.6358,1.6068,1.5473,1.4702,1.3967,1.387,1.4581,1.4877,1.3915
0,0.12231,0.26458,0.41906,0.56573,0.70049,0.81489,0.90939,0.97889,1.0264,1.047,1.0534,1.0523,1.0396,1.0211,0.99589,0.96126,0.92566,0.88236,0.79648,0.63719
0,0.15295,0.30299,0.44805,0.58417,0.71715,0.84281,0.9493,1.0229,1.0704,1.0943,1.0944,1.0731,1.0367,0.99639,0.96832,0.94206,0.91865,0.88834,0.82426,0.71831
0,0.15603,0.32,0.49018,0.66825,0.84488,1.0002,1.1418,1.2725,1.3741,1.4165,1.4107,1.3684,1.2842,1.2028,1.1464,1.1092,1.083,1.0652,1.0143,0.92226
0,0.19163,0.39984,0.60401,0.79515,0.95411,1.0906,1.2057,1.2954,1.3588,1.3857,1.3873,1.373,1.3369,1.275,1.2176,1.1913,1.2287,1.2524,1.1781,1.0871
0,0.17403,0.37613,0.57609,0.77596,0.95269,1.0612,1.1453,1.208,1.2558,1.279,1.2893,1.2903,1.2721,1.229,1.1912,1.1717,1.1914,1.2137,1.208,1.1144
0,0.13711,0.27582,0.42225,0.56651,0.69653,0.81121,0.89932,0.95667,1.0021,1.0313,1.0415,1.0443,1.0388,1.0262,1.0055,0.9711,0.93105,0.88724,0.81025,0.65689
0,0.13526,0.26951,0.40933,0.54908,0.68255,0.79434,0.88759,0.95775,1.0073,1.0345,1.0392,1.0272,1.0001,0.97477,0.95359,0.93813,0.93218,0.91534,0.87101,0.76588
0,0.16103,0.3255,0.48799,0.65317,0.82054,0.96404,1.1045,1.2215,1.3075,1.348,1.3442,1.304,1.2297,1.1501,1.0998,1.0777,1.0771,1.0731,1.0111,0.90112
0,0.17766,0.36083,0.54791,0.74369,0.92123,1.0673,1.1799,1.2589,1.3219,1.3685,1.3943,1.4,1.384,1.3509,1.3156,1.3067,1.3268,1.3562,1.3039,1.147
0,0.15717,0.33195,0.51451,0.68513,0.81423,0.90952,0.97786,1.0216,1.0581,1.0957,1.1246,1.1398,1.1399,1.124,1.1054,1.096,1.1139,1.1371,1.1409,1.0805
0,0.11926,0.21995,0.29246,0.35435,0.41053,0.47167,0.52554,0.56813,0.59879,0.61489,0.61934,0.61149,0.59718,0.57727,0.54819,0.51294,0.46696,0.42139,0.37637,0.31239
