0,0.0046234,0.008959,0.012822,0.01618,0.019372,0.022573,0.026062,0.029005,0.031238,0.032238,0.032088,0.03089,0.028836,0.026336,0.023703,0.021739,0.020397,0.019349,0.018592,0.017935
0,0.0049616,0.0097106,0.013835,0.017776,0.022003,0.027256,0.034102,0.040181,0.043458,0.044732,0.04447,0.042808,0.039877,0.035798,0.031179,0.028069,0.027236,0.027577,0.028465,0.029731
0,0.0054887,0.010821,0.015457,0.019516,0.024198,0.03032,0.037841,0.044841,0.049117,0.050611,0.050283,0.048149,0.044114,0.039216,0.033751,0.029821,0.028329,0.028893,0.030538,0.032021
0,0.0044626,0.0092344,0.013662,0.018057,0.022169,0.026173,0.029895,0.03351,0.036098,0.037208,0.036975,0.035096,0.032088,0.028876,0.026786,0.026656,0.028382,0.030397,0.032259,0.032525
0,0.0050644,0.0093916,0.012404,0.014729,0.016935,0.019151,0.021289,0.023111,0.024494,0.025273,0.025384,0.025056,0.024397,0.023504,0.022341,0.020883,0.019173,0.017636,0.01626,0.014153
0,0.0037532,0.0074309,0.011042,0.014534,0.018114,0.021948,0.025704,0.028925,0.031066,0.032009,0.031883,0.030819,0.029193,0.027095,0.024473,0.021607,0.019255,0.017166,0.015443,0.014563
0,0.0044037,0.0084964,0.012476,0.016763,0.021548,0.027678,0.035044,0.039825,0.042199,0.043144,0.04275,0.041038,0.038278,0.034089,0.028818,0.024428,0.022809,0.02362,0.025813,0.028104
0,0.0051611,0.010011,0.014358,0.018934,0.025348,0.034047,0.043042,0.050191,0.05376,0.054981,0.054908,0.053166,0.049336,0.043718,0.036805,0.030519,0.027579,0.027859,0.029493,0.030898
0,0.0043521,0.0081445,0.011906,0.016451,0.021563,0.026687,0.031932,0.036391,0.039227,0.040641,0.040848,0.039344,0.035723,0.031494,0.027721,0.02634,0.027602,0.029977,0.033158,0.035467
0,0.0044539,0.0085304,0.011798,0.014511,0.01703,0.019854,0.022044,0.023709,0.024931,0.025614,0.025753,0.025396,0.024666,0.023652,0.022355,0.020695,0.018714,0.017155,0.015643,0.013777
0,0.0031902,0.0064171,0.0096157,0.012697,0.015867,0.019754,0.023909,0.027785,0.030311,0.031257,0.031047,0.029986,0.028141,0.026017,0.023557,0.020899,0.018314,0.015891,0.014201,0.013658
0,0.0048154,0.009182,0.013318,0.017503,0.021305,0.025877,0.03218,0.038376,0.041748,0.043101,0.042825,0.040999,0.037792,0.03359,0.029427,0.027239,0.027485,0.028834,0.030338,0.031067
0,0.0053821,0.010341,0.015019,0.019386,0.024203,0.030845,0.03869,0.046322,0.050861,0.052513,0.052271,0.049715,0.045149,0.039385,0.033136,0.029194,0.028256,0.028626,0.030042,0.031675
0,0.004117,0.0083382,0.01258,0.017168,0.021168,0.025586,0.030905,0.03455,0.036508,0.037251,0.036805,0.035134,0.032647,0.029993,0.02728,0.026302,0.029727,0.035243,0.039565,0.042481
0,0.004289,0.0082982,0.011656,0.014373,0.016588,0.0193,0.021797,0.023856,0.025424,0.02629,0.026438,0.025987,0.025153,0.023973,0.022519,0.020935,0.019248,0.017813,0.016562,0.014657
0,0.0040778,0.0077669,0.011409,0.014842,0.018099,0.021774,0.02576,0.029591,0.032345,0.033627,0.033671,0.03254,0.030364,0.027658,0.024763,0.021872,0.019718,0.018138,0.017386,0.01677
0,0.0051171,0.010101,0.014505,0.018666,0.02283,0.027437,0.033349,0.039233,0.042603,0.044079,0.043953,0.04243,0.03951,0.035252,0.030908,0.0286,0.028841,0.030372,0.031255,0.031403
0,0.0057812,0.01076,0.015207,0.019587,0.024545,0.031093,0.037328,0.043096,0.047167,0.048809,0.048609,0.046034,0.041661,0.036418,0.030585,0.026438,0.024993,0.024603,0.02556,0.0268
0,0.0038511,0.0074095,0.010523,0.013213,0.016134,0.019536,0.023462,0.027072,0.029548,0.030803,0.030514,0.028868,0.026721,0.025063,0.025727,0.02856,0.032784,0.036889,0.040441,0.042635
0,0.0047039,0.0087604,0.011484,0.013608,0.015638,0.017613,0.019468,0.021392,0.022893,0.023663,0.023944,0.023719,0.023087,0.022139,0.020868,0.019522,0.018107,0.016566,0.014937,0.013177
0,0.0037686,0.0074104,0.010989,0.014165,0.01737,0.021312,0.026006,0.030682,0.033536,0.034794,0.034846,0.033736,0.031569,0.028774,0.025289,0.021738,0.01978,0.019423,0.020149,0.020953
0,0.0050157,0.0098036,0.013944,0.017914,0.021713,0.025741,0.031318,0.036574,0.040131,0.041858,0.042049,0.040764,0.037878,0.033606,0.029595,0.027426,0.028203,0.030575,0.032159,0.032507
0,0.0057854,0.011125,0.016449,0.021832,0.026808,0.031576,0.036347,0.041036,0.044862,0.046646,0.046625,0.045144,0.042476,0.03946,0.03684,0.035323,0.035034,0.035594,0.037055,0.039683
0,0.0037545,0.0068759,0.0091414,0.010767,0.012711,0.015071,0.017642,0.019892,0.021568,0.022651,0.022949,0.023073,0.023429,0.02519,0.028401,0.032487,0.03634,0.040578,0.04385,0.04549
0,0.004075,0.0077867,0.010859,0.013343,0.015778,0.018133,0.019976,0.021489,0.022623,0.023259,0.023323,0.022943,0.022321,0.021484,0.020536,0.019265,0.01755,0.015612,0.013434,0.010442
0,0.004876,0.0095362,0.013552,0.017063,0.020542,0.02426,0.02773,0.030723,0.03254,0.033346,0.033254,0.032158,0.030207,0.027678,0.02487,0.022444,0.021068,0.020244,0.020079,0.020111
0,0.005161,0.0099884,0.014336,0.01841,0.022651,0.028344,0.035911,0.042786,0.04665,0.048201,0.047957,0.046091,0.042821,0.038139,0.032808,0.028806,0.027543,0.027905,0.029135,0.030593
0,0.0053137,0.010654,0.015989,0.021398,0.027159,0.034233,0.042231,0.049083,0.053151,0.054856,0.05467,0.052628,0.048922,0.044198,0.039403,0.036074,0.035395,0.036586,0.037915,0.037824
0,0.0057753,0.011522,0.017176,0.023337,0.029941,0.036459,0.042253,0.047278,0.050509,0.051808,0.051318,0.04919,0.045393,0.04083,0.036462,0.033303,0.033198,0.033922,0.034592,0.034411
0,0.0040899,0.0079769,0.011267,0.013946,0.016291,0.018423,0.020303,0.021948,0.023249,0.024038,0.024158,0.023701,0.022963,0.022087,0.021094,0.019985,0.018563,0.016939,0.015017,0.012065
0,0.0037511,0.0073376,0.010728,0.014267,0.018111,0.022169,0.025679,0.028125,0.029809,0.030631,0.030523,0.029609,0.027996,0.025837,0.023183,0.020277,0.017667,0.016142,0.015829,0.016594
0,0.0045377,0.0085935,0.012744,0.016921,0.0218,0.028301,0.036742,0.042791,0.045884,0.047186,0.046861,0.044948,0.041887,0.037085,0.030487,0.024272,0.022007,0.022803,0.025687,0.028285
0,0.0053283,0.010451,0.015244,0.020717,0.028016,0.037736,0.047297,0.054831,0.059075,0.060672,0.060326,0.05803,0.05371,0.047731,0.040698,0.034713,0.032468,0.033781,0.035387,0.035352
0,0.0054617,0.010559,0.016186,0.023327,0.031313,0.039136,0.046497,0.052167,0.055501,0.057234,0.057365,0.055471,0.051341,0.045649,0.040142,0.035455,0.034136,0.035178,0.037605,0.039815
0,0.0039318,0.0075542,0.010875,0.013581,0.016008,0.018481,0.020485,0.022105,0.023461,0.024241,0.024287,0.02378,0.022997,0.022027,0.02094,0.019749,0.018174,0.01656,0.014601,0.011645
0,0.0034785,0.0069331,0.010548,0.014248,0.01825,0.022657,0.026413,0.029303,0.03117,0.031984,0.031909,0.030991,0.029218,0.027065,0.024631,0.02182,0.018403,0.015901,0.014977,0.015523
0,0.004937,0.009779,0.014111,0.01832,0.022301,0.027216,0.034511,0.041451,0.045242,0.046689,0.046375,0.044481,0.040735,0.035602,0.0305,0.027312,0.027157,0.028656,0.030462,0.031308
0,0.0049665,0.010029,0.015051,0.020251,0.025891,0.032869,0.041707,0.049773,0.054423,0.056159,0.056015,0.053594,0.048798,0.042446,0.036453,0.03327,0.032909,0.034819,0.036908,0.037187
0,0.0054223,0.01071,0.016294,0.022807,0.028593,0.033881,0.040014,0.044904,0.047687,0.048626,0.047918,0.045788,0.042648,0.039593,0.036833,0.035656,0.038699,0.043405,0.045802,0.047533
0,0.003568,0.0069493,0.010138,0.012652,0.014722,0.017035,0.019321,0.021402,0.02308,0.024121,0.024365,0.023912,0.023035,0.02189,0.020601,0.019252,0.017643,0.016113,0.014487,0.011746
0,0.0043702,0.0082999,0.011935,0.015524,0.019194,0.023114,0.026819,0.029796,0.032024,0.032971,0.032999,0.032132,0.030256,0.027662,0.02469,0.02161,0.01884,0.017361,0.017802,0.019143
0,0.0053879,0.010598,0.015033,0.019236,0.023372,0.027979,0.034719,0.041713,0.045738,0.047564,0.047389,0.045605,0.042282,0.037179,0.031552,0.028085,0.028119,0.02969,0.031129,0.031474
0,0.0052291,0.0099838,0.014591,0.018887,0.023776,0.030208,0.038188,0.04542,0.04945,0.051044,0.050927,0.048761,0.044412,0.038541,0.032631,0.029331,0.028676,0.030023,0.031854,0.033027
0,0.0050066,0.009608,0.013301,0.017214,0.021517,0.026104,0.031289,0.035898,0.03902,0.040808,0.040856,0.038949,0.036042,0.033319,0.032439,0.03432,0.037628,0.040707,0.04317,0.045121
0,0.003816,0.0072864,0.010149,0.012603,0.014815,0.016739,0.018342,0.0199,0.021275,0.022095,0.022339,0.022048,0.021371,0.020372,0.019302,0.018157,0.016899,0.015386,0.013669,0.011492
0,0.0038281,0.0075344,0.011298,0.014942,0.01885,0.022596,0.026419,0.029825,0.032303,0.033349,0.033377,0.03239,0.030374,0.027722,0.024647,0.021191,0.018237,0.017729,0.019484,0.02192
0,0.0051624,0.010053,0.014113,0.017827,0.021349,0.02577,0.032441,0.039363,0.043397,0.045339,0.045453,0.043735,0.040208,0.034867,0.02943,0.026416,0.027115,0.029529,0.031577,0.032504
0,0.0058753,0.011517,0.016274,0.020443,0.024646,0.029318,0.034647,0.039868,0.043791,0.045516,0.045391,0.043772,0.04113,0.038464,0.036735,0.036474,0.037165,0.038821,0.04084,0.041784
0,0.0044775,0.0083616,0.011888,0.014839,0.01737,0.020383,0.023892,0.026846,0.029096,0.030653,0.030979,0.030332,0.02987,0.030793,0.033243,0.036427,0.039802,0.043079,0.046128,0.047889
0,0.0041523,0.0083374,0.011744,0.014424,0.016899,0.019208,0.02116,0.022666,0.023833,0.024512,0.024651,0.024368,0.023842,0.023039,0.021902,0.020301,0.018478,0.016539,0.014316,0.011336
0,0.0036261,0.0072817,0.01056,0.013918,0.017427,0.021084,0.024514,0.027293,0.029103,0.02995,0.02977,0.028708,0.026964,0.024925,0.022986,0.020758,0.01852,0.016818,0.015707,0.015623
0,0.0053307,0.010261,0.014517,0.018802,0.024191,0.03125,0.038905,0.045431,0.048993,0.050544,0.050456,0.048754,0.045523,0.040769,0.035014,0.029658,0.027309,0.027533,0.029255,0.031869
0,0.0058583,0.011569,0.017002,0.023011,0.029908,0.038299,0.047722,0.055629,0.059995,0.062028,0.062117,0.06027,0.056242,0.050544,0.043724,0.038369,0.036605,0.037026,0.038459,0.039105
0,0.0062339,0.013343,0.021662,0.032159,0.043633,0.054007,0.061357,0.066508,0.069317,0.07031,0.069968,0.067278,0.062724,0.056987,0.050095,0.043494,0.038826,0.036389,0.035471,0.036325
0,0.0045138,0.0087693,0.012438,0.015331,0.017785,0.01997,0.021847,0.023404,0.024707,0.025518,0.025652,0.025304,0.024629,0.023786,0.022693,0.02124,0.019582,0.017945,0.015995,0.013337
0,0.003188,0.0065559,0.010257,0.014178,0.018125,0.022342,0.025764,0.02808,0.029651,0.030442,0.030375,0.029528,0.028211,0.026468,0.024371,0.021906,0.019008,0.016394,0.014415,0.013426
0,0.0048657,0.0094423,0.0138,0.01848,0.024662,0.032624,0.040544,0.045673,0.048599,0.049796,0.049563,0.047814,0.044579,0.039902,0.032879,0.02576,0.021601,0.021847,0.024935,0.028016
0,0.0055484,0.010779,0.015857,0.021955,0.030641,0.04191,0.053128,0.060689,0.064662,0.066622,0.066793,0.065133,0.060954,0.05443,0.046217,0.038276,0.03422,0.034411,0.036159,0.036985
0,0.0056491,0.012689,0.022262,0.034355,0.047144,0.059284,0.0677,0.071996,0.074531,0.075759,0.0759,0.074238,0.069929,0.063866,0.055814,0.046951,0.040508,0.03816,0.037744,0.040467
0,0.0041888,0.0081835,0.011526,0.014424,0.016986,0.019643,0.021723,0.023263,0.024598,0.025413,0.025561,0.025171,0.024478,0.023499,0.022172,0.020521,0.018712,0.016978,0.015089,0.01224
0,0.0036102,0.0071313,0.01082,0.014595,0.018708,0.022901,0.026054,0.028479,0.030054,0.030734,0.030653,0.029944,0.028723,0.027167,0.025358,0.023043,0.020111,0.017193,0.014954,0.013916
0,0.005406,0.010567,0.015323,0.01989,0.024564,0.030617,0.037731,0.043844,0.047636,0.049267,0.048998,0.046867,0.043063,0.037597,0.03164,0.027192,0.02589,0.027183,0.029271,0.030946
0,0.0052002,0.010287,0.015529,0.021237,0.02789,0.036476,0.047337,0.055905,0.060543,0.062626,0.062936,0.060704,0.05542,0.047697,0.03994,0.034836,0.03349,0.034421,0.036262,0.037545
0,0.0090731,0.021133,0.03299,0.045048,0.054782,0.062593,0.067586,0.070369,0.072013,0.072481,0.072,0.070447,0.067188,0.062807,0.05727,0.050538,0.043186,0.038384,0.037575,0.03841
0,0.0039798,0.0077106,0.011101,0.013943,0.016398,0.018903,0.021073,0.022928,0.024478,0.025502,0.025816,0.025471,0.02467,0.023537,0.022041,0.02045,0.018801,0.017275,0.015603,0.013071
0,0.004276,0.0084419,0.012318,0.016041,0.020103,0.023924,0.026819,0.029552,0.03134,0.032187,0.032223,0.031207,0.029238,0.026894,0.024486,0.021901,0.019309,0.017144,0.01616,0.016189
0,0.005994,0.011466,0.01632,0.020889,0.025726,0.031417,0.038427,0.044349,0.048157,0.049856,0.049687,0.047666,0.044221,0.039056,0.032775,0.028028,0.026876,0.027928,0.029715,0.030888
0,0.0056563,0.010723,0.015657,0.020757,0.026883,0.034819,0.044033,0.051235,0.055071,0.056942,0.057249,0.055207,0.050364,0.043922,0.036919,0.031886,0.030446,0.031198,0.032979,0.034464
0,0.0053598,0.011013,0.017453,0.025283,0.03273,0.039004,0.04471,0.0486,0.050908,0.052195,0.052352,0.050367,0.046669,0.04223,0.037311,0.034156,0.033593,0.033446,0.034383,0.037049
0,0.0039405,0.0076619,0.010718,0.013431,0.015665,0.017495,0.018975,0.020457,0.021869,0.022807,0.02323,0.023121,0.02258,0.021651,0.020479,0.019104,0.017538,0.015963,0.014124,0.011955
0,0.0039217,0.007789,0.011365,0.014896,0.01879,0.022738,0.026557,0.029928,0.032148,0.033045,0.03289,0.031644,0.029606,0.027249,0.02465,0.02177,0.019177,0.017606,0.018113,0.019707
0,0.0055918,0.010633,0.015126,0.019318,0.02375,0.029098,0.036524,0.042908,0.0467,0.048415,0.048495,0.046682,0.043119,0.037517,0.031354,0.026879,0.025794,0.027309,0.030089,0.031936
0,0.0060046,0.011681,0.016713,0.021651,0.026947,0.033037,0.039568,0.045011,0.048806,0.050756,0.050892,0.049275,0.046146,0.042408,0.039298,0.037598,0.037687,0.038654,0.04007,0.040944
0,0.005151,0.0103,0.015258,0.019787,0.02325,0.026114,0.028863,0.030868,0.032504,0.033468,0.033569,0.032756,0.031041,0.029297,0.029409,0.031791,0.034631,0.036411,0.037285,0.038219
0,0.0043331,0.0080362,0.011001,0.013558,0.016149,0.018694,0.020769,0.022311,0.023455,0.0241,0.024273,0.023935,0.023264,0.022373,0.021183,0.01965,0.017711,0.01562,0.013522,0.010731
0,0.0039999,0.0076948,0.010933,0.014172,0.017623,0.020951,0.023945,0.026677,0.028647,0.029689,0.029602,0.0284,0.026525,0.024303,0.022147,0.019958,0.018035,0.016756,0.015757,0.015454
0,0.0047118,0.008916,0.012594,0.016225,0.020556,0.028583,0.038281,0.046268,0.050883,0.052762,0.052661,0.050363,0.04634,0.040583,0.034134,0.029167,0.026967,0.027075,0.028807,0.031293
0,0.0050843,0.010118,0.015446,0.022118,0.030594,0.042248,0.053291,0.061511,0.065615,0.06741,0.067404,0.065427,0.061493,0.054667,0.045673,0.036797,0.032777,0.032106,0.033367,0.035513
0,0.0062746,0.012959,0.020545,0.030449,0.041227,0.051637,0.060136,0.065382,0.068264,0.069501,0.069277,0.067478,0.063697,0.058323,0.051478,0.044926,0.040981,0.040002,0.040326,0.040884
0,0.0039548,0.0072456,0.009951,0.012316,0.01459,0.016929,0.018953,0.020525,0.021762,0.022566,0.022838,0.022627,0.022154,0.021455,0.020423,0.0192,0.017542,0.015523,0.01315,0.01041
0,0.0031179,0.0062842,0.009576,0.013076,0.017013,0.020903,0.024166,0.026569,0.028334,0.02925,0.029207,0.028145,0.026549,0.024631,0.022422,0.019929,0.017304,0.014934,0.013264,0.012912
0,0.0034249,0.0069178,0.010581,0.014528,0.019984,0.02901,0.039589,0.04718,0.051201,0.052703,0.052463,0.050297,0.046479,0.04073,0.032663,0.024535,0.020068,0.020269,0.024003,0.028841
0,0.0047415,0.0095356,0.01455,0.02153,0.032141,0.046891,0.059729,0.067597,0.071387,0.07312,0.073316,0.071826,0.068707,0.062437,0.052676,0.04102,0.032429,0.030267,0.031212,0.033528
0,0.0061412,0.01266,0.020935,0.031742,0.044398,0.057511,0.06761,0.072441,0.074992,0.076348,0.076231,0.074417,0.070553,0.064105,0.054828,0.04591,0.040657,0.040018,0.042437,0.045225
0,0.0037903,0.0072646,0.010199,0.013042,0.015759,0.018761,0.020961,0.022535,0.023722,0.024369,0.024492,0.024133,0.023383,0.022358,0.021201,0.019621,0.017602,0.015581,0.013741,0.011447
0,0.0036481,0.0071949,0.010671,0.014279,0.01803,0.021847,0.024762,0.027168,0.028924,0.029783,0.02969,0.028729,0.027239,0.025481,0.023475,0.02128,0.018791,0.016147,0.014318,0.013801
0,0.0044726,0.0087502,0.013106,0.017366,0.021674,0.028444,0.038118,0.046045,0.050596,0.052445,0.052147,0.0496,0.045091,0.038748,0.032229,0.027811,0.026337,0.027035,0.029127,0.031571
0,0.0050209,0.0098738,0.014904,0.021118,0.029905,0.042285,0.054957,0.063029,0.066777,0.06855,0.068834,0.067126,0.062458,0.053774,0.04329,0.034708,0.03172,0.031425,0.032922,0.035302
0,0.007154,0.015604,0.025774,0.037245,0.047058,0.054949,0.061863,0.066566,0.069381,0.070589,0.070123,0.068259,0.064667,0.060231,0.053961,0.047399,0.04435,0.04515,0.046493,0.050189
0,0.0033435,0.0066081,0.0092078,0.011683,0.014087,0.01684,0.019283,0.021038,0.022473,0.02337,0.023638,0.023301,0.022575,0.02153,0.020289,0.018825,0.017066,0.01526,0.013764,0.011713
0,0.0040938,0.0080887,0.011972,0.015777,0.019721,0.023165,0.026132,0.028823,0.030686,0.031594,0.031574,0.030338,0.028144,0.025612,0.02325,0.020648,0.018009,0.016111,0.015581,0.016571
0,0.0046918,0.008989,0.013301,0.01762,0.021979,0.028022,0.037042,0.045704,0.050641,0.052744,0.052682,0.050546,0.046654,0.040565,0.033743,0.029103,0.02829,0.028998,0.030468,0.032312
0,0.0050162,0.0096157,0.014283,0.019695,0.027369,0.038106,0.049044,0.056392,0.059545,0.060976,0.061173,0.059806,0.055989,0.048835,0.040193,0.032986,0.030415,0.030247,0.031916,0.034355
0,0.006794,0.012794,0.01788,0.023927,0.030804,0.038149,0.045395,0.05088,0.054342,0.056162,0.056164,0.05428,0.050485,0.04534,0.039878,0.037226,0.037843,0.03922,0.042306,0.044922
0,0.0040706,0.0072335,0.0096646,0.011846,0.013927,0.0156,0.016949,0.018218,0.019361,0.020013,0.02025,0.020029,0.019445,0.018601,0.017591,0.016503,0.015395,0.013974,0.012511,0.010994
0,0.0042781,0.0084283,0.012132,0.01613,0.020268,0.024064,0.027216,0.029762,0.031682,0.032653,0.032749,0.031726,0.029829,0.027377,0.024788,0.021958,0.019504,0.018391,0.018413,0.019257
0,0.0050703,0.0097303,0.014124,0.017946,0.021895,0.02796,0.036953,0.045142,0.049777,0.051731,0.051802,0.049822,0.046015,0.039743,0.033076,0.02859,0.027679,0.028551,0.030467,0.032994
0,0.0063595,0.012096,0.01739,0.022973,0.030673,0.039993,0.047889,0.053797,0.056985,0.058101,0.057994,0.056436,0.053002,0.047517,0.041207,0.036568,0.034951,0.034965,0.03614,0.037869
0,0.005982,0.01106,0.015609,0.019809,0.024507,0.029887,0.035171,0.039173,0.041668,0.043319,0.043738,0.042696,0.04049,0.038121,0.037216,0.038081,0.040117,0.042149,0.045083,0.04799
0,0.0043469,0.0087269,0.012458,0.015243,0.017627,0.020054,0.022222,0.023966,0.025276,0.026023,0.026203,0.025907,0.025285,0.024413,0.02321,0.021723,0.019801,0.018009,0.016067,0.01294
0,0.0039053,0.0072486,0.010168,0.013034,0.016407,0.020473,0.023933,0.026776,0.028887,0.029954,0.029957,0.028793,0.026785,0.024311,0.021767,0.019015,0.016673,0.014609,0.013581,0.014043
0,0.0052291,0.010042,0.014368,0.019029,0.025649,0.033146,0.039762,0.044986,0.048548,0.050077,0.050003,0.048309,0.045054,0.040371,0.034938,0.029308,0.024838,0.023703,0.025307,0.028691
0,0.0061026,0.011515,0.016469,0.022498,0.030211,0.040075,0.050289,0.057786,0.061743,0.063476,0.063404,0.06152,0.057947,0.051928,0.043282,0.034932,0.031036,0.031559,0.033988,0.036005
0,0.0059864,0.012218,0.019417,0.02867,0.039257,0.050189,0.059434,0.065464,0.068307,0.069785,0.070007,0.068736,0.06539,0.0602,0.052844,0.044603,0.038588,0.036655,0.037106,0.038068
0,0.0048232,0.0092094,0.013179,0.016167,0.018664,0.020805,0.02272,0.024401,0.025705,0.026551,0.026812,0.026564,0.025907,0.024997,0.02385,0.022454,0.020794,0.019376,0.017863,0.015556
0,0.0032294,0.0063335,0.0094082,0.012778,0.01663,0.020811,0.024288,0.026936,0.028924,0.029864,0.029705,0.028443,0.026657,0.024452,0.021856,0.019174,0.016422,0.014022,0.012552,0.013048
0,0.0045929,0.0089558,0.013582,0.018843,0.025886,0.033855,0.040543,0.045629,0.04861,0.049773,0.04946,0.047684,0.044496,0.039805,0.033568,0.026069,0.020568,0.019639,0.02203,0.026109
0,0.0056346,0.010834,0.015825,0.022838,0.032564,0.044896,0.05689,0.06398,0.067567,0.06917,0.069107,0.067554,0.064356,0.058836,0.049833,0.038544,0.030892,0.030195,0.032565,0.035037
0,0.0066338,0.012722,0.020416,0.030818,0.042649,0.055288,0.066257,0.071953,0.074372,0.075903,0.076416,0.075623,0.072077,0.065645,0.056579,0.046437,0.040104,0.038672,0.04052,0.043144
0,0.0045958,0.008856,0.012593,0.015869,0.018673,0.021467,0.02376,0.025503,0.026876,0.02762,0.027767,0.027423,0.026694,0.025616,0.024219,0.022454,0.020633,0.019101,0.017323,0.014396
0,0.0031303,0.0061898,0.0092353,0.01258,0.01597,0.019988,0.024067,0.027043,0.029062,0.029981,0.029697,0.028422,0.026486,0.024435,0.022277,0.019692,0.017006,0.014527,0.012793,0.012727
0,0.0052884,0.010514,0.015475,0.020409,0.026477,0.034388,0.041197,0.046374,0.049762,0.051305,0.051091,0.048969,0.045302,0.040307,0.034199,0.027973,0.024254,0.023794,0.025491,0.028605
0,0.005678,0.010639,0.015225,0.020826,0.02896,0.03979,0.051602,0.059501,0.063237,0.06484,0.064943,0.063103,0.058881,0.051346,0.041191,0.032474,0.029678,0.031315,0.034316,0.036864
0,0.0072384,0.015545,0.025494,0.036009,0.045638,0.054161,0.060669,0.064835,0.067315,0.068526,0.068703,0.067826,0.064888,0.060431,0.053612,0.045731,0.039818,0.039058,0.039959,0.042328
0,0.004235,0.0082626,0.011875,0.015002,0.017626,0.020364,0.022738,0.024711,0.026374,0.027473,0.027834,0.027496,0.026661,0.025442,0.023912,0.022162,0.02047,0.019163,0.017769,0.015369
0,0.0039381,0.0076656,0.011112,0.014421,0.017712,0.021581,0.025311,0.028396,0.030571,0.03163,0.03155,0.030092,0.027552,0.024446,0.021353,0.01849,0.016361,0.015066,0.015248,0.016071
0,0.0056903,0.01101,0.015692,0.020744,0.026766,0.034195,0.041697,0.047337,0.050621,0.052193,0.052046,0.050082,0.046573,0.041529,0.035151,0.028878,0.025906,0.025866,0.027456,0.029809
0,0.0061845,0.011822,0.016283,0.021485,0.02867,0.038115,0.048347,0.055679,0.058961,0.060542,0.060685,0.059012,0.054869,0.04821,0.039264,0.032149,0.029891,0.031248,0.03362,0.035873
0,0.0065862,0.012837,0.018363,0.023926,0.030496,0.037699,0.045048,0.050464,0.053938,0.056003,0.056626,0.055157,0.051324,0.045776,0.039973,0.036552,0.03678,0.038078,0.040159,0.041589
0,0.0043994,0.0086239,0.011854,0.014629,0.017021,0.018895,0.020495,0.022152,0.0236,0.024506,0.024903,0.02478,0.024221,0.023328,0.022163,0.020904,0.019377,0.017801,0.015895,0.013565
0,0.0036779,0.0069692,0.010379,0.01386,0.017441,0.021391,0.025726,0.029226,0.031689,0.032813,0.032731,0.031438,0.029137,0.02623,0.022768,0.019355,0.017709,0.017198,0.018223,0.019895
0,0.0052834,0.010112,0.014382,0.01916,0.02473,0.031969,0.039435,0.045157,0.048552,0.050319,0.050323,0.048417,0.044873,0.039631,0.033161,0.02731,0.024632,0.025446,0.027995,0.031074
0,0.006748,0.012812,0.01814,0.023682,0.029923,0.037684,0.044966,0.050658,0.054138,0.05557,0.055514,0.05397,0.050907,0.046323,0.040496,0.035835,0.035078,0.036716,0.038763,0.040447
0,0.0071698,0.012924,0.017532,0.021462,0.025859,0.031149,0.036375,0.040621,0.043533,0.045435,0.046288,0.045723,0.043668,0.041316,0.039851,0.039977,0.041517,0.043211,0.045304,0.047074
0,0.0057782,0.011384,0.016657,0.021913,0.02598,0.028589,0.030151,0.031876,0.033418,0.034346,0.034455,0.03402,0.033191,0.032373,0.031708,0.031209,0.030994,0.030431,0.028694,0.025015
0,0.006534,0.012861,0.018626,0.023447,0.027695,0.031146,0.034402,0.038215,0.040623,0.041804,0.041843,0.040854,0.038731,0.036175,0.034288,0.033657,0.033797,0.033549,0.032485,0.029482
0,0.0055795,0.011364,0.016667,0.021368,0.025808,0.031205,0.037901,0.043979,0.047425,0.049094,0.049333,0.04831,0.0457,0.042528,0.03997,0.039441,0.040659,0.042514,0.043061,0.041299
0,0.0068282,0.013713,0.019724,0.023187,0.026582,0.031323,0.036101,0.039179,0.040749,0.040689,0.040054,0.039055,0.03743,0.035176,0.033157,0.03232,0.034165,0.037367,0.04008,0.03972
0,0.0046263,0.0095301,0.01453,0.019553,0.024274,0.02842,0.031435,0.033301,0.034608,0.035145,0.035009,0.034561,0.03379,0.032426,0.030658,0.028767,0.02777,0.028798,0.030066,0.029952
0,0.0063404,0.012071,0.017261,0.021644,0.024635,0.026698,0.02892,0.031012,0.032527,0.033306,0.033306,0.03275,0.031789,0.03068,0.029867,0.029346,0.029015,0.028053,0.025586,0.021374
0,0.0050752,0.0098814,0.014549,0.019003,0.023359,0.027337,0.031059,0.035181,0.03807,0.039712,0.039958,0.038925,0.036245,0.032878,0.030125,0.028159,0.027084,0.026227,0.024895,0.02197
0,0.005588,0.010727,0.015697,0.019965,0.024014,0.029492,0.034975,0.039657,0.042534,0.043981,0.04407,0.043241,0.041133,0.037886,0.034545,0.033176,0.034226,0.036634,0.037731,0.036417
0,0.0072835,0.014491,0.0204,0.024656,0.029352,0.035549,0.04042,0.042958,0.0435,0.043074,0.042511,0.041713,0.04008,0.036976,0.033486,0.030912,0.031761,0.035496,0.038364,0.038316
0,0.0052643,0.010618,0.015642,0.020313,0.024822,0.028588,0.031511,0.033068,0.033715,0.033769,0.033386,0.032891,0.032044,0.030599,0.028403,0.026434,0.0258,0.02837,0.032937,0.03572
0,0.0059616,0.011561,0.016898,0.021387,0.024872,0.02728,0.029162,0.030951,0.032489,0.0333,0.033329,0.032835,0.031959,0.031111,0.030577,0.030214,0.030047,0.029609,0.028167,0.024749
0,0.0046172,0.0093345,0.013942,0.018399,0.022426,0.025942,0.029415,0.033119,0.036025,0.037627,0.03762,0.036371,0.033984,0.031034,0.028399,0.026302,0.025073,0.024168,0.023029,0.021388
0,0.0047896,0.010123,0.015046,0.019562,0.024289,0.030227,0.036351,0.04083,0.043415,0.044779,0.044869,0.043837,0.041475,0.038306,0.035589,0.035186,0.036501,0.038763,0.039545,0.037835
0,0.0065422,0.012722,0.017512,0.021646,0.027199,0.03347,0.038096,0.039902,0.040287,0.040223,0.03974,0.03918,0.037886,0.034994,0.031075,0.028367,0.030099,0.035109,0.037325,0.036315
0,0.0059194,0.012608,0.019006,0.024026,0.027491,0.030238,0.031869,0.032907,0.033309,0.033293,0.032971,0.032695,0.032244,0.031454,0.030219,0.029119,0.028578,0.029339,0.032595,0.037641
0,0.0054385,0.010583,0.015192,0.019324,0.022724,0.025218,0.027116,0.029163,0.030818,0.031644,0.031655,0.031171,0.030351,0.0295,0.028938,0.02846,0.027823,0.026934,0.025033,0.021836
0,0.0056989,0.011503,0.01708,0.021726,0.025971,0.029622,0.032818,0.03632,0.039237,0.040833,0.0411,0.040181,0.038097,0.035683,0.033879,0.033029,0.03314,0.033269,0.031848,0.028026
0,0.0050273,0.010457,0.01591,0.020618,0.025431,0.031221,0.036597,0.040253,0.042549,0.04359,0.043476,0.04245,0.040458,0.037524,0.034477,0.033377,0.034542,0.036732,0.037942,0.036851
0,0.0069233,0.01321,0.01752,0.021978,0.027306,0.032385,0.035182,0.03585,0.035771,0.035507,0.034999,0.034365,0.033321,0.03135,0.028882,0.026685,0.027536,0.031164,0.032794,0.031918
0,0.0047109,0.0093489,0.013828,0.017607,0.021009,0.024048,0.026119,0.027713,0.02839,0.028231,0.027702,0.027093,0.026668,0.026403,0.026081,0.025681,0.025531,0.025836,0.028667,0.031951
0,0.0059354,0.011743,0.016661,0.02109,0.024689,0.027236,0.028865,0.03045,0.031922,0.032682,0.032825,0.032606,0.032106,0.031595,0.031288,0.03117,0.031032,0.030526,0.028917,0.025818
0,0.0053339,0.010749,0.016091,0.020836,0.024727,0.028335,0.031727,0.035763,0.039081,0.040696,0.040943,0.039915,0.037593,0.034862,0.03236,0.030904,0.031048,0.032463,0.032943,0.030641
0,0.0042329,0.009006,0.014244,0.01943,0.024452,0.029703,0.034586,0.037963,0.039856,0.040758,0.040859,0.04008,0.038234,0.035288,0.032467,0.031391,0.032767,0.035509,0.037282,0.036281
0,0.0060325,0.012376,0.018657,0.024752,0.030626,0.035482,0.037495,0.038068,0.038446,0.038539,0.038321,0.038205,0.037979,0.037489,0.036809,0.03622,0.036606,0.039229,0.042095,0.04256
0,0.0041857,0.0082639,0.012173,0.015694,0.018535,0.020406,0.021877,0.023258,0.024387,0.025154,0.025887,0.026628,0.027565,0.028722,0.029865,0.030726,0.031272,0.031927,0.033466,0.036532
0,0.0055575,0.010968,0.015762,0.020099,0.023341,0.025481,0.027361,0.029522,0.031442,0.032485,0.032646,0.032201,0.03141,0.030462,0.029517,0.028638,0.0281,0.027385,0.025263,0.02127
0,0.0062078,0.012448,0.018266,0.023301,0.027425,0.031163,0.035146,0.038925,0.04113,0.042322,0.042474,0.041664,0.039758,0.037498,0.03537,0.034473,0.034329,0.034204,0.033599,0.031172
0,0.0062824,0.012785,0.018898,0.024338,0.029319,0.034809,0.041563,0.048048,0.052039,0.053786,0.053978,0.052844,0.049752,0.045073,0.040771,0.039229,0.039795,0.040854,0.041113,0.039727
0,0.0059044,0.011802,0.017509,0.023081,0.029491,0.03633,0.043254,0.048418,0.051251,0.052025,0.051363,0.049899,0.047572,0.044408,0.041148,0.039317,0.040196,0.042752,0.044858,0.0449
0,0.0059457,0.012549,0.019478,0.025888,0.032484,0.038307,0.042268,0.044283,0.045149,0.044953,0.044277,0.04331,0.041774,0.039773,0.037122,0.033957,0.031391,0.032562,0.034786,0.034774
0,0.0052543,0.010547,0.015382,0.019871,0.023367,0.026035,0.028437,0.030665,0.032271,0.033047,0.033022,0.03247,0.031622,0.030658,0.029841,0.029317,0.029105,0.028445,0.026288,0.022062
0,0.004803,0.009486,0.014034,0.018317,0.022318,0.025882,0.029652,0.033485,0.035852,0.037282,0.037495,0.036627,0.034668,0.031871,0.029228,0.027244,0.026208,0.026254,0.025545,0.023086
0,0.006243,0.012305,0.018084,0.02291,0.027447,0.033482,0.039622,0.044607,0.047871,0.049465,0.049563,0.04852,0.04613,0.041887,0.036623,0.033696,0.03361,0.035112,0.036401,0.036304
0,0.0061302,0.012109,0.017862,0.024066,0.031373,0.039245,0.046237,0.051173,0.054299,0.055109,0.054517,0.053031,0.050111,0.045809,0.040484,0.03619,0.035259,0.037674,0.040505,0.041302
0,0.0061324,0.012663,0.019471,0.026285,0.032738,0.037845,0.041264,0.04277,0.043012,0.042771,0.042391,0.041946,0.041036,0.039117,0.035747,0.031268,0.029132,0.033473,0.03903,0.04237
0,0.005303,0.01002,0.014238,0.018042,0.02119,0.023745,0.025889,0.028134,0.030089,0.03107,0.031171,0.030619,0.029706,0.02868,0.027761,0.027035,0.02661,0.026179,0.024321,0.020375
0,0.0045857,0.0093539,0.013839,0.017918,0.021853,0.02541,0.029033,0.032858,0.035808,0.037515,0.037944,0.037065,0.035028,0.032092,0.029456,0.027164,0.026014,0.025394,0.024935,0.023325
0,0.0055683,0.0116,0.017534,0.023078,0.028177,0.034064,0.040248,0.045026,0.047977,0.049293,0.049441,0.048531,0.045836,0.04148,0.037492,0.036281,0.037232,0.038886,0.039607,0.037893
0,0.005651,0.011254,0.017085,0.023096,0.029697,0.036285,0.04205,0.046442,0.048569,0.048988,0.048342,0.046969,0.044237,0.040294,0.035878,0.032965,0.033663,0.037574,0.040887,0.04163
0,0.0068247,0.014389,0.022234,0.029265,0.034567,0.037385,0.038465,0.039518,0.040292,0.040313,0.03976,0.039326,0.038917,0.038458,0.037357,0.035295,0.033605,0.035329,0.040444,0.046276
0,0.0047484,0.0092255,0.013212,0.017038,0.020105,0.022421,0.024514,0.026676,0.028561,0.029512,0.0296,0.029075,0.028179,0.027172,0.026387,0.025733,0.025166,0.024587,0.022838,0.019186
0,0.0048308,0.0098737,0.014713,0.019408,0.023776,0.027541,0.031079,0.03475,0.037474,0.038883,0.039202,0.038552,0.036722,0.034577,0.032675,0.031557,0.03127,0.031711,0.031741,0.029242
0,0.0056612,0.011899,0.018174,0.023861,0.029046,0.034921,0.040815,0.045374,0.047974,0.048968,0.048906,0.047884,0.045316,0.041267,0.03696,0.034795,0.03519,0.036766,0.038386,0.038018
0,0.0062518,0.012043,0.017526,0.02326,0.029074,0.034838,0.038664,0.041032,0.042035,0.042057,0.041639,0.040876,0.03906,0.035999,0.032269,0.029453,0.029445,0.032572,0.035796,0.036522
0,0.0059669,0.011679,0.01668,0.020913,0.024123,0.0269,0.029121,0.030781,0.031716,0.032263,0.032415,0.032116,0.031625,0.030886,0.029872,0.028703,0.027925,0.029565,0.0346,0.037701
0,0.0053625,0.010459,0.015084,0.019099,0.022158,0.024715,0.026537,0.028239,0.029818,0.030792,0.031065,0.030794,0.03023,0.02963,0.028962,0.028718,0.028471,0.028001,0.026145,0.022319
0,0.0047173,0.0095361,0.014333,0.018945,0.023318,0.027265,0.031156,0.035506,0.038203,0.039561,0.039777,0.038944,0.037025,0.034514,0.032183,0.030379,0.029712,0.030632,0.032031,0.031289
0,0.0051851,0.010886,0.01672,0.0223,0.027754,0.033696,0.039187,0.043593,0.04596,0.046875,0.046808,0.045823,0.043371,0.039504,0.035123,0.0328,0.033286,0.035375,0.037837,0.037642
0,0.0070992,0.013964,0.020011,0.025267,0.030001,0.034225,0.037194,0.038696,0.039648,0.039808,0.039445,0.038754,0.037805,0.036676,0.035321,0.034445,0.035483,0.03906,0.042742,0.045183
0,0.0049874,0.0098374,0.014292,0.01794,0.020579,0.022398,0.02354,0.024596,0.02581,0.027084,0.027941,0.028471,0.028905,0.029884,0.031206,0.031726,0.031838,0.032854,0.036372,0.041129
0,0.0053102,0.010364,0.014972,0.019432,0.023328,0.025813,0.027694,0.029705,0.031519,0.032509,0.032596,0.032142,0.031314,0.030482,0.029644,0.028896,0.028465,0.027761,0.025835,0.022284
0,0.00581,0.011471,0.016971,0.022024,0.026166,0.029526,0.03302,0.036608,0.039233,0.040741,0.041168,0.040468,0.038752,0.036276,0.034006,0.032723,0.032348,0.031832,0.030773,0.028713
0,0.0063176,0.012869,0.019432,0.025048,0.030033,0.035876,0.043041,0.049606,0.053682,0.055743,0.05604,0.05479,0.051481,0.046415,0.041139,0.038139,0.038011,0.038961,0.039389,0.037926
0,0.0055897,0.011771,0.018231,0.024826,0.032579,0.040757,0.04798,0.053172,0.055733,0.056689,0.056145,0.054517,0.051533,0.047778,0.04369,0.040385,0.039655,0.041642,0.043474,0.043856
0,0.0073781,0.015209,0.023787,0.032343,0.042061,0.050631,0.054597,0.055314,0.054414,0.053383,0.052767,0.052334,0.051841,0.050848,0.048245,0.042563,0.036412,0.035556,0.039455,0.04209
0,0.0050168,0.010071,0.014731,0.018923,0.022382,0.025274,0.027971,0.030189,0.031821,0.032789,0.032877,0.032364,0.031419,0.030334,0.029329,0.028545,0.028159,0.027234,0.025073,0.021116
0,0.004756,0.0093968,0.013654,0.017949,0.022247,0.026164,0.030206,0.034008,0.036766,0.03857,0.039149,0.038392,0.036206,0.033304,0.030626,0.028444,0.027047,0.02598,0.024537,0.022117
0,0.0061145,0.012313,0.017741,0.022473,0.027854,0.03499,0.04176,0.047357,0.050819,0.052649,0.052767,0.051543,0.048887,0.044354,0.037954,0.03271,0.031107,0.031896,0.03307,0.033117
0,0.0061729,0.01264,0.019414,0.026448,0.035048,0.044296,0.05215,0.057154,0.060133,0.06116,0.060693,0.059333,0.056031,0.051608,0.045599,0.039327,0.036629,0.038032,0.040447,0.042317
0,0.0074376,0.014865,0.023094,0.033406,0.043934,0.052433,0.056373,0.055953,0.054659,0.053493,0.053221,0.053783,0.054102,0.053276,0.04983,0.042443,0.035255,0.034651,0.039533,0.04514
0,0.0049094,0.0096579,0.014077,0.018092,0.02138,0.02406,0.026499,0.028659,0.030481,0.031466,0.031537,0.031011,0.030071,0.029102,0.028256,0.027581,0.027132,0.026505,0.024822,0.021094
0,0.0046391,0.0092322,0.013621,0.018136,0.022204,0.02617,0.030003,0.03371,0.037012,0.038951,0.039626,0.039068,0.037079,0.034479,0.031913,0.029472,0.02775,0.025957,0.02478,0.023163
0,0.0057776,0.01195,0.018166,0.023663,0.029141,0.035747,0.042118,0.047202,0.050336,0.051879,0.051969,0.050744,0.047629,0.043168,0.038279,0.035738,0.035986,0.037367,0.037972,0.036239
0,0.0056768,0.011619,0.018572,0.026243,0.034527,0.042611,0.048653,0.052553,0.054485,0.055105,0.054861,0.053516,0.050629,0.0466,0.041119,0.03557,0.033897,0.036532,0.039579,0.040484
0,0.0080996,0.018502,0.032016,0.044764,0.053508,0.058332,0.059437,0.058968,0.058048,0.057292,0.056813,0.056249,0.055407,0.054759,0.052701,0.047774,0.040062,0.034332,0.037439,0.043155
0,0.0046486,0.0090197,0.013035,0.016691,0.019646,0.022217,0.024582,0.026849,0.028585,0.029532,0.029614,0.029131,0.028333,0.027439,0.026534,0.025822,0.025154,0.024417,0.022589,0.018742
0,0.0047998,0.0097461,0.014927,0.019863,0.024448,0.02864,0.032151,0.035707,0.038777,0.040632,0.04122,0.040654,0.039009,0.036909,0.034786,0.032997,0.032148,0.031875,0.031122,0.02838
0,0.0060238,0.012317,0.018612,0.024683,0.030303,0.036465,0.042674,0.047856,0.050826,0.052231,0.052209,0.050965,0.048217,0.043922,0.038794,0.035354,0.034866,0.036343,0.038044,0.037086
0,0.0058995,0.012196,0.018599,0.026111,0.033825,0.040054,0.044448,0.046615,0.047525,0.047664,0.047396,0.046656,0.044729,0.0417,0.037157,0.032043,0.029792,0.031905,0.034992,0.035711
0,0.0081245,0.015918,0.023804,0.031339,0.037421,0.040832,0.04174,0.041335,0.041098,0.041131,0.04127,0.041389,0.041066,0.040187,0.038304,0.035105,0.031957,0.033882,0.039079,0.040732
0,0.0051401,0.010217,0.014812,0.0187,0.021777,0.024349,0.026345,0.028274,0.030003,0.030889,0.031079,0.030853,0.030345,0.02971,0.029115,0.028715,0.028358,0.027747,0.026159,0.02314
0,0.004942,0.0098478,0.014875,0.019984,0.024933,0.029093,0.032747,0.0368,0.03984,0.041433,0.042005,0.04146,0.039754,0.037265,0.03474,0.032432,0.031115,0.03127,0.031724,0.030273
0,0.0054447,0.011366,0.017261,0.023028,0.028933,0.035198,0.041467,0.046627,0.049535,0.050809,0.05083,0.049687,0.046918,0.042889,0.037623,0.033773,0.033247,0.035085,0.037384,0.036892
0,0.0068471,0.014047,0.020732,0.026771,0.032483,0.037241,0.040875,0.042803,0.043651,0.04388,0.043719,0.043069,0.04175,0.040068,0.037632,0.035155,0.034842,0.037351,0.040678,0.041799
0,0.0068518,0.013575,0.020033,0.025691,0.029708,0.031295,0.030987,0.030171,0.029903,0.029883,0.029836,0.029774,0.029591,0.029194,0.028691,0.027635,0.026784,0.028597,0.033949,0.038261
0,0.0061136,0.011854,0.017228,0.022005,0.025597,0.027983,0.029853,0.03194,0.033617,0.034593,0.034789,0.034277,0.033425,0.032453,0.031419,0.030452,0.029792,0.029039,0.027349,0.023737
0,0.0056288,0.011011,0.016435,0.021434,0.025389,0.0289,0.032559,0.036201,0.038693,0.040111,0.040643,0.040212,0.038835,0.036919,0.03508,0.033664,0.032848,0.032393,0.031542,0.029137
0,0.0072858,0.014116,0.020199,0.025262,0.029706,0.034564,0.04088,0.048145,0.05361,0.056615,0.057383,0.056038,0.052165,0.045822,0.040246,0.037199,0.036468,0.036371,0.036285,0.036831
0,0.0062954,0.0127,0.019198,0.025923,0.034386,0.044152,0.051677,0.057922,0.061555,0.063329,0.063563,0.062454,0.059904,0.055759,0.05016,0.043614,0.039786,0.039986,0.041587,0.042173
0,0.0082029,0.016751,0.025349,0.033262,0.041661,0.050321,0.056012,0.059102,0.060308,0.060154,0.059087,0.057716,0.055802,0.053411,0.050387,0.046356,0.042477,0.043177,0.045985,0.045757
0,0.0062257,0.012301,0.017549,0.021832,0.024887,0.027093,0.029066,0.030824,0.032235,0.033046,0.033183,0.03277,0.031987,0.031114,0.030361,0.029661,0.029128,0.028405,0.026433,0.022584
0,0.0044122,0.0085913,0.012559,0.016233,0.020023,0.02396,0.028292,0.03218,0.035201,0.036998,0.037633,0.037081,0.035236,0.032491,0.029729,0.027227,0.025275,0.023839,0.022415,0.020474
0,0.0072953,0.01352,0.018811,0.023229,0.027173,0.032339,0.039313,0.047032,0.051589,0.053553,0.054109,0.053261,0.05053,0.044898,0.037478,0.033117,0.031989,0.032385,0.033685,0.035172
0,0.0063583,0.013226,0.020369,0.028965,0.039602,0.050283,0.058569,0.064527,0.068185,0.069873,0.070421,0.069666,0.067392,0.062908,0.05659,0.047805,0.040832,0.038676,0.040183,0.042409
0,0.0078449,0.01598,0.024557,0.032886,0.041636,0.050236,0.056072,0.058624,0.059065,0.058674,0.058073,0.057575,0.056265,0.053637,0.049386,0.0441,0.039814,0.043512,0.050249,0.054031
0,0.0055961,0.011063,0.016102,0.020473,0.023769,0.026044,0.028249,0.030257,0.031876,0.032881,0.032989,0.032471,0.03168,0.030808,0.029853,0.028953,0.028221,0.027411,0.026026,0.022836
0,0.0039313,0.0082037,0.012545,0.016899,0.021083,0.025418,0.029879,0.033919,0.036842,0.038634,0.039228,0.038623,0.0368,0.034296,0.031608,0.028984,0.026822,0.025265,0.024112,0.022363
0,0.0066926,0.013519,0.019439,0.025159,0.029986,0.0349,0.041484,0.048304,0.052926,0.055188,0.055808,0.054901,0.051679,0.04608,0.040187,0.037446,0.037197,0.037825,0.038014,0.037766
0,0.0057939,0.011915,0.018688,0.026857,0.037138,0.046557,0.053651,0.058576,0.061063,0.062348,0.062656,0.061896,0.059715,0.056114,0.050356,0.042072,0.037429,0.037496,0.040231,0.04231
0,0.0084263,0.016871,0.024958,0.033326,0.042635,0.049298,0.051627,0.051879,0.052066,0.052235,0.051747,0.051122,0.050709,0.051151,0.050283,0.04676,0.04352,0.045863,0.053696,0.060775
0,0.0050382,0.0099957,0.01462,0.01836,0.021569,0.024079,0.026163,0.028204,0.029705,0.030598,0.030785,0.030334,0.029562,0.028654,0.02776,0.027007,0.026278,0.025311,0.023607,0.02064
0,0.0046306,0.0093758,0.014091,0.018655,0.022892,0.02681,0.030684,0.03458,0.037626,0.039443,0.039889,0.039202,0.03747,0.0352,0.032913,0.031118,0.030246,0.029719,0.02902,0.025937
0,0.0066904,0.013889,0.020256,0.025868,0.030371,0.035581,0.041973,0.047985,0.051947,0.053947,0.054482,0.053561,0.050601,0.045867,0.039865,0.036728,0.036026,0.036938,0.038864,0.039552
0,0.0061043,0.012175,0.018787,0.026718,0.035868,0.043214,0.049045,0.052828,0.054535,0.055237,0.055126,0.054517,0.052988,0.050084,0.045545,0.038979,0.03403,0.03388,0.037,0.038557
0,0.0079399,0.014949,0.021139,0.027073,0.032378,0.036344,0.038812,0.03987,0.040169,0.0403,0.04069,0.04093,0.040902,0.040414,0.038712,0.036142,0.035847,0.040952,0.048467,0.051118
0,0.0059651,0.011754,0.016744,0.020718,0.023443,0.025541,0.027334,0.028639,0.029942,0.030903,0.031274,0.031081,0.030579,0.029929,0.029246,0.028781,0.028268,0.02753,0.026275,0.023378
0,0.0048169,0.009661,0.014416,0.01893,0.023402,0.027677,0.031603,0.035677,0.038697,0.040488,0.041061,0.040388,0.038436,0.035771,0.033197,0.031173,0.030157,0.030142,0.030256,0.028474
0,0.0063102,0.012898,0.019284,0.02481,0.029791,0.035172,0.042231,0.049047,0.052549,0.054222,0.054423,0.053628,0.051483,0.047275,0.041378,0.037756,0.037347,0.038572,0.041121,0.042552
0,0.0069911,0.014168,0.022065,0.029974,0.037833,0.044207,0.048704,0.051805,0.053625,0.054661,0.055053,0.054897,0.054188,0.052927,0.050157,0.045236,0.041003,0.041408,0.045064,0.047682
0,0.0058775,0.011776,0.017745,0.023438,0.02801,0.030699,0.031685,0.031962,0.032494,0.033226,0.03423,0.035106,0.035597,0.036082,0.036526,0.036898,0.03833,0.043393,0.049819,0.053641
0,0.0056186,0.010979,0.016008,0.020636,0.024899,0.02786,0.029806,0.031896,0.033561,0.034467,0.034573,0.03411,0.03329,0.032449,0.03175,0.031415,0.031247,0.030661,0.028552,0.024596
0,0.0055306,0.010889,0.01574,0.019945,0.023504,0.026361,0.029135,0.032157,0.03444,0.035811,0.036334,0.035832,0.034214,0.03222,0.030501,0.029582,0.029079,0.02831,0.026695,0.025141
0,0.0060719,0.012677,0.018903,0.024297,0.029689,0.035789,0.043363,0.050213,0.054393,0.056489,0.056841,0.055584,0.052322,0.047459,0.041843,0.037244,0.035255,0.034521,0.034603,0.035163
0,0.0065823,0.013471,0.020246,0.026483,0.033972,0.042853,0.050471,0.056638,0.060422,0.06181,0.061249,0.059486,0.056491,0.052351,0.046967,0.041417,0.03871,0.039655,0.040928,0.041073
0,0.0069944,0.014863,0.023818,0.032513,0.041072,0.049293,0.055121,0.058417,0.0597,0.059764,0.058808,0.057345,0.055479,0.053351,0.050471,0.04608,0.041172,0.040943,0.04333,0.043681
0,0.0056139,0.011224,0.016281,0.020732,0.024416,0.027199,0.02992,0.03212,0.033604,0.034419,0.034438,0.033921,0.033046,0.032076,0.031387,0.031242,0.031061,0.030088,0.027549,0.023054
0,0.00459,0.0087836,0.012592,0.015907,0.019371,0.022951,0.026581,0.029858,0.032591,0.034412,0.035049,0.034271,0.032188,0.029559,0.026803,0.024454,0.023166,0.022245,0.021106,0.020052
0,0.0059839,0.011877,0.017082,0.022237,0.028391,0.036121,0.043918,0.049934,0.053674,0.055549,0.055793,0.054769,0.051925,0.047143,0.040118,0.033595,0.029972,0.029041,0.030034,0.031346
0,0.0067704,0.014036,0.020933,0.028416,0.038041,0.04757,0.055922,0.062488,0.066628,0.068606,0.068329,0.066689,0.063731,0.058996,0.051997,0.043073,0.037255,0.037501,0.040091,0.042071
0,0.0074661,0.0155,0.024232,0.033128,0.041548,0.049147,0.05464,0.057943,0.059031,0.058921,0.058344,0.057803,0.056526,0.05437,0.05102,0.045501,0.040142,0.04225,0.04717,0.050456
0,0.0052554,0.010588,0.015528,0.019719,0.023503,0.026198,0.028555,0.030623,0.032317,0.033289,0.033311,0.032804,0.031945,0.031065,0.030419,0.030182,0.030094,0.029712,0.027904,0.023559
0,0.0042554,0.0082929,0.012389,0.015982,0.019442,0.023004,0.026711,0.030234,0.033518,0.035552,0.035964,0.03498,0.03273,0.030169,0.027596,0.025156,0.023319,0.021824,0.02095,0.020889
0,0.0064419,0.013103,0.019385,0.025082,0.030979,0.037616,0.044609,0.050672,0.054334,0.055985,0.05621,0.055101,0.052008,0.047286,0.041321,0.036574,0.034614,0.034404,0.034369,0.034174
0,0.0062667,0.012421,0.018605,0.025869,0.034785,0.044093,0.051667,0.057249,0.060023,0.061027,0.060837,0.059693,0.057223,0.052983,0.046933,0.039103,0.034759,0.036351,0.039451,0.040528
0,0.0080532,0.016714,0.025616,0.034494,0.041925,0.047338,0.049467,0.05043,0.051423,0.051964,0.051978,0.05184,0.051833,0.052056,0.050647,0.046585,0.04118,0.042195,0.049103,0.054719
0,0.004939,0.0096512,0.014018,0.017901,0.020967,0.023673,0.026229,0.028499,0.030151,0.031033,0.031078,0.030598,0.029808,0.028915,0.028243,0.027762,0.02734,0.0265,0.024346,0.020383
0,0.0049452,0.0099099,0.014793,0.019189,0.023042,0.026369,0.02948,0.033007,0.03597,0.037814,0.038394,0.037755,0.035658,0.033192,0.031075,0.029598,0.02883,0.028252,0.02737,0.02566
0,0.0065415,0.013179,0.019611,0.025565,0.031501,0.038117,0.045074,0.051411,0.054581,0.056068,0.056257,0.055131,0.052285,0.047597,0.041719,0.037004,0.034985,0.035188,0.036492,0.03703
0,0.0067904,0.013427,0.020093,0.027334,0.035408,0.042396,0.048258,0.052101,0.054143,0.05502,0.054937,0.054187,0.052407,0.049449,0.04485,0.038988,0.034275,0.035021,0.037934,0.037735
0,0.007473,0.014893,0.021274,0.026838,0.031361,0.035046,0.037877,0.039879,0.040641,0.041148,0.041602,0.04181,0.041706,0.041061,0.039315,0.036511,0.034379,0.037315,0.043381,0.045611
0,0.0051833,0.0106,0.015455,0.01968,0.023327,0.026149,0.028281,0.030084,0.03174,0.032572,0.032752,0.032552,0.032095,0.031643,0.031287,0.0312,0.031131,0.030724,0.028889,0.025357
0,0.0050931,0.010184,0.015055,0.019181,0.022735,0.025737,0.028714,0.032568,0.035943,0.037895,0.03851,0.037753,0.035324,0.032389,0.029865,0.028196,0.027585,0.027444,0.027688,0.027601
0,0.0058462,0.012319,0.01852,0.024393,0.030321,0.036848,0.043918,0.049562,0.052606,0.053806,0.053899,0.053065,0.050553,0.046289,0.040771,0.035824,0.034006,0.034771,0.0368,0.037205
0,0.0071077,0.014638,0.022177,0.029337,0.035993,0.042096,0.047006,0.05018,0.052385,0.053599,0.053632,0.052892,0.051659,0.050096,0.047394,0.043562,0.041269,0.042693,0.045381,0.045005
0,0.0065458,0.012646,0.018175,0.023667,0.028121,0.03125,0.033112,0.033572,0.034155,0.035008,0.036124,0.037048,0.037641,0.038262,0.03875,0.038375,0.038754,0.041825,0.047432,0.050124
0,0.0066754,0.013848,0.021171,0.028059,0.034104,0.039536,0.043507,0.045905,0.047229,0.047905,0.048132,0.048138,0.047952,0.047739,0.047149,0.045696,0.043944,0.041611,0.03755,0.030329
0,0.008751,0.017972,0.026834,0.033788,0.039702,0.044681,0.048493,0.051349,0.053304,0.054242,0.054314,0.053727,0.052928,0.052339,0.052244,0.051909,0.050641,0.048221,0.044344,0.036309
0,0.005823,0.011941,0.018423,0.02495,0.031147,0.036078,0.040669,0.045324,0.049101,0.0506,0.050485,0.04908,0.046759,0.045182,0.045063,0.045935,0.046773,0.046964,0.044248,0.038481
0,0.0067959,0.013992,0.022582,0.031764,0.040228,0.044826,0.04682,0.049059,0.050583,0.050931,0.050614,0.049711,0.048583,0.047589,0.046911,0.046218,0.045327,0.043151,0.040281,0.036583
0,0.006803,0.013723,0.019963,0.025799,0.030238,0.03364,0.035959,0.037706,0.038637,0.039476,0.040203,0.040434,0.040372,0.040118,0.039814,0.039136,0.038384,0.037737,0.036245,0.032997
0,0.0066879,0.014224,0.021993,0.029497,0.036051,0.041569,0.046207,0.048929,0.050309,0.051027,0.051267,0.051223,0.050965,0.050642,0.049872,0.048391,0.046715,0.044861,0.041362,0.034455
0,0.0070299,0.014481,0.021292,0.027287,0.032678,0.03713,0.041183,0.044417,0.04674,0.047667,0.047633,0.04685,0.045538,0.044244,0.043426,0.042598,0.041186,0.038749,0.034537,0.028251
0,0.0060659,0.012916,0.019713,0.026412,0.03219,0.037578,0.042883,0.04799,0.051633,0.053238,0.053238,0.051975,0.049987,0.04871,0.048205,0.048263,0.048322,0.047034,0.043508,0.037694
0,0.0066361,0.014631,0.023262,0.032875,0.042511,0.049026,0.05203,0.054079,0.055466,0.055523,0.054977,0.053931,0.052641,0.05233,0.052915,0.053416,0.053013,0.049983,0.04613,0.042412
0,0.0067256,0.013435,0.020351,0.02556,0.029396,0.032714,0.035502,0.037115,0.037901,0.038503,0.038841,0.038929,0.038899,0.038861,0.038587,0.037816,0.036857,0.036284,0.035971,0.035148
0,0.0059031,0.012408,0.019527,0.026474,0.032728,0.038123,0.041747,0.043937,0.045185,0.045771,0.045962,0.045958,0.045771,0.045454,0.044873,0.043687,0.041986,0.039648,0.035598,0.028543
0,0.0064772,0.013023,0.019257,0.025095,0.030489,0.035484,0.040055,0.043839,0.046339,0.047586,0.047693,0.046952,0.045648,0.044415,0.043417,0.042332,0.040609,0.038137,0.034347,0.028899
0,0.0057331,0.011461,0.017141,0.022316,0.027337,0.032338,0.037624,0.042522,0.04572,0.046602,0.046168,0.044859,0.042742,0.040699,0.039948,0.040375,0.041628,0.042022,0.039368,0.033792
0,0.0068316,0.014284,0.023081,0.032334,0.040056,0.043878,0.046148,0.04823,0.049416,0.049604,0.049357,0.04859,0.047097,0.045706,0.045749,0.046798,0.048201,0.047629,0.044437,0.040661
0,0.0056729,0.012148,0.019333,0.026018,0.032164,0.03741,0.041608,0.044685,0.046151,0.047011,0.047308,0.047012,0.046357,0.045394,0.044429,0.042845,0.040889,0.038327,0.035668,0.033125
0,0.0055346,0.011862,0.018725,0.025364,0.031436,0.036711,0.040812,0.043328,0.044641,0.045263,0.045541,0.045509,0.04522,0.044705,0.043881,0.042575,0.041109,0.039262,0.036054,0.029942
0,0.0063417,0.012639,0.018832,0.025092,0.030866,0.036504,0.04107,0.044196,0.046248,0.047309,0.047294,0.046617,0.045496,0.044751,0.044451,0.043971,0.042768,0.040262,0.036056,0.029626
0,0.0055782,0.011148,0.016572,0.022269,0.02749,0.032412,0.03731,0.041959,0.044845,0.045924,0.045781,0.044809,0.042826,0.040821,0.040141,0.040845,0.042014,0.042502,0.040733,0.035288
0,0.0060475,0.012702,0.020244,0.028248,0.036019,0.040866,0.043582,0.045549,0.046391,0.04657,0.046558,0.046277,0.045562,0.045104,0.04516,0.045628,0.045674,0.044564,0.041844,0.038373
0,0.0058733,0.011885,0.017984,0.023509,0.028285,0.032389,0.036038,0.038466,0.039482,0.039922,0.039975,0.039784,0.03999,0.040306,0.040171,0.039391,0.038225,0.036645,0.034378,0.031323
0,0.006218,0.013089,0.020057,0.026846,0.032683,0.037756,0.041514,0.043672,0.045132,0.045847,0.046098,0.046167,0.046031,0.045747,0.045243,0.044153,0.042811,0.040967,0.037555,0.031133
0,0.0055444,0.011314,0.017283,0.023113,0.028525,0.033393,0.037339,0.040471,0.042755,0.044166,0.044449,0.043879,0.042714,0.041687,0.040982,0.041017,0.04102,0.039645,0.036263,0.029523
0,0.0060031,0.01167,0.016571,0.021298,0.026174,0.031023,0.0357,0.039557,0.04206,0.04325,0.043237,0.04227,0.040014,0.037737,0.036943,0.037826,0.039919,0.041422,0.039623,0.03397
0,0.005944,0.012936,0.020291,0.027655,0.033886,0.039736,0.044105,0.047168,0.048753,0.049927,0.050784,0.051011,0.050678,0.050413,0.050087,0.049416,0.048256,0.04695,0.043746,0.040163
0,0.0049749,0.0099028,0.014928,0.019765,0.024462,0.028436,0.031363,0.033249,0.034474,0.035439,0.036437,0.037556,0.038804,0.039884,0.040396,0.040236,0.039499,0.037982,0.035673,0.033246
0,0.0055985,0.011649,0.017911,0.024164,0.02949,0.034411,0.038022,0.040305,0.041799,0.042575,0.042784,0.042741,0.042535,0.042423,0.04213,0.041397,0.040134,0.038211,0.034978,0.028772
0,0.0073268,0.015261,0.022272,0.028296,0.033653,0.03905,0.043541,0.047,0.049465,0.050707,0.050901,0.050204,0.048992,0.047957,0.047243,0.046473,0.045686,0.044194,0.040731,0.033907
0,0.0065586,0.013395,0.020417,0.027895,0.034681,0.040161,0.044753,0.049938,0.053813,0.055723,0.055507,0.053613,0.050679,0.048635,0.048278,0.048659,0.049068,0.048625,0.045957,0.03933
0,0.0063008,0.01364,0.021243,0.028387,0.035277,0.040541,0.04531,0.049389,0.052178,0.053111,0.052674,0.051341,0.049388,0.046943,0.045088,0.044652,0.045135,0.046238,0.045538,0.042461
0,0.0069515,0.014148,0.021009,0.027787,0.033385,0.038772,0.042373,0.044308,0.045158,0.045265,0.04495,0.044483,0.043579,0.042377,0.041016,0.039797,0.039108,0.038426,0.03666,0.033936
0,0.0061376,0.012661,0.019764,0.026655,0.032275,0.037146,0.04107,0.043722,0.045259,0.046158,0.046458,0.046367,0.046215,0.045947,0.045545,0.044517,0.043027,0.04085,0.037157,0.030962
0,0.0061059,0.012079,0.017988,0.023106,0.028017,0.033162,0.037635,0.041065,0.043584,0.04461,0.044526,0.043593,0.042094,0.040817,0.039651,0.038698,0.037649,0.035924,0.0323,0.02591
0,0.0069165,0.014295,0.021906,0.029143,0.034761,0.039856,0.044549,0.049848,0.054371,0.056193,0.056066,0.054493,0.051724,0.049764,0.048934,0.049086,0.049102,0.047299,0.043568,0.037315
0,0.0070413,0.014979,0.023665,0.032257,0.039265,0.044617,0.049878,0.054175,0.057004,0.057869,0.057448,0.055926,0.053328,0.050791,0.049303,0.04978,0.05156,0.052255,0.050017,0.045476
0,0.0062872,0.013249,0.020136,0.027609,0.034155,0.038998,0.042454,0.044702,0.045523,0.045637,0.045544,0.045244,0.044435,0.043076,0.041478,0.040239,0.039621,0.039496,0.038503,0.037977
0,0.0055755,0.011596,0.017947,0.023804,0.029124,0.033479,0.036518,0.038964,0.040343,0.041111,0.041348,0.041349,0.041352,0.041218,0.040918,0.040183,0.039053,0.03697,0.033332,0.026814
0,0.005404,0.011046,0.017045,0.022807,0.028556,0.034349,0.039648,0.043914,0.046781,0.048087,0.04796,0.046964,0.045517,0.044168,0.042702,0.041525,0.040255,0.038291,0.035097,0.029764
0,0.0065386,0.012919,0.019231,0.025607,0.031614,0.03725,0.042904,0.048362,0.051757,0.053035,0.052534,0.050696,0.047784,0.045157,0.044066,0.04434,0.044963,0.044617,0.041706,0.035485
0,0.0070149,0.014511,0.022544,0.030121,0.036252,0.04135,0.04615,0.04963,0.051587,0.052091,0.051454,0.050129,0.04799,0.045288,0.043536,0.043625,0.045352,0.047747,0.047605,0.043509
0,0.0062964,0.013149,0.020357,0.027864,0.03497,0.040893,0.04578,0.049454,0.051443,0.05227,0.052696,0.052579,0.051849,0.050608,0.049082,0.047366,0.045078,0.042867,0.040988,0.036893
0,0.0054732,0.011405,0.017489,0.02317,0.027977,0.032105,0.03521,0.037338,0.038701,0.039377,0.039711,0.039747,0.03958,0.039391,0.038922,0.038001,0.036731,0.034986,0.031612,0.025646
0,0.0061167,0.012332,0.018342,0.024032,0.029401,0.035034,0.040037,0.043378,0.045685,0.046847,0.046802,0.04602,0.044622,0.043416,0.042668,0.04233,0.041627,0.04004,0.036369,0.030001
0,0.0065777,0.013205,0.019602,0.025465,0.031194,0.036669,0.041565,0.046675,0.050323,0.051672,0.051396,0.04995,0.047208,0.044486,0.043411,0.043794,0.04468,0.044971,0.042792,0.036631
0,0.0066652,0.01387,0.021586,0.029231,0.035335,0.040002,0.043839,0.046559,0.047719,0.048004,0.047548,0.046582,0.044894,0.04282,0.041409,0.041283,0.042968,0.044698,0.043616,0.039494
0,0.0064595,0.01312,0.019921,0.026231,0.031568,0.035652,0.038412,0.040296,0.04164,0.042393,0.0425,0.042331,0.042119,0.042056,0.041722,0.041137,0.040325,0.039054,0.036477,0.032066
0,0.0053611,0.010752,0.015965,0.021149,0.025806,0.030137,0.033349,0.035908,0.037642,0.038531,0.038891,0.039058,0.038991,0.038893,0.038697,0.038065,0.03681,0.034789,0.031612,0.026056
0,0.0049661,0.0098426,0.01507,0.020275,0.025375,0.030726,0.035415,0.039258,0.042211,0.044021,0.044339,0.043496,0.041792,0.040062,0.038717,0.038165,0.038107,0.037174,0.034484,0.029408
0,0.006625,0.013315,0.0195,0.0251,0.030335,0.035558,0.040561,0.045057,0.048193,0.049591,0.049422,0.047952,0.04514,0.042368,0.041453,0.042543,0.044064,0.044809,0.042468,0.036106
0,0.0060223,0.012595,0.019574,0.026588,0.033205,0.038493,0.042617,0.04565,0.047367,0.048112,0.048286,0.048114,0.047358,0.045945,0.044987,0.044604,0.0454,0.047636,0.048008,0.043207
0,0.0052702,0.010816,0.016375,0.021539,0.026473,0.030216,0.03285,0.034686,0.036314,0.037644,0.038938,0.040137,0.041075,0.041636,0.041926,0.041399,0.040184,0.038784,0.037321,0.034101
0,0.00597,0.012153,0.018475,0.024526,0.02998,0.034564,0.03848,0.040991,0.042356,0.043208,0.04347,0.043515,0.043322,0.043049,0.042582,0.041625,0.040302,0.038626,0.03521,0.028161
0,0.0080364,0.016181,0.024484,0.031731,0.037681,0.042723,0.047675,0.051017,0.053168,0.054439,0.054568,0.054192,0.053285,0.052648,0.052091,0.051579,0.051028,0.050095,0.047678,0.041564
0,0.0061393,0.012983,0.019983,0.027352,0.034308,0.040702,0.046135,0.051856,0.055934,0.057564,0.057324,0.05562,0.052414,0.049592,0.048588,0.048049,0.047732,0.046706,0.043152,0.038056
0,0.0071867,0.014608,0.021679,0.028752,0.035865,0.041815,0.04731,0.052415,0.055641,0.056792,0.056537,0.055182,0.0527,0.049462,0.046567,0.045596,0.046475,0.04736,0.046489,0.044412
0,0.0069195,0.015455,0.025414,0.036299,0.046583,0.054026,0.057758,0.059722,0.060553,0.060717,0.060472,0.059975,0.05924,0.058157,0.056935,0.056179,0.057502,0.058327,0.055405,0.054354
0,0.0061211,0.01311,0.020186,0.026766,0.032414,0.037515,0.041589,0.04413,0.045851,0.046676,0.046973,0.047004,0.0467,0.046341,0.04579,0.044541,0.043016,0.04109,0.037348,0.030968
0,0.0062968,0.012897,0.019563,0.026108,0.031902,0.037056,0.042055,0.046239,0.049154,0.050566,0.050488,0.049616,0.048184,0.046813,0.045498,0.044468,0.043602,0.042138,0.039084,0.032897
0,0.0070984,0.015019,0.022931,0.030066,0.036217,0.041483,0.046971,0.053116,0.057747,0.059631,0.059495,0.057717,0.054526,0.051437,0.049596,0.049234,0.048647,0.046882,0.043166,0.037562
0,0.0077067,0.016109,0.024908,0.033033,0.040105,0.045894,0.05171,0.057003,0.060533,0.061786,0.061447,0.059781,0.057024,0.053804,0.051127,0.051409,0.053644,0.053994,0.052514,0.048917
0,0.0068777,0.01494,0.02457,0.035501,0.046455,0.053468,0.056617,0.058606,0.059306,0.059189,0.059111,0.059068,0.0583,0.057477,0.057277,0.057978,0.060715,0.061663,0.06025,0.058452
0,0.005454,0.011371,0.017493,0.023282,0.028402,0.03285,0.03607,0.038542,0.040025,0.040824,0.041038,0.041034,0.040836,0.04041,0.039911,0.039145,0.038021,0.036185,0.03259,0.025076
0,0.005436,0.010888,0.016806,0.023261,0.029784,0.036398,0.042636,0.047947,0.051471,0.053298,0.053371,0.052632,0.051247,0.049665,0.048113,0.04652,0.0447,0.042632,0.039871,0.034957
0,0.0062401,0.012659,0.018974,0.025511,0.032346,0.038412,0.044407,0.050013,0.053861,0.055355,0.05501,0.053187,0.050013,0.046805,0.045075,0.044713,0.044557,0.043509,0.040447,0.03506
0,0.0074307,0.014659,0.021871,0.028725,0.035277,0.041356,0.047222,0.051288,0.053827,0.054519,0.053972,0.052487,0.049996,0.04673,0.043568,0.042716,0.044816,0.047659,0.047627,0.04501
0,0.007358,0.016092,0.026908,0.038923,0.048565,0.05552,0.06155,0.065271,0.066255,0.0666,0.067218,0.06746,0.066853,0.064894,0.062547,0.060899,0.060673,0.061753,0.060961,0.058525
0,0.0052784,0.011127,0.017203,0.02299,0.028017,0.0323,0.035362,0.037651,0.039212,0.039996,0.040303,0.040304,0.03997,0.039632,0.039154,0.038187,0.037008,0.035465,0.032257,0.026054
0,0.0056554,0.011723,0.017915,0.024162,0.030237,0.036522,0.042323,0.04688,0.049726,0.051146,0.051185,0.050562,0.049433,0.048427,0.047493,0.04666,0.0456,0.044,0.041073,0.035425
0,0.0059938,0.012161,0.018561,0.025041,0.031536,0.037326,0.043004,0.048517,0.05234,0.054038,0.05394,0.052467,0.049297,0.046164,0.044356,0.044084,0.044564,0.043991,0.041109,0.036
0,0.0068402,0.014141,0.021696,0.028752,0.035002,0.040369,0.045234,0.048424,0.050373,0.050801,0.050512,0.04965,0.047807,0.045178,0.042955,0.042439,0.044104,0.045866,0.044809,0.041415
0,0.006023,0.013127,0.021333,0.030801,0.040394,0.046172,0.049814,0.052852,0.054555,0.055224,0.055247,0.054953,0.054544,0.054029,0.053685,0.053832,0.053895,0.053727,0.051735,0.047781
0,0.0052109,0.010658,0.01601,0.021011,0.02555,0.029847,0.033142,0.035407,0.037267,0.038316,0.038738,0.038875,0.038694,0.038277,0.0379,0.037094,0.035875,0.034479,0.03188,0.026142
0,0.0053886,0.010883,0.016337,0.022221,0.028066,0.033522,0.038889,0.043368,0.046236,0.047906,0.048108,0.047547,0.046446,0.045503,0.044685,0.043802,0.042944,0.041596,0.039008,0.033818
0,0.006514,0.013051,0.019254,0.025191,0.03126,0.036913,0.042618,0.04767,0.051218,0.052867,0.052792,0.051287,0.0482,0.04465,0.043071,0.043584,0.044532,0.044359,0.041602,0.03633
0,0.0064615,0.013325,0.020141,0.026623,0.032621,0.037962,0.041992,0.045686,0.048163,0.049347,0.049723,0.049543,0.04852,0.04695,0.045233,0.044494,0.045094,0.047111,0.046631,0.042511
0,0.0054352,0.011524,0.018401,0.025573,0.032494,0.037558,0.041075,0.043824,0.045568,0.046345,0.046695,0.04695,0.046985,0.046798,0.046521,0.045998,0.045629,0.045504,0.044206,0.040634
0,0.0063176,0.012932,0.020105,0.027434,0.034351,0.040479,0.045643,0.04883,0.050351,0.051053,0.051169,0.051052,0.05081,0.050409,0.049979,0.049342,0.04834,0.046748,0.043474,0.036889
0,0.007693,0.015239,0.021935,0.028196,0.033731,0.039043,0.044114,0.047731,0.050348,0.051901,0.052169,0.051559,0.050561,0.049908,0.049481,0.048903,0.048007,0.046268,0.042934,0.036656
0,0.007,0.014387,0.022635,0.03111,0.039737,0.046887,0.052191,0.05641,0.060294,0.062117,0.061509,0.059308,0.056877,0.055964,0.055212,0.054244,0.0533,0.052022,0.048924,0.042989
0,0.0073872,0.015383,0.023562,0.032113,0.039671,0.045598,0.051574,0.057681,0.062038,0.064281,0.064231,0.062647,0.059657,0.056492,0.053928,0.05306,0.054489,0.055301,0.053179,0.049011
0,0.0082545,0.017507,0.027365,0.036625,0.045096,0.05286,0.059326,0.063109,0.064102,0.063776,0.063206,0.062668,0.061783,0.060224,0.057628,0.05435,0.052477,0.052343,0.050412,0.048374
0,0.0069586,0.014445,0.022491,0.030672,0.038167,0.044524,0.049514,0.052426,0.054023,0.054864,0.055093,0.054973,0.054692,0.054318,0.053903,0.053122,0.051824,0.049808,0.046164,0.039541
0,0.0060987,0.012364,0.018455,0.023954,0.029005,0.033933,0.038462,0.04226,0.045127,0.046501,0.046495,0.045572,0.043944,0.042392,0.041238,0.040087,0.03879,0.036939,0.033992,0.02903
0,0.0071348,0.015095,0.023555,0.032259,0.040646,0.046946,0.051539,0.055745,0.059599,0.061721,0.061722,0.059921,0.057447,0.056027,0.055362,0.054367,0.053491,0.05176,0.048843,0.04443
0,0.0080708,0.017105,0.02617,0.035059,0.04299,0.048245,0.054867,0.061144,0.06533,0.067555,0.067762,0.066398,0.063609,0.060321,0.057554,0.05747,0.059559,0.059512,0.056874,0.053816
0,0.0089852,0.018858,0.029392,0.040009,0.049002,0.055789,0.060797,0.063711,0.064146,0.063625,0.063064,0.062697,0.061805,0.059848,0.057137,0.055061,0.054728,0.056145,0.055331,0.055
0,0.0057858,0.011923,0.0184,0.02523,0.031698,0.037634,0.042219,0.045077,0.046664,0.047504,0.047635,0.04755,0.047179,0.046629,0.046193,0.045472,0.044654,0.043128,0.039413,0.032599
0,0.0049241,0.0099919,0.015315,0.020594,0.025834,0.031375,0.0372,0.041997,0.045866,0.04766,0.047852,0.047037,0.045201,0.043279,0.041655,0.040038,0.038381,0.036104,0.03347,0.029941
0,0.0063065,0.013024,0.020348,0.027997,0.035782,0.043416,0.049847,0.054503,0.058274,0.059853,0.059186,0.057091,0.054541,0.053361,0.052714,0.051957,0.051194,0.049403,0.046504,0.041928
0,0.0073561,0.01518,0.023423,0.031435,0.038022,0.043325,0.049847,0.055975,0.059676,0.06134,0.061155,0.059701,0.057387,0.054501,0.051557,0.050874,0.053123,0.055223,0.053854,0.050421
0,0.0077676,0.016229,0.025204,0.035213,0.044529,0.05238,0.059129,0.063137,0.064419,0.064433,0.064657,0.064411,0.063538,0.061455,0.058904,0.056148,0.05524,0.057015,0.058523,0.054471
0,0.0058194,0.01204,0.018491,0.02491,0.030489,0.035526,0.040019,0.043148,0.044953,0.045884,0.04607,0.045844,0.045373,0.044769,0.044014,0.043125,0.042264,0.040871,0.037888,0.032275
0,0.0051829,0.010445,0.015745,0.020852,0.025839,0.030817,0.035914,0.039989,0.042674,0.043894,0.043982,0.043247,0.041895,0.040721,0.039979,0.039474,0.038485,0.03678,0.033511,0.028325
0,0.0060148,0.012781,0.020342,0.028313,0.036287,0.043615,0.049118,0.053334,0.057173,0.059105,0.058788,0.057161,0.054849,0.053364,0.052602,0.052085,0.051469,0.050627,0.048816,0.043661
0,0.0068472,0.014303,0.022329,0.030267,0.037339,0.042819,0.047788,0.053177,0.056465,0.057799,0.057835,0.057025,0.055255,0.052884,0.05053,0.050045,0.052558,0.054328,0.05237,0.049104
0,0.0075229,0.01548,0.024173,0.032515,0.03905,0.043278,0.046383,0.04823,0.049067,0.049465,0.049773,0.04995,0.049692,0.049036,0.048108,0.047355,0.047726,0.047822,0.046805,0.042614
0,0.0059875,0.012702,0.019822,0.027102,0.033685,0.038855,0.042891,0.045111,0.046631,0.047515,0.047739,0.047757,0.047526,0.047084,0.046655,0.046072,0.045263,0.043912,0.041124,0.03543
0,0.004475,0.0089919,0.013825,0.018826,0.024028,0.028996,0.033761,0.037908,0.040896,0.042654,0.042912,0.042192,0.040799,0.039841,0.03943,0.039374,0.039537,0.038716,0.035534,0.029687
0,0.006458,0.013355,0.021103,0.029312,0.036683,0.043732,0.048897,0.053619,0.057579,0.059412,0.05929,0.057783,0.055498,0.053986,0.053674,0.05412,0.054852,0.055417,0.053755,0.04759
0,0.0066601,0.013639,0.021229,0.028591,0.035862,0.042198,0.04803,0.052792,0.055954,0.057765,0.058549,0.058565,0.057504,0.056052,0.054823,0.054254,0.055439,0.058258,0.058128,0.053522
0,0.0068598,0.013835,0.020626,0.027097,0.032534,0.036826,0.039498,0.040657,0.041124,0.041988,0.043105,0.044161,0.044961,0.045518,0.045501,0.045013,0.044652,0.044767,0.04503,0.041641
0,0.0063557,0.01298,0.020182,0.027101,0.033027,0.038201,0.042308,0.045277,0.046871,0.047744,0.048068,0.048125,0.047939,0.047368,0.046497,0.045144,0.04342,0.041116,0.037076,0.03009
0,0.0094076,0.018074,0.025962,0.03222,0.037498,0.042351,0.046129,0.048871,0.050679,0.051695,0.05191,0.05136,0.05047,0.049524,0.048406,0.047233,0.046139,0.045012,0.04231,0.036239
0,0.0057084,0.012157,0.018788,0.025858,0.032854,0.039083,0.044618,0.049981,0.054738,0.056903,0.0566,0.054437,0.050549,0.047124,0.045635,0.044765,0.043997,0.042594,0.040188,0.036843
0,0.0082199,0.016508,0.024386,0.031271,0.0378,0.044493,0.051658,0.056913,0.060536,0.062045,0.062004,0.060538,0.057356,0.053462,0.04996,0.048762,0.049537,0.048958,0.046808,0.045035
0,0.0085891,0.017708,0.027024,0.03618,0.044159,0.05189,0.05823,0.062997,0.064734,0.064839,0.064494,0.06409,0.063215,0.060951,0.057712,0.054292,0.052908,0.053235,0.05233,0.052231
0,0.0062748,0.013103,0.020032,0.026719,0.033102,0.038639,0.043144,0.046262,0.048292,0.049307,0.049693,0.049745,0.049502,0.048821,0.047772,0.046169,0.044569,0.042494,0.038894,0.032266
0,0.0074784,0.014481,0.021169,0.026846,0.031991,0.036399,0.040055,0.043396,0.045622,0.046562,0.046396,0.045483,0.043955,0.042135,0.040546,0.039451,0.038559,0.037319,0.034702,0.029251
0,0.0067399,0.014476,0.022089,0.029678,0.035815,0.040789,0.04636,0.053165,0.058663,0.060903,0.06083,0.058843,0.054818,0.05074,0.047998,0.046433,0.045178,0.043073,0.040036,0.036501
0,0.0086722,0.018233,0.027714,0.03629,0.042584,0.048679,0.055924,0.061702,0.065754,0.067589,0.067601,0.066046,0.062924,0.05947,0.056138,0.055768,0.057177,0.056103,0.054025,0.052663
0,0.0085726,0.018487,0.028971,0.03857,0.046782,0.05382,0.059347,0.063258,0.064852,0.065095,0.064856,0.064553,0.063352,0.060902,0.057872,0.055426,0.054998,0.056015,0.056325,0.057144
0,0.0055504,0.01157,0.017855,0.024171,0.029872,0.034765,0.038393,0.04094,0.04257,0.043413,0.043677,0.043706,0.043465,0.043081,0.042334,0.041183,0.039722,0.037485,0.033506,0.025773
0,0.0061065,0.012381,0.019191,0.025269,0.031145,0.036549,0.041123,0.04511,0.048075,0.049378,0.049296,0.048227,0.04647,0.044435,0.042226,0.040163,0.038558,0.036885,0.034863,0.031313
0,0.0061303,0.012585,0.019244,0.026473,0.033623,0.039653,0.045748,0.051607,0.05584,0.057426,0.056897,0.054827,0.050806,0.046806,0.044192,0.042446,0.041263,0.04017,0.037866,0.034887
0,0.0082786,0.017327,0.025227,0.031455,0.03716,0.043321,0.050033,0.05465,0.05771,0.05904,0.058881,0.057474,0.05492,0.051725,0.048657,0.047816,0.050209,0.051872,0.049821,0.046271
0,0.0078636,0.017156,0.027063,0.036036,0.043735,0.050693,0.05751,0.062449,0.06498,0.065769,0.066184,0.066077,0.064902,0.062498,0.059387,0.056323,0.055568,0.057913,0.058992,0.055577
0,0.0051816,0.011199,0.017622,0.023613,0.028989,0.033461,0.037097,0.039731,0.041527,0.042306,0.042565,0.042557,0.042132,0.04148,0.040607,0.039426,0.038179,0.03656,0.033264,0.027169
0,0.0061643,0.012166,0.017952,0.023364,0.028562,0.033436,0.037689,0.040877,0.042995,0.044022,0.044029,0.043116,0.041488,0.039835,0.038833,0.037991,0.037119,0.035938,0.033489,0.0293
0,0.0063617,0.013,0.019687,0.026612,0.033573,0.039845,0.045924,0.051606,0.056133,0.05794,0.057666,0.055819,0.052118,0.04854,0.046197,0.04501,0.044377,0.043734,0.041874,0.038176
0,0.0078493,0.016416,0.024683,0.032155,0.038272,0.043709,0.048576,0.05263,0.055476,0.056698,0.056811,0.05614,0.054425,0.051731,0.049371,0.048523,0.05037,0.051375,0.048587,0.044734
0,0.0070248,0.015215,0.023361,0.031419,0.038613,0.042957,0.046353,0.048863,0.050778,0.051677,0.052083,0.052202,0.051571,0.04985,0.048272,0.047318,0.047659,0.048129,0.047849,0.0444
0,0.0058517,0.011757,0.017929,0.023844,0.029058,0.033697,0.0372,0.03947,0.041224,0.042311,0.042694,0.042804,0.04262,0.042219,0.041484,0.040267,0.038857,0.037195,0.034129,0.02818
0,0.0054599,0.010816,0.016335,0.021825,0.027119,0.031588,0.035479,0.038465,0.040551,0.041666,0.041796,0.041204,0.040022,0.039001,0.038325,0.03786,0.037654,0.037113,0.035557,0.031499
0,0.0065898,0.01331,0.0198,0.026229,0.032695,0.038426,0.044312,0.049535,0.053341,0.055067,0.054918,0.053253,0.050017,0.046553,0.044552,0.043972,0.044227,0.044096,0.041718,0.037291
0,0.0071903,0.014517,0.021951,0.02972,0.036762,0.042677,0.047481,0.051056,0.053746,0.055636,0.056613,0.056772,0.056067,0.054665,0.053225,0.052909,0.053678,0.054782,0.052799,0.046665
0,0.0062776,0.013284,0.02061,0.027609,0.033057,0.03696,0.039668,0.041407,0.042816,0.044406,0.045635,0.046407,0.046634,0.046056,0.045217,0.044497,0.044718,0.045286,0.045365,0.04307
0,0.0048475,0.0090118,0.012048,0.01463,0.017052,0.019734,0.021992,0.023769,0.025058,0.025726,0.025891,0.025552,0.02493,0.02407,0.022872,0.021397,0.019383,0.017346,0.015437,0.012836
