0,0.030591,0.060531,0.088177,0.1167,0.14587,0.17643,0.20786,0.24054,0.27145,0.29926,0.32735,0.35355,0.38044,0.40814,0.43692,0.46808,0.49993,0.53357,0.55534,0.55906
0,0.029113,0.057731,0.085444,0.11194,0.13781,0.16456,0.19288,0.2235,0.25331,0.28158,0.3093,0.33525,0.35879,0.38207,0.40674,0.43095,0.45796,0.48854,0.51158,0.52064
0,0.033204,0.06631,0.099832,0.13583,0.17414,0.21322,0.25293,0.2914,0.32709,0.36126,0.39463,0.42543,0.45397,0.48181,0.51474,0.55173,0.58957,0.63357,0.67702,0.69388
0,0.03738,0.075378,0.114,0.15461,0.19892,0.24224,0.28168,0.31909,0.35345,0.384,0.41471,0.4434,0.47183,0.50136,0.53626,0.57445,0.61301,0.66012,0.70875,0.73815
0,0.020839,0.040924,0.060548,0.079765,0.09748,0.11514,0.13143,0.14759,0.1632,0.17804,0.19363,0.20904,0.22342,0.2358,0.24764,0.25979,0.27397,0.29385,0.30864,0.31017
0,0.024579,0.049273,0.074658,0.10104,0.12666,0.1514,0.17582,0.20113,0.22701,0.25299,0.27966,0.30212,0.32505,0.34997,0.37531,0.4051,0.43569,0.46981,0.49484,0.49901
0,0.027189,0.052994,0.076353,0.097256,0.11655,0.13682,0.15789,0.17939,0.20013,0.22368,0.25141,0.27746,0.30216,0.32831,0.35762,0.3904,0.42792,0.46802,0.49947,0.50972
0,0.027155,0.055084,0.08454,0.11531,0.14747,0.18111,0.21595,0.25033,0.28261,0.31139,0.34236,0.37493,0.40903,0.4428,0.47669,0.51109,0.54569,0.58448,0.61896,0.62489
0,0.040434,0.08051,0.12159,0.16394,0.20927,0.25237,0.29342,0.32918,0.35775,0.38167,0.40677,0.43207,0.4589,0.48418,0.51014,0.53992,0.57787,0.62302,0.67169,0.69642
0,0.019223,0.03808,0.056558,0.074158,0.090605,0.10635,0.12082,0.13404,0.14613,0.15689,0.16841,0.17868,0.18759,0.19554,0.20362,0.21146,0.22133,0.23651,0.24849,0.25073
0,0.029742,0.058457,0.086695,0.1137,0.13948,0.164,0.18757,0.20943,0.22995,0.25003,0.27164,0.29367,0.31581,0.33921,0.36788,0.40461,0.44,0.4736,0.4928,0.49148
0,0.024564,0.048252,0.071066,0.094246,0.11717,0.13989,0.16365,0.18738,0.20981,0.23248,0.25834,0.28237,0.30439,0.3267,0.35128,0.37766,0.40522,0.43717,0.46428,0.48203
0,0.02948,0.059573,0.091531,0.12532,0.15887,0.19369,0.22963,0.2647,0.29936,0.332,0.36541,0.39808,0.43113,0.46646,0.50394,0.54303,0.58736,0.63607,0.67523,0.68991
0,0.037423,0.073741,0.11038,0.15093,0.19241,0.23332,0.27049,0.30565,0.33679,0.36243,0.38442,0.40514,0.42721,0.44877,0.47459,0.5079,0.54532,0.58807,0.61512,0.57322
0,0.019836,0.039682,0.059092,0.078027,0.095602,0.11247,0.12775,0.14153,0.15286,0.16316,0.1733,0.18204,0.1897,0.19599,0.20352,0.21217,0.2248,0.24265,0.25859,0.26197
0,0.023495,0.047954,0.073353,0.098991,0.1244,0.15021,0.17596,0.20223,0.22872,0.25436,0.28063,0.30531,0.32962,0.35381,0.38163,0.41335,0.44779,0.48434,0.50554,0.50818
0,0.022415,0.044756,0.066612,0.088064,0.10968,0.13171,0.15417,0.17761,0.20073,0.22356,0.24886,0.27297,0.29658,0.3202,0.34493,0.37152,0.39881,0.42997,0.45775,0.47003
0,0.030206,0.060558,0.090731,0.12138,0.15269,0.18525,0.2186,0.25456,0.28958,0.32327,0.35607,0.38512,0.41096,0.43653,0.46748,0.50188,0.53763,0.57878,0.6123,0.62418
0,0.03537,0.070218,0.10458,0.13813,0.17223,0.20719,0.24249,0.27567,0.30384,0.32907,0.35338,0.37564,0.39657,0.41878,0.44087,0.46448,0.49488,0.53158,0.55788,0.52618
0,0.018654,0.037633,0.056929,0.076117,0.094551,0.11168,0.12826,0.1427,0.1549,0.16679,0.17936,0.1894,0.19678,0.20307,0.20946,0.21637,0.22792,0.24431,0.25802,0.26241
0,0.024621,0.048844,0.072481,0.095132,0.11704,0.139,0.16158,0.18591,0.20931,0.23177,0.25493,0.27722,0.2995,0.32329,0.35246,0.38518,0.42163,0.46182,0.48682,0.48265
0,0.023038,0.046265,0.068902,0.091309,0.11349,0.135,0.15628,0.17741,0.19769,0.21958,0.2427,0.26355,0.28324,0.30329,0.32507,0.34558,0.36459,0.38769,0.40393,0.40734
0,0.034968,0.071227,0.10838,0.14663,0.18221,0.21636,0.24844,0.27857,0.30649,0.33164,0.3562,0.37921,0.39907,0.41723,0.44219,0.47172,0.51208,0.56024,0.59564,0.59515
0,0.036232,0.072536,0.10813,0.14131,0.17466,0.20636,0.23569,0.26199,0.28413,0.30336,0.32264,0.34098,0.35793,0.37407,0.38943,0.40606,0.42803,0.45468,0.46216,0.41665
0,0.020562,0.040483,0.059147,0.076026,0.091563,0.10721,0.12175,0.13515,0.14702,0.15733,0.16747,0.17655,0.18365,0.18968,0.1967,0.20499,0.21786,0.23291,0.24362,0.23949
0,0.030655,0.060822,0.089079,0.11693,0.14502,0.17413,0.20404,0.23493,0.26415,0.29143,0.31808,0.34124,0.36349,0.3854,0.40713,0.42986,0.45173,0.48069,0.50216,0.50425
0,0.031961,0.064076,0.095481,0.12529,0.15384,0.18326,0.21454,0.24839,0.28141,0.31411,0.34746,0.3792,0.40804,0.43623,0.46705,0.50135,0.53726,0.57499,0.60184,0.61184
0,0.029964,0.059497,0.089024,0.11945,0.1496,0.1793,0.20987,0.24176,0.2736,0.30674,0.33952,0.36989,0.40087,0.43236,0.4677,0.50326,0.54048,0.58174,0.61368,0.62108
0,0.035283,0.072359,0.11009,0.14745,0.18617,0.22751,0.26948,0.31285,0.35303,0.39196,0.43053,0.46727,0.50419,0.54182,0.58018,0.62054,0.66526,0.71367,0.75358,0.77829
0,0.022836,0.043579,0.06309,0.080797,0.0977,0.11347,0.12781,0.14267,0.15769,0.17274,0.18615,0.19669,0.20532,0.21259,0.21987,0.2297,0.24117,0.25437,0.26147,0.25489
0,0.024963,0.049834,0.075248,0.1006,0.12624,0.15161,0.17572,0.19963,0.22144,0.24288,0.26622,0.28741,0.30742,0.33049,0.35564,0.38203,0.40816,0.44023,0.46355,0.46306
0,0.028152,0.054585,0.078856,0.10222,0.12466,0.14823,0.17344,0.20118,0.22937,0.26089,0.29763,0.33421,0.36774,0.40361,0.44506,0.4899,0.53371,0.57989,0.615,0.62356
0,0.025904,0.052066,0.077243,0.10283,0.12795,0.1523,0.17731,0.20375,0.23084,0.25912,0.2927,0.32791,0.36222,0.39566,0.42927,0.46211,0.49613,0.53639,0.57159,0.57546
0,0.043732,0.086981,0.13167,0.17712,0.22537,0.27201,0.31655,0.35747,0.39324,0.42532,0.45864,0.48787,0.5159,0.54398,0.57286,0.60598,0.64414,0.68526,0.72621,0.74969
0,0.017002,0.033655,0.049814,0.065135,0.079686,0.093718,0.10713,0.11963,0.13086,0.14165,0.1525,0.16185,0.16837,0.17298,0.1769,0.18068,0.18596,0.1937,0.20053,0.19881
0,0.027152,0.053226,0.079299,0.10435,0.12918,0.1526,0.17441,0.19569,0.21458,0.23377,0.25466,0.27589,0.29629,0.31573,0.3363,0.36408,0.39319,0.42559,0.45126,0.44869
0,0.024773,0.04848,0.071665,0.094168,0.11596,0.13813,0.16236,0.18938,0.2177,0.24737,0.28099,0.31303,0.34281,0.37279,0.40518,0.44212,0.48354,0.52623,0.55849,0.57237
0,0.028322,0.056408,0.084933,0.11379,0.14146,0.16921,0.19654,0.22508,0.25337,0.28274,0.3155,0.35042,0.387,0.42233,0.45818,0.49337,0.52946,0.56972,0.60399,0.61001
0,0.044102,0.090645,0.13746,0.1847,0.23164,0.28027,0.32828,0.3736,0.41247,0.44555,0.47532,0.50431,0.53368,0.56612,0.60052,0.63783,0.67731,0.7219,0.75468,0.74332
0,0.017357,0.034564,0.050967,0.067248,0.08255,0.096889,0.11112,0.12532,0.13863,0.15072,0.16161,0.1702,0.17627,0.1811,0.18528,0.18997,0.19743,0.20915,0.21877,0.21763
0,0.023258,0.046376,0.069863,0.094201,0.11819,0.14139,0.16539,0.19018,0.21392,0.23727,0.26144,0.28614,0.30763,0.32832,0.34892,0.37195,0.39817,0.42923,0.45006,0.45172
0,0.022957,0.045458,0.067907,0.089571,0.11121,0.13324,0.15663,0.18263,0.20929,0.23864,0.27316,0.30431,0.33513,0.36728,0.40139,0.43889,0.47813,0.52008,0.55358,0.56268
0,0.026734,0.053873,0.080963,0.10931,0.13681,0.1638,0.19182,0.2205,0.24918,0.27805,0.30821,0.33693,0.36707,0.39897,0.43023,0.46055,0.4955,0.53846,0.57634,0.58801
0,0.039958,0.080563,0.12257,0.16809,0.21466,0.26158,0.30537,0.34618,0.38331,0.41671,0.44918,0.4781,0.50446,0.5285,0.55322,0.58061,0.61246,0.65166,0.67808,0.64634
0,0.015919,0.031511,0.046499,0.061192,0.075672,0.090478,0.1056,0.12009,0.13287,0.14422,0.1541,0.1624,0.16873,0.17354,0.17815,0.18413,0.19248,0.20527,0.21743,0.21989
0,0.023372,0.046822,0.069322,0.090664,0.11259,0.13489,0.1571,0.17948,0.20057,0.22163,0.24404,0.26586,0.28618,0.30655,0.33208,0.36203,0.3957,0.43525,0.46262,0.45549
0,0.023144,0.045202,0.066717,0.087802,0.10952,0.13081,0.15273,0.17546,0.19859,0.22213,0.24702,0.27211,0.29685,0.3236,0.35429,0.38688,0.41895,0.45395,0.47813,0.47828
0,0.029316,0.059713,0.089998,0.12006,0.14866,0.17839,0.20824,0.23681,0.26211,0.28561,0.30971,0.33283,0.35687,0.38477,0.41769,0.45638,0.50283,0.55769,0.59795,0.59614
0,0.036528,0.074279,0.11144,0.15052,0.19307,0.23674,0.27955,0.31803,0.35127,0.38143,0.40891,0.43394,0.45728,0.47984,0.50206,0.52882,0.56256,0.60094,0.61113,0.55115
0,0.022513,0.043566,0.063521,0.081835,0.099235,0.11559,0.1311,0.14502,0.15665,0.16704,0.17739,0.18608,0.19295,0.19887,0.20512,0.21196,0.22316,0.23656,0.24651,0.24644
0,0.034143,0.069035,0.1039,0.13859,0.17495,0.21321,0.25082,0.28841,0.32544,0.35884,0.39067,0.41857,0.44374,0.46437,0.48331,0.502,0.51927,0.54373,0.56289,0.56834
0,0.032886,0.065608,0.099253,0.13367,0.16757,0.20199,0.23893,0.27735,0.31416,0.34936,0.38513,0.41629,0.44518,0.47785,0.51637,0.55567,0.60035,0.64961,0.68507,0.6982
0,0.029255,0.057883,0.087297,0.11672,0.1471,0.17811,0.21063,0.24429,0.2785,0.31028,0.34422,0.37614,0.40889,0.44293,0.48191,0.52086,0.56154,0.60572,0.64046,0.6515
0,0.037935,0.076623,0.11501,0.15376,0.19784,0.25012,0.30223,0.35056,0.39679,0.44101,0.48611,0.53257,0.57843,0.62529,0.67332,0.7286,0.78553,0.84545,0.90333,0.94933
0,0.02327,0.045521,0.06704,0.087724,0.10581,0.12359,0.13955,0.15434,0.16824,0.1821,0.1946,0.20395,0.21176,0.21808,0.22535,0.23349,0.24462,0.25999,0.27001,0.26489
0,0.029919,0.059216,0.08742,0.11656,0.14667,0.17599,0.20371,0.23113,0.25771,0.28437,0.31114,0.33544,0.35647,0.37615,0.39402,0.41336,0.43054,0.45479,0.47552,0.48243
0,0.028788,0.056187,0.082652,0.10758,0.13203,0.15768,0.18519,0.21573,0.24733,0.2805,0.31899,0.35706,0.39243,0.43094,0.47422,0.52344,0.57289,0.62795,0.66843,0.68035
0,0.023776,0.047234,0.071976,0.097884,0.12377,0.14988,0.17668,0.20566,0.23466,0.26479,0.30057,0.3375,0.37485,0.41122,0.44759,0.48403,0.52066,0.56324,0.6011,0.61183
0,0.039663,0.079613,0.1216,0.16911,0.2191,0.26666,0.31468,0.35968,0.40223,0.44548,0.49131,0.53136,0.56824,0.6031,0.64299,0.6876,0.73704,0.79166,0.8666,0.94547
0,0.019276,0.037845,0.055236,0.072471,0.088749,0.10394,0.11731,0.12989,0.14062,0.15021,0.15915,0.16657,0.17148,0.17557,0.17911,0.18191,0.18831,0.19861,0.20676,0.20641
0,0.033566,0.066122,0.097322,0.12841,0.15725,0.18354,0.20728,0.22972,0.25188,0.27379,0.29636,0.31774,0.33747,0.35417,0.37124,0.39025,0.40883,0.43187,0.45296,0.45057
0,0.025691,0.050628,0.0753,0.10069,0.127,0.1553,0.18483,0.2173,0.25093,0.28533,0.32184,0.35584,0.38737,0.42038,0.45992,0.50102,0.54458,0.59086,0.62855,0.64416
0,0.027187,0.055944,0.084593,0.11376,0.1428,0.17159,0.20098,0.23136,0.25961,0.28891,0.32168,0.35749,0.39568,0.43281,0.47082,0.50635,0.54368,0.58873,0.62706,0.63749
0,0.044359,0.092118,0.14077,0.18962,0.23951,0.2879,0.33485,0.37696,0.41555,0.45644,0.50024,0.54255,0.58602,0.63043,0.67988,0.73589,0.79498,0.86149,0.92349,0.91201
0,0.020498,0.040375,0.059155,0.076869,0.093603,0.10963,0.1241,0.13761,0.14984,0.16042,0.17023,0.17757,0.18355,0.18804,0.19189,0.19597,0.20371,0.21578,0.22567,0.22714
0,0.030823,0.060601,0.089346,0.11703,0.14329,0.16943,0.19586,0.22335,0.24828,0.27235,0.29579,0.31755,0.33769,0.35487,0.37096,0.39033,0.41102,0.44369,0.46556,0.46347
0,0.023905,0.047968,0.071451,0.095148,0.11912,0.14419,0.17077,0.20023,0.23154,0.26554,0.30465,0.3417,0.37685,0.41384,0.4529,0.49433,0.53719,0.58536,0.62347,0.63235
0,0.026151,0.053484,0.080887,0.10902,0.13837,0.16895,0.20101,0.23285,0.26385,0.29753,0.33519,0.36838,0.40208,0.43602,0.47364,0.51001,0.5486,0.5959,0.63519,0.64784
0,0.037106,0.078472,0.12522,0.17507,0.22698,0.282,0.33714,0.38674,0.43119,0.47431,0.51816,0.55981,0.59811,0.6339,0.67128,0.71301,0.75749,0.81052,0.86869,0.87153
0,0.018155,0.036163,0.053687,0.07026,0.086508,0.10324,0.11919,0.13416,0.14781,0.15974,0.1694,0.17645,0.18056,0.18317,0.18495,0.1866,0.19216,0.20392,0.21495,0.21609
0,0.028365,0.056264,0.083166,0.1102,0.13626,0.16243,0.18869,0.21559,0.24101,0.26482,0.28843,0.31174,0.33335,0.354,0.37916,0.40729,0.43524,0.47912,0.51016,0.50715
0,0.024479,0.049018,0.072928,0.096585,0.12053,0.14478,0.17051,0.19786,0.22492,0.25274,0.28208,0.30912,0.33558,0.3653,0.39963,0.43511,0.47311,0.51475,0.54651,0.54662
0,0.029094,0.059576,0.090472,0.12179,0.15277,0.18298,0.21371,0.2451,0.27494,0.30351,0.33333,0.36049,0.38717,0.41732,0.45428,0.49704,0.54751,0.60464,0.64695,0.64704
0,0.035186,0.072227,0.11176,0.15625,0.20634,0.25507,0.29842,0.33748,0.37214,0.40317,0.43405,0.45934,0.48412,0.50784,0.53675,0.57172,0.61,0.65168,0.67002,0.60504
0,0.024953,0.049624,0.073515,0.094942,0.11491,0.13487,0.15391,0.17172,0.18693,0.19991,0.21252,0.22394,0.23271,0.24076,0.24856,0.25738,0.26811,0.28279,0.29619,0.29793
0,0.032811,0.065223,0.098144,0.13197,0.16508,0.19914,0.23149,0.26276,0.29187,0.31866,0.34651,0.37208,0.3946,0.41606,0.4388,0.46223,0.48606,0.51295,0.53567,0.54403
0,0.035519,0.070111,0.10539,0.14289,0.18125,0.2204,0.26016,0.30086,0.34038,0.37839,0.41865,0.45807,0.49594,0.53648,0.58363,0.63343,0.67806,0.72429,0.74814,0.7432
0,0.031117,0.061917,0.092604,0.12269,0.15211,0.18191,0.21398,0.24782,0.27876,0.30829,0.34005,0.37393,0.40982,0.45011,0.49419,0.54083,0.58805,0.6356,0.66922,0.66518
0,0.036181,0.073783,0.11141,0.15027,0.19079,0.2328,0.27816,0.32301,0.36478,0.40443,0.44882,0.49565,0.54354,0.59212,0.64034,0.68704,0.7318,0.78386,0.82134,0.8326
0,0.025576,0.050267,0.073305,0.095507,0.11552,0.13467,0.15234,0.17059,0.18801,0.20411,0.21936,0.23143,0.24087,0.25018,0.26006,0.27014,0.28203,0.29652,0.30734,0.30629
0,0.028163,0.056067,0.084276,0.11142,0.13746,0.16323,0.18837,0.21388,0.23816,0.26308,0.29014,0.31398,0.33391,0.35349,0.3757,0.39805,0.41886,0.44277,0.46197,0.46363
0,0.030919,0.060025,0.088892,0.11827,0.14698,0.17662,0.20687,0.24089,0.28072,0.32205,0.36616,0.41102,0.45717,0.50878,0.57023,0.63721,0.69901,0.75775,0.78964,0.78154
0,0.026541,0.052446,0.077577,0.1028,0.128,0.155,0.18366,0.21557,0.24746,0.28261,0.32558,0.36766,0.40568,0.4399,0.47618,0.51387,0.55559,0.60762,0.64497,0.63097
0,0.039207,0.080403,0.12356,0.16969,0.2181,0.26513,0.31341,0.36043,0.40574,0.44743,0.48812,0.52518,0.56202,0.60169,0.64056,0.68194,0.72422,0.77393,0.81538,0.82648
0,0.020818,0.041407,0.060898,0.07939,0.097035,0.11465,0.1313,0.14633,0.15984,0.17141,0.18233,0.19123,0.19786,0.20362,0.21019,0.21706,0.22573,0.23751,0.24756,0.25185
0,0.030576,0.059615,0.087354,0.11437,0.14065,0.16583,0.18956,0.2138,0.23741,0.26036,0.28303,0.30449,0.32556,0.34329,0.36072,0.38057,0.40152,0.42871,0.45148,0.44858
0,0.028494,0.057887,0.086579,0.11371,0.14055,0.16939,0.2004,0.23658,0.27341,0.31137,0.35252,0.39163,0.43015,0.4726,0.52286,0.57806,0.63049,0.68392,0.71391,0.71322
0,0.03079,0.060729,0.089416,0.1169,0.14237,0.16771,0.19296,0.21856,0.244,0.27086,0.30346,0.33862,0.37882,0.42089,0.46678,0.51355,0.56399,0.62141,0.66137,0.65826
0,0.041317,0.085599,0.13141,0.18003,0.23271,0.28539,0.33692,0.38608,0.42764,0.46658,0.50793,0.55034,0.5945,0.6401,0.68939,0.74426,0.80059,0.8708,0.90904,0.89853
0,0.021009,0.04059,0.05918,0.07707,0.094654,0.11214,0.12897,0.14474,0.15967,0.17431,0.18783,0.19752,0.20372,0.21005,0.21864,0.22767,0.23764,0.24971,0.2592,0.26498
0,0.026693,0.053101,0.079137,0.10459,0.12986,0.15474,0.17995,0.2051,0.22968,0.2532,0.27723,0.30134,0.32257,0.34123,0.36222,0.38739,0.41454,0.44645,0.46992,0.46911
0,0.030687,0.060344,0.088308,0.11654,0.14457,0.17163,0.19923,0.23008,0.26264,0.29833,0.33917,0.377,0.41332,0.4545,0.50518,0.5584,0.60795,0.65784,0.69203,0.69181
0,0.029979,0.058831,0.086935,0.11444,0.14083,0.16616,0.19163,0.21932,0.24816,0.27923,0.31328,0.34649,0.38453,0.42424,0.46958,0.51633,0.56241,0.61222,0.646,0.63795
0,0.044884,0.090257,0.13573,0.18281,0.23185,0.28034,0.32841,0.37528,0.41768,0.45589,0.49375,0.5299,0.56554,0.60349,0.64144,0.67833,0.71712,0.77112,0.80863,0.7817
0,0.019026,0.0376,0.054892,0.070758,0.086526,0.10191,0.1166,0.13121,0.14482,0.15789,0.17042,0.18127,0.1889,0.19539,0.202,0.21012,0.22033,0.23686,0.25048,0.25447
0,0.026845,0.053825,0.080787,0.10693,0.13163,0.15597,0.18008,0.20417,0.22672,0.24771,0.26985,0.29138,0.31014,0.33053,0.35773,0.39095,0.42741,0.4728,0.5035,0.50344
0,0.029609,0.058448,0.08667,0.11405,0.14058,0.16674,0.19245,0.21932,0.24654,0.27362,0.30217,0.33097,0.3609,0.39298,0.43269,0.4778,0.52644,0.57903,0.61198,0.60569
0,0.031887,0.064117,0.096637,0.12812,0.15956,0.19153,0.2251,0.26044,0.29551,0.32787,0.35936,0.3889,0.41898,0.45254,0.49721,0.54694,0.59733,0.66024,0.69784,0.66491
0,0.044167,0.089283,0.13682,0.18416,0.23088,0.27566,0.31832,0.36179,0.40041,0.43436,0.46734,0.49676,0.52503,0.55374,0.58519,0.62173,0.66515,0.72151,0.75132,0.70596
0,0.019502,0.038683,0.057348,0.075114,0.091434,0.10751,0.12309,0.13742,0.1499,0.16202,0.17553,0.18728,0.19592,0.20346,0.21188,0.22187,0.23729,0.25467,0.2678,0.27254
0,0.035374,0.069898,0.10412,0.13854,0.17188,0.20382,0.23544,0.26913,0.30148,0.33286,0.36518,0.39132,0.41256,0.43413,0.45927,0.48641,0.51624,0.55014,0.57587,0.58333
0,0.033086,0.067247,0.10256,0.13955,0.17626,0.21421,0.25222,0.29165,0.32992,0.36894,0.41056,0.44837,0.48341,0.51961,0.55945,0.60141,0.6471,0.70024,0.72946,0.71847
0,0.029586,0.058556,0.087729,0.11713,0.14684,0.17839,0.21291,0.24846,0.28623,0.32538,0.36912,0.41058,0.45225,0.49525,0.54121,0.58795,0.63638,0.68693,0.72609,0.73319
0,0.03738,0.07491,0.11279,0.15073,0.18876,0.22865,0.26821,0.30731,0.34754,0.38991,0.4377,0.48678,0.53132,0.57582,0.6251,0.67392,0.72194,0.77053,0.80922,0.8223
0,0.021413,0.041773,0.060896,0.078755,0.095721,0.1117,0.12699,0.14195,0.15611,0.16973,0.1828,0.19324,0.20226,0.20969,0.21745,0.22636,0.2389,0.25612,0.27012,0.27098
0,0.029476,0.058009,0.086097,0.11454,0.14175,0.16906,0.19577,0.22207,0.24689,0.27112,0.29591,0.31717,0.33478,0.3527,0.37284,0.39436,0.41532,0.44421,0.46872,0.47607
0,0.031892,0.064371,0.096114,0.12764,0.15912,0.19048,0.22207,0.25482,0.28841,0.32479,0.36442,0.40252,0.44153,0.48686,0.53578,0.58819,0.64791,0.71402,0.74957,0.73108
0,0.025427,0.050759,0.076532,0.10181,0.1262,0.15099,0.17763,0.20843,0.24391,0.28226,0.3285,0.37662,0.4266,0.47181,0.51792,0.5705,0.62321,0.68455,0.72494,0.7114
0,0.037519,0.075949,0.11578,0.15666,0.19945,0.24479,0.29257,0.34048,0.38619,0.42875,0.47221,0.51089,0.55147,0.59175,0.63407,0.67449,0.71736,0.76499,0.79874,0.80101
0,0.016437,0.032464,0.047752,0.06229,0.077036,0.091855,0.10639,0.12001,0.13173,0.14156,0.15058,0.15792,0.16401,0.16935,0.17502,0.18057,0.19004,0.20497,0.21586,0.22099
0,0.031935,0.061886,0.090416,0.11786,0.14529,0.17253,0.19942,0.22639,0.25079,0.27413,0.29684,0.31857,0.34018,0.35955,0.38038,0.40036,0.4216,0.45139,0.47461,0.47519
0,0.028132,0.055604,0.083635,0.11288,0.14363,0.17671,0.21132,0.24693,0.28292,0.318,0.35256,0.38481,0.41824,0.45519,0.49714,0.54135,0.59322,0.65236,0.69006,0.68541
0,0.028438,0.055428,0.081846,0.10841,0.13406,0.15992,0.1865,0.21559,0.24625,0.27814,0.31513,0.35458,0.39713,0.44342,0.4942,0.54575,0.59984,0.66446,0.70997,0.70564
0,0.042681,0.086778,0.13313,0.1795,0.22496,0.27004,0.31684,0.36239,0.40719,0.44928,0.48875,0.52321,0.55894,0.59828,0.64574,0.70355,0.76215,0.82735,0.88205,0.89807
0,0.017694,0.034258,0.049988,0.06541,0.080934,0.096389,0.11103,0.12459,0.13613,0.14662,0.15655,0.16438,0.17082,0.17621,0.18227,0.1896,0.20064,0.21664,0.22814,0.23029
0,0.028323,0.057187,0.086324,0.11419,0.14126,0.16887,0.19956,0.22886,0.25491,0.27938,0.30166,0.32057,0.33816,0.35667,0.38078,0.40923,0.44046,0.47572,0.50053,0.50146
0,0.029844,0.060161,0.089019,0.11667,0.14349,0.17084,0.19869,0.22867,0.25986,0.29113,0.32605,0.35913,0.39133,0.42764,0.46873,0.51288,0.56232,0.62053,0.65971,0.65183
0,0.027678,0.054936,0.082248,0.10868,0.13439,0.15968,0.18636,0.21532,0.24638,0.27765,0.31388,0.34869,0.38543,0.42533,0.47734,0.53385,0.59214,0.65782,0.70442,0.69694
0,0.042574,0.088673,0.13579,0.18381,0.23113,0.27751,0.3235,0.36652,0.4086,0.44934,0.49034,0.52646,0.56237,0.59779,0.63704,0.67894,0.71994,0.7689,0.81223,0.80629
0,0.015617,0.031319,0.046403,0.061257,0.075335,0.08883,0.10252,0.11646,0.12867,0.13955,0.14978,0.15772,0.16272,0.16714,0.17213,0.17884,0.19062,0.20755,0.21933,0.21899
0,0.027545,0.054877,0.08117,0.10765,0.13411,0.16212,0.19077,0.22063,0.24843,0.27381,0.29821,0.31988,0.33919,0.36108,0.39158,0.42827,0.46937,0.52004,0.55231,0.54711
0,0.029099,0.056835,0.08329,0.10913,0.13435,0.16004,0.18676,0.21567,0.24397,0.27295,0.30431,0.3342,0.3635,0.39359,0.42664,0.46576,0.51218,0.56723,0.59912,0.57902
0,0.028177,0.057204,0.086697,0.11632,0.14557,0.17416,0.20221,0.2291,0.25733,0.28579,0.31878,0.35039,0.38278,0.42084,0.47348,0.53422,0.60345,0.68442,0.74239,0.73634
0,0.043816,0.0879,0.13251,0.17923,0.22701,0.2726,0.31745,0.36128,0.40042,0.43341,0.46533,0.49431,0.52366,0.55339,0.58945,0.63264,0.68183,0.73923,0.78175,0.77239
0,0.029273,0.05972,0.088999,0.11571,0.14009,0.16366,0.18612,0.20684,0.22588,0.24446,0.26186,0.27691,0.28911,0.29694,0.30208,0.31073,0.32638,0.35261,0.37582,0.37661
0,0.040121,0.078464,0.11527,0.15272,0.18915,0.22543,0.26143,0.29568,0.32563,0.35187,0.37753,0.39827,0.41655,0.43182,0.4469,0.46463,0.49049,0.52925,0.56735,0.58265
0,0.031373,0.063188,0.095573,0.12824,0.16037,0.19231,0.22356,0.25267,0.28028,0.30612,0.33294,0.355,0.37458,0.39165,0.4081,0.42841,0.45711,0.49625,0.53891,0.56305
0,0.038344,0.076839,0.11648,0.15723,0.19897,0.24234,0.28544,0.32519,0.36022,0.39285,0.4253,0.45128,0.4744,0.49912,0.5271,0.55649,0.59063,0.63484,0.68612,0.72552
0,0.048731,0.097237,0.14424,0.19101,0.23736,0.28361,0.32808,0.36671,0.39873,0.42695,0.45371,0.47949,0.50471,0.53097,0.55947,0.59467,0.63619,0.68998,0.75672,0.80811
0,0.028977,0.056803,0.081641,0.10405,0.12555,0.14598,0.16498,0.1828,0.19932,0.2149,0.23081,0.24362,0.25313,0.25842,0.26217,0.26754,0.28251,0.31054,0.33445,0.33621
0,0.030004,0.060865,0.092425,0.12424,0.15499,0.18564,0.21296,0.23788,0.26021,0.28158,0.30349,0.32241,0.33891,0.35377,0.36956,0.39019,0.41899,0.45612,0.49337,0.50524
0,0.032239,0.06279,0.091221,0.11823,0.14295,0.16657,0.18978,0.21239,0.2321,0.25102,0.27267,0.29405,0.31614,0.33792,0.36131,0.3914,0.43289,0.48974,0.5468,0.57109
0,0.033576,0.066858,0.10021,0.13463,0.16971,0.20477,0.23889,0.27018,0.2984,0.32424,0.35073,0.37775,0.40404,0.42934,0.45571,0.48859,0.5259,0.57004,0.61472,0.63298
0,0.053367,0.10692,0.15819,0.21008,0.26155,0.31049,0.35741,0.39924,0.43192,0.45701,0.47699,0.49162,0.50663,0.52283,0.54297,0.57118,0.60602,0.65587,0.7141,0.74839
0,0.023899,0.048093,0.07195,0.094498,0.11493,0.13335,0.15049,0.16607,0.17957,0.19246,0.20539,0.21611,0.22388,0.22983,0.23356,0.2363,0.24198,0.25483,0.27156,0.27428
0,0.032749,0.066568,0.1016,0.13584,0.16965,0.20332,0.23323,0.25913,0.2814,0.30093,0.31932,0.33384,0.34657,0.3587,0.37348,0.39519,0.42514,0.46944,0.50833,0.51961
0,0.033013,0.065197,0.096205,0.12558,0.15509,0.18403,0.21241,0.23777,0.263,0.28786,0.31408,0.33685,0.35824,0.37778,0.39693,0.41978,0.45154,0.49391,0.54013,0.56525
0,0.038763,0.076239,0.11368,0.15132,0.18798,0.22278,0.25598,0.28799,0.31928,0.34934,0.38128,0.4108,0.43987,0.46887,0.49841,0.53426,0.57905,0.63595,0.69844,0.74503
0,0.045276,0.091916,0.13754,0.18227,0.22691,0.26867,0.30753,0.34071,0.36501,0.38214,0.3939,0.40369,0.41499,0.42624,0.44297,0.47122,0.52837,0.61703,0.67751,0.64073
0,0.021991,0.044446,0.067058,0.087941,0.10813,0.12804,0.14698,0.16321,0.17692,0.18917,0.20085,0.21065,0.21843,0.22382,0.22666,0.2282,0.23367,0.24971,0.26802,0.27301
0,0.028632,0.059585,0.091904,0.12543,0.15729,0.18848,0.21889,0.24758,0.27451,0.29837,0.32252,0.34277,0.35982,0.37547,0.39322,0.41824,0.45153,0.49604,0.53956,0.55097
0,0.02892,0.057403,0.085339,0.11272,0.13928,0.16578,0.19132,0.21774,0.24204,0.26552,0.29182,0.31533,0.33853,0.35873,0.37853,0.40282,0.43454,0.47785,0.52497,0.55138
0,0.034934,0.068693,0.10312,0.13779,0.1731,0.20939,0.24554,0.28008,0.31158,0.34114,0.37099,0.39773,0.42283,0.44741,0.47305,0.50304,0.53645,0.57851,0.62833,0.66451
0,0.041591,0.08398,0.1266,0.16664,0.20598,0.24443,0.27932,0.30696,0.32792,0.34572,0.36108,0.37398,0.38536,0.39691,0.41185,0.43793,0.47916,0.53355,0.57395,0.57069
0,0.022759,0.046044,0.068983,0.091477,0.11367,0.13392,0.1541,0.17185,0.18732,0.20209,0.21629,0.22833,0.23798,0.24403,0.24746,0.25203,0.26106,0.27832,0.29681,0.30464
0,0.027722,0.054885,0.082633,0.11077,0.13876,0.16675,0.19357,0.22,0.24517,0.26879,0.29349,0.31496,0.33287,0.34703,0.3613,0.38209,0.41135,0.45744,0.50341,0.5076
0,0.028588,0.056358,0.083679,0.11084,0.13838,0.16537,0.19165,0.21655,0.23997,0.26346,0.28799,0.311,0.33203,0.35058,0.36747,0.38547,0.40977,0.44036,0.46997,0.47903
0,0.038052,0.07635,0.11289,0.14934,0.18651,0.22186,0.25501,0.2852,0.31344,0.33929,0.36551,0.38775,0.40817,0.42674,0.44399,0.47229,0.5149,0.56789,0.62114,0.63538
0,0.04397,0.086669,0.12769,0.16721,0.20514,0.24139,0.27159,0.29627,0.31475,0.32803,0.33782,0.34413,0.34815,0.35163,0.35452,0.36396,0.3867,0.42194,0.43816,0.41495
0,0.02693,0.053691,0.079132,0.10181,0.12282,0.14317,0.161,0.17639,0.18884,0.19925,0.2102,0.22059,0.23107,0.23951,0.24431,0.25021,0.263,0.28636,0.30849,0.307
0,0.036794,0.074157,0.11201,0.14841,0.18333,0.21703,0.24967,0.27855,0.304,0.32677,0.34877,0.3655,0.37966,0.39265,0.4045,0.42089,0.44814,0.48827,0.52443,0.53448
0,0.037514,0.074606,0.10969,0.14362,0.17662,0.20622,0.23535,0.26362,0.29083,0.3173,0.34691,0.37248,0.39703,0.42143,0.44565,0.47028,0.50048,0.54636,0.59747,0.62306
0,0.039399,0.078867,0.11757,0.15489,0.19122,0.22696,0.2609,0.29356,0.32513,0.35432,0.38556,0.41638,0.44594,0.47323,0.50374,0.53659,0.57779,0.62925,0.68139,0.70921
0,0.043809,0.088503,0.13343,0.18028,0.22924,0.27878,0.32559,0.3691,0.40647,0.44132,0.47417,0.5054,0.53479,0.56573,0.5982,0.63939,0.6886,0.74826,0.8165,0.87933
0,0.026826,0.051728,0.075206,0.09727,0.11777,0.13654,0.15366,0.16978,0.18288,0.19454,0.20654,0.21649,0.22544,0.23067,0.23273,0.2356,0.24644,0.26835,0.28445,0.28231
0,0.031707,0.062303,0.091501,0.12042,0.14937,0.17793,0.20521,0.23003,0.25061,0.26922,0.28817,0.30475,0.32053,0.33579,0.35247,0.37438,0.40215,0.44173,0.48138,0.49155
0,0.030336,0.060053,0.087703,0.11385,0.1387,0.1626,0.18465,0.20758,0.22989,0.25214,0.27848,0.30621,0.33802,0.36817,0.39743,0.43379,0.48487,0.55726,0.62561,0.65306
0,0.034097,0.06816,0.10122,0.1328,0.1628,0.19349,0.2237,0.25143,0.27784,0.30317,0.33272,0.36359,0.39476,0.42355,0.45188,0.48436,0.52529,0.57784,0.63591,0.66242
0,0.050027,0.10229,0.15699,0.21026,0.26354,0.31508,0.36395,0.40644,0.43955,0.46491,0.48507,0.50305,0.52188,0.54438,0.57222,0.60756,0.65086,0.70527,0.76654,0.82771
0,0.020898,0.040897,0.060529,0.079427,0.097307,0.11409,0.12941,0.14434,0.15668,0.16768,0.17789,0.18546,0.19171,0.19714,0.19896,0.19939,0.20449,0.21584,0.22763,0.22752
0,0.031405,0.062639,0.092543,0.12223,0.15136,0.18011,0.2075,0.23154,0.25218,0.27007,0.28663,0.30144,0.31538,0.32966,0.3472,0.37021,0.40155,0.44032,0.48033,0.48993
0,0.028023,0.057024,0.086657,0.1155,0.1447,0.17344,0.201,0.22923,0.25775,0.28621,0.31884,0.34864,0.37602,0.39992,0.42319,0.4534,0.4958,0.5498,0.60176,0.62634
0,0.036453,0.072944,0.10935,0.14539,0.18137,0.21611,0.25047,0.28376,0.31413,0.3425,0.37336,0.40738,0.44206,0.47547,0.50792,0.54517,0.58996,0.64251,0.70004,0.73769
0,0.047639,0.098074,0.14947,0.20021,0.252,0.30472,0.35554,0.40011,0.43461,0.45945,0.47881,0.49474,0.51257,0.53465,0.56261,0.60123,0.66155,0.74851,0.82347,0.83722
0,0.019643,0.039734,0.059395,0.077736,0.095381,0.11307,0.1298,0.14471,0.15664,0.16791,0.17886,0.18809,0.19684,0.20249,0.20296,0.20513,0.21281,0.22772,0.2418,0.24491
0,0.026114,0.052811,0.080027,0.10845,0.13698,0.1646,0.19355,0.22007,0.24387,0.26462,0.28611,0.30821,0.3286,0.34796,0.36743,0.39276,0.42328,0.46155,0.49985,0.51119
0,0.027164,0.053523,0.079215,0.10531,0.13232,0.15914,0.1859,0.21288,0.2385,0.26467,0.29596,0.32663,0.35748,0.38481,0.41066,0.44257,0.48589,0.54265,0.59521,0.61516
0,0.03291,0.067172,0.10307,0.13943,0.17484,0.20878,0.24085,0.2709,0.29865,0.32376,0.35028,0.37833,0.40949,0.44233,0.47605,0.51073,0.55237,0.60732,0.67319,0.71908
0,0.045994,0.094654,0.14648,0.20094,0.25431,0.30741,0.35596,0.3985,0.43338,0.46085,0.48314,0.50146,0.51851,0.53365,0.55054,0.57741,0.61869,0.67775,0.72554,0.72702
0,0.020534,0.041476,0.061317,0.080017,0.098814,0.11759,0.13509,0.15173,0.16545,0.17744,0.18802,0.19625,0.20371,0.209,0.21136,0.21409,0.22291,0.23887,0.2535,0.25744
0,0.02567,0.050274,0.074716,0.099239,0.12494,0.14986,0.17495,0.19943,0.2218,0.24251,0.2622,0.27932,0.29489,0.30851,0.325,0.34856,0.38381,0.43161,0.48426,0.4921
0,0.028552,0.055699,0.081849,0.10843,0.13472,0.16241,0.18994,0.21638,0.24127,0.26499,0.29085,0.31488,0.33957,0.36431,0.38819,0.4135,0.44529,0.48501,0.52125,0.52919
0,0.041354,0.083394,0.12394,0.16547,0.20469,0.24271,0.2791,0.31174,0.33974,0.3639,0.38737,0.41109,0.43913,0.46938,0.4997,0.53792,0.58953,0.6514,0.71114,0.72657
0,0.047076,0.095894,0.14236,0.1902,0.23927,0.28549,0.32595,0.3607,0.38851,0.41016,0.42653,0.43834,0.44908,0.45945,0.47157,0.49062,0.52658,0.58067,0.61412,0.5651
0,0.029815,0.059204,0.085453,0.11073,0.13468,0.15664,0.17605,0.19375,0.20916,0.22364,0.23788,0.25061,0.26009,0.26703,0.27294,0.28156,0.29634,0.31824,0.33715,0.3349
0,0.036813,0.073028,0.10913,0.14615,0.18346,0.22073,0.25645,0.29071,0.31917,0.34221,0.36442,0.37976,0.38932,0.39658,0.40354,0.41711,0.44862,0.50176,0.5426,0.5563
0,0.036804,0.074899,0.11189,0.14855,0.18531,0.22192,0.2586,0.29322,0.32449,0.35581,0.39021,0.42034,0.44943,0.47724,0.50454,0.53536,0.57669,0.6316,0.69231,0.71862
0,0.036297,0.071621,0.10729,0.1455,0.18396,0.22186,0.25816,0.29405,0.32673,0.35784,0.39064,0.42035,0.44949,0.47468,0.50212,0.53629,0.57973,0.63594,0.69402,0.72445
0,0.043538,0.087584,0.13121,0.17787,0.22535,0.27083,0.31327,0.35377,0.39313,0.43124,0.47131,0.51436,0.56008,0.6057,0.65708,0.72196,0.78825,0.86016,0.94452,1.0206
0,0.027504,0.053322,0.078214,0.10144,0.12354,0.14468,0.16454,0.18188,0.19639,0.21024,0.22378,0.23393,0.24032,0.24417,0.24725,0.25278,0.26546,0.28469,0.30112,0.30101
0,0.032118,0.063325,0.093551,0.12342,0.15195,0.17946,0.20564,0.22884,0.2487,0.26484,0.28144,0.29493,0.30692,0.3193,0.33272,0.35008,0.38139,0.43136,0.47403,0.49209
0,0.034518,0.066397,0.096998,0.12636,0.15433,0.18185,0.21055,0.23753,0.26215,0.28906,0.31974,0.3467,0.37342,0.40165,0.43415,0.47418,0.52809,0.60909,0.68959,0.71861
0,0.029584,0.059099,0.088257,0.11808,0.14927,0.18111,0.21207,0.24251,0.271,0.29986,0.33301,0.36457,0.39517,0.423,0.45154,0.48552,0.53267,0.5914,0.65259,0.6847
0,0.046808,0.097714,0.15125,0.20739,0.26369,0.31927,0.37145,0.41879,0.45851,0.48801,0.51357,0.53534,0.5608,0.59178,0.63296,0.6899,0.75795,0.82395,0.90481,0.99686
0,0.02356,0.046591,0.067892,0.087646,0.10704,0.12591,0.14299,0.15879,0.17278,0.18478,0.19528,0.20314,0.20807,0.21212,0.2141,0.21621,0.22315,0.23517,0.2461,0.24212
0,0.032697,0.064793,0.096414,0.12722,0.15731,0.18659,0.21554,0.24202,0.26463,0.28053,0.2942,0.30617,0.31636,0.32423,0.33276,0.34796,0.3815,0.43539,0.48224,0.4939
0,0.02936,0.057781,0.086295,0.11554,0.14585,0.17714,0.21053,0.24396,0.27747,0.31112,0.34952,0.38323,0.41532,0.44456,0.4744,0.51051,0.55701,0.61643,0.67478,0.7036
0,0.034587,0.069711,0.10639,0.14437,0.18113,0.21616,0.25039,0.28405,0.31507,0.34364,0.3754,0.40753,0.44106,0.47334,0.50567,0.54308,0.58895,0.64495,0.70246,0.74479
0,0.047249,0.093569,0.13855,0.18643,0.23485,0.27914,0.32115,0.35881,0.39093,0.41683,0.44156,0.4667,0.49608,0.53357,0.59432,0.68166,0.78415,0.90246,0.98933,1.003
0,0.023131,0.045103,0.066605,0.088581,0.10961,0.12967,0.14703,0.16315,0.17654,0.18845,0.19948,0.20801,0.21463,0.21922,0.22158,0.22479,0.23242,0.24701,0.2628,0.26377
0,0.032435,0.065376,0.096606,0.12691,0.15715,0.1872,0.21687,0.24603,0.27148,0.29294,0.31235,0.32848,0.34041,0.35262,0.36782,0.38778,0.41753,0.46476,0.51281,0.52132
0,0.028172,0.055959,0.082931,0.11078,0.14039,0.1717,0.20385,0.23596,0.26587,0.29744,0.33207,0.36636,0.40087,0.43314,0.46463,0.50259,0.55045,0.61183,0.67209,0.69837
0,0.030899,0.064034,0.099236,0.13427,0.16887,0.20426,0.23939,0.2742,0.30718,0.33693,0.36841,0.40008,0.43155,0.46171,0.49548,0.53477,0.58071,0.63832,0.70179,0.75096
0,0.042771,0.085504,0.12762,0.17391,0.22262,0.27701,0.33099,0.37957,0.41889,0.44981,0.47842,0.50478,0.52942,0.55744,0.59361,0.64706,0.72707,0.82496,0.9151,0.93285
0,0.022263,0.043779,0.065007,0.085705,0.10568,0.12482,0.14334,0.16088,0.17661,0.19082,0.2016,0.20933,0.21425,0.21694,0.21668,0.21743,0.22323,0.23746,0.25439,0.25608
0,0.029596,0.058613,0.087723,0.11559,0.14296,0.17137,0.19955,0.22632,0.25097,0.27404,0.29648,0.31577,0.3306,0.3412,0.3526,0.37199,0.40849,0.46656,0.52207,0.53352
0,0.029914,0.060159,0.08973,0.11926,0.1489,0.17914,0.20879,0.23776,0.26525,0.2912,0.31828,0.3437,0.37005,0.39739,0.42769,0.46014,0.50023,0.55244,0.60371,0.61029
0,0.037062,0.074927,0.11329,0.15046,0.18799,0.22749,0.26486,0.30132,0.33492,0.36467,0.3937,0.42152,0.44997,0.47736,0.50368,0.53813,0.58453,0.64915,0.71666,0.74009
0,0.04304,0.086711,0.13177,0.18101,0.23141,0.27632,0.31635,0.3517,0.37924,0.39931,0.41434,0.42505,0.4346,0.44539,0.46739,0.5098,0.57145,0.65845,0.70874,0.66515
0,0.029963,0.058503,0.08602,0.11262,0.13748,0.16099,0.18351,0.20429,0.21977,0.23287,0.24574,0.25687,0.26555,0.27354,0.28363,0.29645,0.31182,0.33454,0.35729,0.36065
0,0.040013,0.080548,0.1188,0.15648,0.19233,0.22682,0.25927,0.28901,0.31212,0.33073,0.3496,0.36406,0.37579,0.38842,0.40182,0.42222,0.45868,0.51176,0.55886,0.57802
0,0.040607,0.079471,0.11886,0.15829,0.19832,0.23866,0.27667,0.31232,0.34271,0.37003,0.39806,0.42187,0.44616,0.47375,0.5048,0.54158,0.59146,0.66297,0.73687,0.76301
0,0.03724,0.073194,0.10825,0.14323,0.17865,0.21498,0.25152,0.28691,0.31664,0.34443,0.37536,0.40269,0.42858,0.45473,0.48608,0.5325,0.59272,0.66385,0.73546,0.75673
0,0.043368,0.08785,0.13399,0.18177,0.2298,0.27899,0.32767,0.37426,0.41512,0.45398,0.4989,0.54937,0.59995,0.64965,0.70245,0.76111,0.819,0.87624,0.93485,0.96897
0,0.029014,0.056184,0.080687,0.10347,0.12456,0.14507,0.1644,0.18209,0.19685,0.20856,0.22013,0.23013,0.23929,0.24734,0.25423,0.26232,0.27549,0.2997,0.32177,0.32722
0,0.03329,0.06588,0.09733,0.12657,0.15457,0.18167,0.20685,0.23,0.24916,0.26677,0.28599,0.30257,0.31861,0.33524,0.35143,0.37077,0.40124,0.44558,0.4825,0.49747
0,0.036169,0.069638,0.1014,0.13171,0.16037,0.18851,0.21824,0.24846,0.27201,0.29224,0.31746,0.34125,0.36649,0.39595,0.43342,0.48089,0.55243,0.66194,0.7679,0.79395
0,0.029117,0.057901,0.087539,0.11816,0.1495,0.18067,0.21157,0.24114,0.26659,0.29042,0.31663,0.34036,0.36349,0.39087,0.4243,0.46807,0.52935,0.60379,0.67538,0.69065
0,0.049638,0.10362,0.16024,0.2198,0.27715,0.33321,0.38619,0.43083,0.46755,0.49786,0.5271,0.55526,0.5876,0.62286,0.66358,0.71415,0.76868,0.8308,0.89494,0.93826
0,0.025035,0.048765,0.071372,0.092721,0.11346,0.13321,0.15236,0.16958,0.18228,0.19263,0.20089,0.20738,0.21283,0.21782,0.22316,0.22878,0.236,0.24908,0.26517,0.27083
0,0.031717,0.062875,0.093041,0.12176,0.15016,0.17864,0.20635,0.23231,0.25434,0.27283,0.29001,0.30401,0.31736,0.32902,0.34005,0.35703,0.39121,0.44299,0.49324,0.50568
0,0.035085,0.070428,0.10416,0.13733,0.17049,0.20516,0.24138,0.27802,0.31334,0.34688,0.38106,0.41209,0.4407,0.46984,0.5027,0.54048,0.59251,0.67107,0.74739,0.77093
0,0.037435,0.07396,0.11043,0.14617,0.18255,0.21837,0.25319,0.28679,0.31795,0.34647,0.37585,0.40308,0.4321,0.46308,0.4969,0.53857,0.59388,0.66611,0.74044,0.76865
0,0.048457,0.096715,0.14655,0.19825,0.25309,0.31229,0.36858,0.41524,0.45381,0.48452,0.51291,0.54029,0.57053,0.6057,0.65292,0.71739,0.79718,0.89536,0.98498,1.004
0,0.024757,0.048483,0.072367,0.096173,0.11842,0.13909,0.1571,0.1733,0.1859,0.19588,0.20545,0.21341,0.21979,0.22471,0.22849,0.2355,0.24605,0.26341,0.28144,0.2879
0,0.032895,0.065104,0.095132,0.12554,0.15669,0.18683,0.21692,0.24732,0.27461,0.29828,0.32109,0.34009,0.35673,0.37443,0.39699,0.42143,0.45461,0.50329,0.55041,0.55931
0,0.036205,0.07112,0.10495,0.13822,0.17041,0.20276,0.23544,0.26784,0.29614,0.32305,0.35409,0.38328,0.41179,0.43926,0.46782,0.50267,0.55508,0.63593,0.71695,0.74271
0,0.035571,0.070781,0.10486,0.13826,0.17071,0.20314,0.23727,0.27256,0.30502,0.33393,0.36456,0.39497,0.42845,0.45971,0.49425,0.5334,0.5825,0.65087,0.7283,0.75185
0,0.049583,0.099209,0.14978,0.20258,0.25571,0.30757,0.35579,0.40249,0.44394,0.47932,0.51143,0.54222,0.57363,0.6039,0.63689,0.6786,0.73372,0.80652,0.87635,0.89938
0,0.023143,0.04537,0.065799,0.085655,0.10506,0.12417,0.14307,0.16071,0.17581,0.18953,0.20261,0.21335,0.22082,0.22674,0.2313,0.2365,0.24408,0.26192,0.28552,0.29336
0,0.031507,0.061553,0.090588,0.12019,0.14937,0.17849,0.20723,0.23423,0.25889,0.28097,0.3018,0.32132,0.3383,0.35471,0.37257,0.3993,0.44421,0.51249,0.57051,0.57951
0,0.034555,0.067833,0.099629,0.12986,0.15907,0.18833,0.21748,0.2469,0.27555,0.30157,0.3272,0.34922,0.37031,0.39171,0.41732,0.44706,0.49027,0.56395,0.64039,0.65373
0,0.041259,0.083671,0.12694,0.16903,0.21058,0.25151,0.29239,0.33368,0.37163,0.40484,0.437,0.46521,0.49194,0.51642,0.5399,0.57239,0.62335,0.69949,0.76767,0.76065
0,0.046657,0.094793,0.14455,0.19273,0.24187,0.28994,0.3331,0.37181,0.40765,0.43558,0.46015,0.47964,0.49931,0.51967,0.54431,0.58134,0.63206,0.70896,0.77709,0.77182
0,0.023106,0.046143,0.067951,0.089328,0.10969,0.12897,0.14797,0.16553,0.18138,0.19583,0.20949,0.22163,0.23136,0.2377,0.24245,0.2498,0.26225,0.2828,0.30516,0.30875
0,0.046903,0.090968,0.13303,0.17282,0.21209,0.24793,0.28146,0.31274,0.33926,0.36087,0.38206,0.39736,0.40937,0.42167,0.43377,0.44803,0.47636,0.52959,0.58271,0.60391
0,0.039588,0.079665,0.12,0.16049,0.2023,0.24509,0.28661,0.32663,0.36311,0.39678,0.43112,0.45955,0.48508,0.50709,0.52739,0.5546,0.598,0.67007,0.73821,0.74221
0,0.035079,0.070163,0.10452,0.13942,0.17481,0.21115,0.24737,0.28356,0.31883,0.35269,0.39058,0.42446,0.45886,0.49568,0.53484,0.58007,0.63163,0.69736,0.76594,0.78924
0,0.04736,0.095256,0.14118,0.1884,0.23653,0.28537,0.33352,0.37966,0.42493,0.46792,0.51625,0.56656,0.61617,0.65753,0.69861,0.74428,0.79258,0.84186,0.89122,0.9185
0,0.023461,0.04598,0.067943,0.089016,0.10839,0.12606,0.14252,0.15797,0.17198,0.18561,0.19863,0.20766,0.21396,0.21735,0.21978,0.22395,0.23626,0.25971,0.27972,0.28154
0,0.036196,0.071406,0.10369,0.13456,0.16583,0.19624,0.22518,0.2496,0.2691,0.28553,0.30268,0.31716,0.33095,0.34433,0.35599,0.36816,0.38995,0.43266,0.47846,0.49874
0,0.036718,0.073171,0.10895,0.14438,0.17948,0.21556,0.25049,0.28363,0.31263,0.34033,0.37087,0.39886,0.42497,0.44801,0.47125,0.50564,0.56631,0.67195,0.76062,0.76229
0,0.029645,0.05974,0.089667,0.12029,0.15272,0.18388,0.21334,0.24442,0.2735,0.30218,0.33618,0.36721,0.40106,0.43923,0.48258,0.53377,0.59737,0.67997,0.75597,0.77708
0,0.050178,0.10076,0.15334,0.20728,0.26395,0.32039,0.37495,0.42595,0.46942,0.50391,0.53503,0.56354,0.59278,0.62424,0.65775,0.69644,0.74108,0.79128,0.84711,0.88854
0,0.019595,0.039197,0.058516,0.077113,0.094225,0.11044,0.12674,0.14212,0.15494,0.16619,0.17608,0.18414,0.18921,0.19277,0.19483,0.19739,0.20453,0.21886,0.23448,0.23946
0,0.033569,0.066291,0.098701,0.13148,0.16417,0.19677,0.22874,0.25785,0.28211,0.30303,0.32146,0.33684,0.35027,0.36121,0.3733,0.38959,0.41997,0.46782,0.51468,0.53165
0,0.033014,0.066422,0.10032,0.134,0.16767,0.20252,0.23761,0.27362,0.30759,0.34006,0.37361,0.40425,0.4321,0.45592,0.47719,0.50645,0.5562,0.63793,0.71436,0.72883
0,0.034688,0.06874,0.10129,0.13281,0.16395,0.1962,0.22954,0.26289,0.2944,0.32488,0.3571,0.38968,0.42309,0.46022,0.50061,0.54654,0.60471,0.684,0.76628,0.79203
0,0.049309,0.099815,0.1524,0.2041,0.25882,0.31793,0.37597,0.42957,0.47422,0.50952,0.53928,0.55978,0.57893,0.60004,0.62637,0.67057,0.73554,0.82293,0.91621,0.97922
0,0.020585,0.040346,0.059115,0.077123,0.094806,0.1122,0.12818,0.14258,0.15472,0.16587,0.17641,0.18486,0.19115,0.19548,0.19826,0.20167,0.20945,0.2246,0.24237,0.24737
0,0.034054,0.069025,0.1032,0.13699,0.17069,0.20395,0.23654,0.26895,0.29717,0.31945,0.3399,0.35761,0.37426,0.39249,0.41431,0.43861,0.46823,0.51706,0.57068,0.58283
0,0.034284,0.067393,0.099296,0.13165,0.16414,0.19757,0.23113,0.26535,0.29673,0.3267,0.35789,0.38544,0.40956,0.43128,0.45055,0.47803,0.53131,0.61266,0.68344,0.69098
0,0.032564,0.064816,0.096871,0.12845,0.15957,0.19201,0.22643,0.26199,0.29551,0.32812,0.36118,0.39186,0.42089,0.45095,0.49098,0.53717,0.59528,0.67409,0.75347,0.77411
0,0.053861,0.10898,0.16283,0.21696,0.27464,0.33062,0.38385,0.43243,0.47436,0.51248,0.54754,0.57737,0.60559,0.63326,0.66313,0.70106,0.751,0.81612,0.88785,0.91606
0,0.019339,0.038398,0.05638,0.074103,0.091788,0.10949,0.12691,0.14268,0.15668,0.16921,0.18068,0.19009,0.19685,0.2003,0.20171,0.20583,0.21558,0.23322,0.25004,0.25088
0,0.034686,0.068714,0.10208,0.13509,0.16667,0.19837,0.23131,0.26401,0.29208,0.31711,0.34097,0.36434,0.38636,0.40491,0.41988,0.43912,0.46838,0.5245,0.58733,0.59957
0,0.032889,0.065175,0.09572,0.12439,0.15244,0.18082,0.20963,0.23871,0.26748,0.29515,0.32299,0.34833,0.37148,0.39388,0.41564,0.44269,0.48977,0.56508,0.62936,0.62306
0,0.034234,0.068989,0.1057,0.14385,0.1821,0.21947,0.25767,0.29463,0.32919,0.36143,0.39354,0.42314,0.45251,0.48368,0.51494,0.55797,0.61877,0.70334,0.78964,0.80996
0,0.057258,0.11392,0.16975,0.22481,0.28026,0.33345,0.38151,0.42474,0.46137,0.48948,0.51211,0.52925,0.54457,0.55738,0.576,0.60633,0.65502,0.72743,0.80874,0.83037
0,0.03136,0.063031,0.092609,0.12033,0.1466,0.17162,0.19584,0.21813,0.23646,0.25431,0.27445,0.29681,0.32277,0.34335,0.36006,0.38153,0.41753,0.45749,0.4948,0.49472
0,0.04353,0.086842,0.1267,0.16445,0.20024,0.23526,0.26885,0.29814,0.32273,0.34481,0.36869,0.39275,0.4163,0.43505,0.44935,0.46341,0.49691,0.5543,0.60204,0.6219
0,0.031921,0.065037,0.098117,0.1304,0.16181,0.19316,0.22361,0.2524,0.27894,0.30473,0.33306,0.35966,0.38311,0.40242,0.41891,0.43625,0.46128,0.50442,0.55647,0.59506
0,0.042589,0.085593,0.12795,0.17166,0.2167,0.26062,0.3007,0.33804,0.37008,0.39803,0.42582,0.45165,0.47691,0.50214,0.52966,0.55676,0.58929,0.62762,0.67966,0.75349
0,0.060078,0.11932,0.17926,0.23506,0.28807,0.33746,0.37876,0.4151,0.44412,0.47082,0.49607,0.51808,0.53906,0.56017,0.58024,0.60488,0.64366,0.70142,0.77117,0.82237
0,0.028534,0.05638,0.082334,0.10655,0.12827,0.14918,0.16858,0.18493,0.19769,0.20882,0.22377,0.2412,0.25933,0.27089,0.27888,0.28999,0.31188,0.35041,0.38245,0.3848
0,0.032932,0.065886,0.099945,0.13208,0.16266,0.19227,0.2187,0.24189,0.26104,0.27791,0.29725,0.31759,0.33742,0.35504,0.37269,0.39264,0.4229,0.46555,0.507,0.52928
0,0.035324,0.070465,0.10311,0.13305,0.16211,0.18836,0.21146,0.23251,0.25255,0.2713,0.29211,0.31349,0.33853,0.36224,0.38786,0.41962,0.46281,0.52631,0.59266,0.63271
0,0.041896,0.082951,0.12244,0.16043,0.19679,0.23125,0.26255,0.28959,0.31198,0.33151,0.3501,0.37045,0.39263,0.41705,0.44068,0.46912,0.50727,0.55113,0.60643,0.65857
0,0.065233,0.13374,0.20255,0.27058,0.33725,0.39494,0.4422,0.48049,0.50942,0.53282,0.55523,0.57577,0.59429,0.6112,0.62555,0.64491,0.67395,0.71959,0.77995,0.82117
0,0.02563,0.051457,0.075867,0.098465,0.11994,0.14025,0.15854,0.17474,0.18781,0.20118,0.21738,0.23346,0.24611,0.25443,0.25852,0.26652,0.28386,0.30956,0.32942,0.33074
0,0.034663,0.068759,0.10319,0.13675,0.16906,0.20101,0.22957,0.25388,0.27402,0.29167,0.31135,0.32948,0.34612,0.36142,0.37709,0.39581,0.42391,0.46732,0.51603,0.53869
0,0.034838,0.070413,0.10538,0.13846,0.17011,0.20195,0.2306,0.25859,0.2843,0.30971,0.33738,0.36555,0.39215,0.41369,0.43525,0.46206,0.49805,0.54741,0.6025,0.65214
0,0.038888,0.077243,0.11384,0.14937,0.18369,0.2161,0.2476,0.27818,0.30535,0.32982,0.35621,0.38401,0.41377,0.44193,0.47157,0.50453,0.54587,0.60121,0.67169,0.76033
0,0.052402,0.10768,0.16591,0.22175,0.27359,0.31837,0.35687,0.39002,0.41708,0.4371,0.45328,0.46696,0.48036,0.49175,0.50497,0.52444,0.56348,0.62664,0.70096,0.70083
0,0.025404,0.050767,0.074759,0.096699,0.11711,0.13607,0.15282,0.16734,0.17876,0.18979,0.20216,0.21443,0.22548,0.23248,0.23542,0.24132,0.25458,0.2793,0.30451,0.30929
0,0.031688,0.062542,0.09378,0.12381,0.15284,0.18236,0.21077,0.23803,0.26267,0.28467,0.3075,0.33011,0.35102,0.36905,0.38536,0.4034,0.43247,0.48026,0.54078,0.57402
0,0.030915,0.06222,0.093584,0.12328,0.15267,0.18135,0.20835,0.23457,0.26036,0.28558,0.312,0.33757,0.36307,0.38654,0.40848,0.43406,0.47014,0.5174,0.56951,0.61304
0,0.04122,0.081391,0.12116,0.16036,0.19768,0.23354,0.26663,0.29602,0.32051,0.34298,0.3663,0.38919,0.41244,0.43717,0.46335,0.49198,0.52656,0.56979,0.62563,0.70514
0,0.051346,0.10156,0.15059,0.19878,0.24388,0.28594,0.32248,0.35326,0.37577,0.39173,0.40548,0.41507,0.42139,0.4268,0.43586,0.44979,0.47115,0.50608,0.54033,0.54399
0,0.025022,0.049833,0.074093,0.095912,0.11642,0.13627,0.15516,0.17359,0.18932,0.20328,0.21768,0.23095,0.24506,0.25408,0.25898,0.26624,0.28767,0.32057,0.34571,0.35363
0,0.029182,0.057876,0.086807,0.11544,0.14326,0.17076,0.19626,0.2203,0.242,0.26264,0.28412,0.30383,0.3206,0.33604,0.34962,0.36504,0.38858,0.43687,0.50459,0.53261
0,0.030885,0.061592,0.09116,0.1205,0.14991,0.17953,0.20804,0.23401,0.258,0.28339,0.31156,0.34069,0.36818,0.39161,0.41285,0.43753,0.46935,0.50567,0.54068,0.56575
0,0.041009,0.080189,0.119,0.15679,0.1917,0.22495,0.25385,0.27833,0.29846,0.31641,0.33567,0.35559,0.37374,0.38996,0.40439,0.42428,0.46411,0.53121,0.59828,0.63211
0,0.05182,0.10298,0.15051,0.19383,0.23485,0.27241,0.30565,0.33219,0.3525,0.36738,0.37966,0.38727,0.38968,0.38736,0.38161,0.37785,0.3852,0.40124,0.40663,0.39566
0,0.027264,0.05408,0.080273,0.10623,0.13014,0.15206,0.17237,0.19056,0.20488,0.2189,0.23642,0.25676,0.27531,0.28921,0.30148,0.32137,0.35462,0.39655,0.42842,0.42961
0,0.036538,0.074664,0.11084,0.14515,0.17724,0.20853,0.23861,0.26508,0.28606,0.30524,0.32761,0.3531,0.37852,0.39712,0.41087,0.42653,0.46127,0.52078,0.56425,0.57711
0,0.035505,0.071229,0.10548,0.13934,0.17176,0.20248,0.23288,0.2612,0.28566,0.31085,0.33982,0.36813,0.39477,0.41735,0.43633,0.45721,0.49025,0.54296,0.60474,0.64662
0,0.040678,0.081474,0.12226,0.1636,0.20419,0.24477,0.28283,0.31744,0.34833,0.37785,0.41171,0.44687,0.48163,0.51238,0.54449,0.57922,0.62167,0.67066,0.72807,0.78405
0,0.053611,0.10805,0.16253,0.21539,0.2695,0.32167,0.36735,0.40821,0.44006,0.4661,0.49205,0.51677,0.54367,0.57363,0.60652,0.64883,0.70014,0.76897,0.85514,0.93736
0,0.028204,0.055829,0.082344,0.1079,0.13239,0.15496,0.17634,0.19401,0.20633,0.21631,0.22801,0.24404,0.25894,0.27109,0.28296,0.29852,0.31977,0.3511,0.37821,0.3808
0,0.029851,0.060617,0.090953,0.12005,0.14733,0.17277,0.19738,0.21906,0.2364,0.25224,0.27154,0.29382,0.31666,0.3382,0.35712,0.37784,0.40783,0.44712,0.49017,0.51127
0,0.032985,0.064082,0.09358,0.12297,0.15162,0.17808,0.20309,0.22638,0.24702,0.26652,0.2892,0.31318,0.33825,0.36504,0.39299,0.42644,0.47896,0.55577,0.64476,0.69558
0,0.037172,0.074732,0.11281,0.14836,0.18291,0.21619,0.2472,0.27604,0.30246,0.32809,0.35805,0.39123,0.42336,0.45348,0.48567,0.52341,0.57065,0.62915,0.69408,0.74573
0,0.05841,0.12145,0.18561,0.24808,0.30916,0.36784,0.41801,0.46121,0.49458,0.52017,0.54293,0.56272,0.5815,0.60133,0.62491,0.65529,0.69759,0.75927,0.83331,0.89615
0,0.022972,0.046025,0.068795,0.090197,0.10989,0.12813,0.14559,0.15976,0.17116,0.18294,0.19586,0.21117,0.22304,0.22974,0.2362,0.24544,0.26123,0.28406,0.30125,0.30067
0,0.031318,0.061378,0.090623,0.11957,0.14749,0.17526,0.20221,0.22491,0.24365,0.26098,0.2812,0.30132,0.32259,0.34304,0.36151,0.38129,0.41327,0.45855,0.50364,0.52666
0,0.034083,0.067584,0.10058,0.13293,0.16401,0.19315,0.22114,0.24778,0.27392,0.30062,0.33114,0.36271,0.39214,0.41749,0.44116,0.47114,0.51384,0.57598,0.64636,0.69495
0,0.03627,0.072385,0.10916,0.14681,0.18509,0.22274,0.25982,0.29492,0.32592,0.35593,0.38975,0.42593,0.46379,0.50095,0.53963,0.58138,0.62811,0.67921,0.74667,0.81634
0,0.056404,0.1136,0.17082,0.22791,0.2817,0.33152,0.37451,0.41271,0.44107,0.45966,0.47583,0.49359,0.51401,0.53322,0.55608,0.58758,0.6377,0.71264,0.80976,0.85083
0,0.022452,0.044267,0.0652,0.085856,0.10632,0.12556,0.14357,0.15878,0.16968,0.17959,0.19104,0.20455,0.21714,0.22644,0.23311,0.24306,0.25954,0.28436,0.30429,0.30786
0,0.029474,0.058712,0.087531,0.11568,0.14336,0.17304,0.20259,0.23064,0.25534,0.27795,0.30436,0.33122,0.35654,0.37823,0.39468,0.40996,0.43853,0.48593,0.53793,0.56302
0,0.029508,0.059933,0.090319,0.12008,0.14899,0.17594,0.20158,0.22708,0.25215,0.27872,0.30925,0.34006,0.3711,0.39913,0.42496,0.45663,0.49904,0.5583,0.62212,0.66333
0,0.034353,0.069604,0.10684,0.1433,0.17992,0.21579,0.2485,0.27856,0.30544,0.33148,0.36242,0.3975,0.43427,0.47148,0.51102,0.55463,0.6009,0.64905,0.71696,0.79417
0,0.052666,0.10521,0.15924,0.21531,0.27284,0.32867,0.3782,0.41906,0.4503,0.47113,0.48415,0.4941,0.50153,0.50891,0.51955,0.53843,0.57421,0.63216,0.69567,0.69047
0,0.023552,0.047352,0.070286,0.092664,0.11375,0.13403,0.15316,0.17103,0.18611,0.20038,0.21352,0.22602,0.234,0.23812,0.2399,0.24689,0.26404,0.29308,0.31682,0.31953
0,0.02733,0.053782,0.079204,0.10391,0.12811,0.15308,0.17725,0.20016,0.22008,0.23876,0.25974,0.27987,0.29866,0.31612,0.33134,0.34961,0.38269,0.43894,0.50689,0.5327
0,0.029791,0.060412,0.091265,0.12217,0.15225,0.18211,0.2106,0.23755,0.26203,0.28585,0.31104,0.33893,0.36786,0.39541,0.42233,0.45418,0.49465,0.54506,0.58919,0.60633
0,0.039437,0.080607,0.12062,0.16024,0.19929,0.23764,0.27373,0.30853,0.33528,0.35923,0.38607,0.41497,0.44348,0.47402,0.5071,0.5509,0.60527,0.67756,0.75211,0.79037
0,0.04889,0.096516,0.14466,0.19164,0.23647,0.28075,0.31994,0.3534,0.37994,0.40008,0.41513,0.42545,0.43138,0.43305,0.43215,0.43675,0.45772,0.50521,0.54075,0.50648
0,0.029852,0.059196,0.086593,0.11202,0.13627,0.15772,0.17716,0.19527,0.21069,0.22583,0.24423,0.26484,0.28429,0.29963,0.31606,0.34048,0.38328,0.43284,0.46557,0.46433
0,0.036319,0.075014,0.11401,0.15266,0.19008,0.2271,0.26224,0.29258,0.31763,0.341,0.36463,0.39236,0.41716,0.43337,0.43965,0.4452,0.47261,0.54041,0.60497,0.62653
0,0.034056,0.067676,0.099614,0.12997,0.16133,0.19486,0.22739,0.25889,0.28688,0.3158,0.35015,0.38522,0.41847,0.44485,0.46403,0.48831,0.52859,0.59834,0.67458,0.72682
0,0.039817,0.079413,0.11772,0.15696,0.19673,0.23425,0.27099,0.30647,0.33838,0.36667,0.39984,0.43404,0.46789,0.49874,0.53267,0.56942,0.61438,0.67022,0.73991,0.8034
0,0.051578,0.10541,0.16028,0.21617,0.26689,0.31725,0.3673,0.41117,0.44944,0.48852,0.52921,0.57116,0.61685,0.65647,0.69919,0.74781,0.80533,0.88492,0.98552,1.0776
0,0.02937,0.056988,0.082795,0.1073,0.13072,0.15167,0.16986,0.1855,0.19643,0.20616,0.21955,0.23579,0.25215,0.26584,0.28077,0.30283,0.33301,0.36503,0.3919,0.39548
0,0.034911,0.069997,0.10513,0.1397,0.17255,0.20347,0.23271,0.25696,0.27684,0.2942,0.31411,0.33675,0.35988,0.37954,0.39481,0.41204,0.44299,0.49705,0.54524,0.57894
0,0.033139,0.064808,0.0947,0.12403,0.15315,0.1809,0.20713,0.23113,0.25173,0.27082,0.2925,0.3173,0.34612,0.37501,0.40393,0.44142,0.502,0.59492,0.69801,0.7525
0,0.0356,0.07039,0.10463,0.1377,0.16968,0.20069,0.23059,0.25864,0.28597,0.31138,0.34126,0.3753,0.41085,0.44372,0.47685,0.51604,0.56838,0.63019,0.69703,0.76562
0,0.055323,0.11447,0.17713,0.24116,0.3046,0.36668,0.42089,0.46514,0.50081,0.53261,0.56174,0.5893,0.61728,0.64749,0.68011,0.722,0.78259,0.86102,0.94309,1.0398
0,0.02409,0.046115,0.066059,0.085101,0.10396,0.12204,0.13822,0.15205,0.16299,0.17489,0.18947,0.20451,0.21729,0.22822,0.23807,0.25298,0.27718,0.30459,0.32199,0.3139
0,0.034777,0.070308,0.1052,0.13938,0.17168,0.20175,0.229,0.25455,0.2757,0.29503,0.31838,0.34424,0.37139,0.39155,0.40614,0.42465,0.45896,0.52122,0.57678,0.60679
0,0.032192,0.063569,0.094262,0.12361,0.15249,0.18162,0.2106,0.23758,0.26393,0.29088,0.32354,0.35968,0.39491,0.42476,0.45244,0.48929,0.54218,0.61649,0.7027,0.76878
0,0.038771,0.078009,0.11762,0.15749,0.19606,0.23234,0.26658,0.29882,0.32712,0.35446,0.38538,0.42266,0.46392,0.50017,0.53638,0.58,0.63272,0.69405,0.76783,0.84805
0,0.059294,0.11959,0.17801,0.23744,0.29065,0.34158,0.38431,0.4164,0.44053,0.4605,0.48388,0.51116,0.54281,0.57433,0.6136,0.67903,0.76494,0.88045,1.002,1.0775
0,0.024508,0.047243,0.069381,0.091213,0.11156,0.13015,0.14647,0.15965,0.16978,0.18008,0.19317,0.20776,0.22293,0.23502,0.24628,0.2611,0.28372,0.30743,0.32488,0.32567
0,0.034025,0.067844,0.10077,0.13464,0.16937,0.20561,0.2409,0.27328,0.29923,0.32302,0.35084,0.37958,0.4066,0.42721,0.44071,0.45431,0.48651,0.54379,0.60687,0.63634
0,0.029313,0.058374,0.087782,0.1174,0.14721,0.17784,0.20759,0.23593,0.26056,0.28433,0.31314,0.34673,0.38316,0.41676,0.44793,0.48513,0.5434,0.62383,0.70231,0.75171
0,0.037052,0.075495,0.11399,0.15109,0.18639,0.22049,0.25134,0.27987,0.30685,0.33222,0.36192,0.39302,0.4302,0.4691,0.50922,0.55475,0.60609,0.66558,0.74099,0.82609
0,0.056608,0.11422,0.16871,0.22203,0.27405,0.32383,0.37246,0.42028,0.46007,0.49047,0.51402,0.53291,0.55033,0.5675,0.58827,0.62104,0.67503,0.76053,0.84919,0.86742
0,0.026077,0.051423,0.074553,0.097435,0.11961,0.14016,0.15939,0.17777,0.19289,0.20702,0.22293,0.23765,0.24911,0.25572,0.26043,0.26759,0.28192,0.30361,0.32468,0.32749
0,0.030964,0.062225,0.092146,0.12135,0.14977,0.17797,0.20584,0.23274,0.25654,0.27977,0.3057,0.3314,0.35209,0.3684,0.38073,0.39613,0.43123,0.49802,0.57493,0.60313
0,0.031427,0.063215,0.095236,0.12686,0.15683,0.18727,0.21686,0.24566,0.27356,0.30015,0.32721,0.35551,0.38477,0.41478,0.44549,0.4812,0.53005,0.59344,0.65723,0.68676
0,0.040906,0.080249,0.11796,0.15521,0.19078,0.22538,0.25802,0.29045,0.31878,0.34332,0.37167,0.40069,0.43046,0.45887,0.48771,0.52755,0.58096,0.65488,0.74012,0.79488
0,0.05286,0.10396,0.1527,0.20295,0.25026,0.29247,0.32933,0.3612,0.38623,0.40376,0.41617,0.42485,0.43434,0.44165,0.45015,0.46834,0.50814,0.58122,0.64501,0.61439
0,0.034357,0.067484,0.099066,0.12923,0.15684,0.18154,0.20534,0.2261,0.24269,0.25919,0.28119,0.30838,0.33752,0.35874,0.37714,0.40894,0.45542,0.5006,0.53714,0.54158
0,0.039357,0.080381,0.12196,0.16205,0.19932,0.23292,0.26457,0.29195,0.31402,0.3332,0.35268,0.37798,0.40267,0.4199,0.43038,0.4468,0.48794,0.56357,0.62693,0.65635
0,0.039143,0.077963,0.11677,0.1557,0.19434,0.23005,0.26177,0.29089,0.31668,0.34289,0.37347,0.40318,0.43117,0.45592,0.47837,0.50658,0.55042,0.62901,0.71283,0.757
0,0.039607,0.080706,0.12147,0.16112,0.20074,0.23899,0.27425,0.30714,0.33661,0.3667,0.39971,0.43398,0.47041,0.50156,0.53308,0.57387,0.63278,0.71938,0.80788,0.85909
0,0.042265,0.085423,0.13054,0.17782,0.22762,0.27969,0.32875,0.37564,0.41754,0.45972,0.50856,0.56072,0.61426,0.66666,0.72449,0.78502,0.84422,0.9016,0.96461,1.0411
0,0.031748,0.062896,0.092621,0.12107,0.14816,0.17175,0.19354,0.21279,0.22864,0.24264,0.259,0.28325,0.30633,0.32539,0.34037,0.35954,0.3803,0.41431,0.44616,0.45568
0,0.037671,0.075159,0.11216,0.14848,0.18398,0.21564,0.24308,0.26797,0.28878,0.30575,0.32519,0.35021,0.37479,0.39619,0.41439,0.43678,0.47174,0.52851,0.57783,0.60598
0,0.038496,0.078101,0.1166,0.15267,0.18892,0.22329,0.25469,0.28299,0.3073,0.32971,0.35474,0.38233,0.41119,0.4408,0.47197,0.51045,0.57116,0.68822,0.80707,0.86242
0,0.03498,0.071564,0.1075,0.14223,0.176,0.2087,0.23878,0.26627,0.28988,0.31259,0.3383,0.36758,0.40041,0.4324,0.46599,0.51076,0.57563,0.66681,0.7565,0.80665
0,0.051823,0.10489,0.15872,0.21198,0.26748,0.32402,0.37517,0.41967,0.45581,0.48906,0.52568,0.56568,0.61052,0.65646,0.70426,0.75116,0.80038,0.85337,0.92189,1.01
0,0.025966,0.050526,0.073874,0.096953,0.11816,0.13715,0.15525,0.17067,0.18251,0.19392,0.20736,0.22303,0.23872,0.25166,0.26365,0.2807,0.30136,0.32466,0.34662,0.35501
0,0.042609,0.084117,0.12361,0.15969,0.1933,0.22436,0.25357,0.28167,0.30426,0.32151,0.34326,0.37095,0.39665,0.41737,0.43537,0.45876,0.49607,0.55807,0.6179,0.65388
0,0.037489,0.075451,0.11126,0.14575,0.17908,0.21103,0.24195,0.27117,0.29874,0.32625,0.35677,0.38587,0.41433,0.43981,0.46369,0.50092,0.55807,0.64417,0.74199,0.79493
0,0.038727,0.077446,0.11624,0.15549,0.19424,0.23154,0.26881,0.30389,0.33473,0.36475,0.39656,0.42997,0.46731,0.50151,0.53738,0.58663,0.65168,0.73557,0.82523,0.88793
0,0.04527,0.091425,0.14046,0.19146,0.23914,0.28752,0.33626,0.37642,0.40897,0.43456,0.46148,0.49247,0.5265,0.56341,0.60875,0.66767,0.74858,0.84599,0.95029,1.0281
0,0.025029,0.049433,0.073449,0.095503,0.11664,0.13478,0.15195,0.16665,0.17696,0.18496,0.19433,0.20825,0.22133,0.23374,0.24798,0.26602,0.28701,0.31291,0.33725,0.3477
0,0.03576,0.072899,0.1111,0.14705,0.18174,0.21498,0.24529,0.27351,0.29771,0.32279,0.3529,0.38663,0.41658,0.44082,0.4594,0.48095,0.52428,0.58643,0.645,0.678
0,0.038709,0.076488,0.11131,0.14441,0.17642,0.20691,0.23539,0.26262,0.28787,0.31079,0.33448,0.35955,0.38353,0.40773,0.43313,0.46779,0.52488,0.61307,0.70462,0.7555
0,0.038572,0.077507,0.11558,0.15278,0.18867,0.22298,0.25669,0.2896,0.31903,0.3465,0.37635,0.40946,0.44713,0.48624,0.52833,0.57757,0.63869,0.71657,0.79817,0.85217
0,0.053063,0.10698,0.1579,0.20645,0.25564,0.30479,0.35369,0.39989,0.43734,0.46795,0.50021,0.52954,0.55759,0.58553,0.61539,0.6554,0.71008,0.7824,0.8655,0.90604
0,0.027175,0.053688,0.08025,0.10582,0.13152,0.1567,0.18069,0.20156,0.21904,0.23756,0.25954,0.28151,0.2983,0.306,0.30836,0.31602,0.33516,0.36397,0.39447,0.4046
0,0.033489,0.06769,0.099892,0.13097,0.16059,0.18871,0.2148,0.24034,0.26283,0.28394,0.3076,0.33208,0.35545,0.37554,0.39073,0.41562,0.46383,0.54192,0.62064,0.65277
0,0.035883,0.070086,0.1031,0.13602,0.16795,0.19807,0.22632,0.25189,0.27497,0.29737,0.32186,0.34714,0.37162,0.39608,0.42003,0.45058,0.49963,0.57507,0.66102,0.69335
0,0.040364,0.081016,0.12439,0.17012,0.21629,0.26212,0.30708,0.34905,0.38546,0.42044,0.46006,0.49708,0.53158,0.56195,0.58655,0.61957,0.67639,0.75744,0.84329,0.87112
0,0.052699,0.10443,0.15322,0.19939,0.24364,0.28674,0.32723,0.36393,0.39421,0.41821,0.44142,0.46353,0.48418,0.50154,0.52214,0.55148,0.60052,0.6751,0.77013,0.78934
0,0.025179,0.049003,0.071049,0.091682,0.11101,0.1294,0.14755,0.1638,0.17685,0.18833,0.20167,0.21713,0.23574,0.25205,0.26854,0.29058,0.32231,0.35854,0.39605,0.40069
0,0.044882,0.089187,0.13348,0.17706,0.21931,0.25604,0.28657,0.31201,0.33124,0.34632,0.36399,0.38784,0.41012,0.42519,0.43242,0.45186,0.50008,0.58885,0.67281,0.70776
0,0.038816,0.077654,0.11582,0.15246,0.18889,0.22495,0.26017,0.29335,0.32307,0.35112,0.38252,0.41521,0.44396,0.4666,0.48339,0.50504,0.55004,0.63887,0.72702,0.76073
0,0.033524,0.067808,0.10325,0.13919,0.17496,0.21023,0.24517,0.27942,0.31117,0.34259,0.3776,0.41439,0.45122,0.48555,0.52245,0.56701,0.63671,0.71832,0.80325,0.85966
0,0.04752,0.096628,0.14576,0.19523,0.24511,0.29481,0.34314,0.39266,0.43658,0.47938,0.52954,0.58224,0.63285,0.67894,0.72648,0.78019,0.84162,0.90064,0.96115,1.0274
0,0.025707,0.050031,0.073273,0.094853,0.11398,0.13112,0.14633,0.16038,0.17183,0.18065,0.189,0.19629,0.20536,0.21435,0.22405,0.23622,0.25754,0.28917,0.3195,0.32112
0,0.039726,0.079113,0.11789,0.15323,0.18466,0.2137,0.2383,0.26053,0.27919,0.29317,0.31068,0.33365,0.35688,0.37725,0.39475,0.4174,0.45624,0.52457,0.58632,0.61957
0,0.036209,0.071653,0.10605,0.13889,0.17111,0.20174,0.23047,0.25768,0.28067,0.3018,0.32662,0.35423,0.38365,0.41108,0.43689,0.47287,0.53966,0.65694,0.77594,0.81474
0,0.032847,0.065656,0.09878,0.1312,0.16248,0.1936,0.22354,0.25102,0.27666,0.30107,0.32811,0.35842,0.39101,0.42462,0.4616,0.51138,0.58193,0.67734,0.77612,0.82973
0,0.053993,0.11061,0.16809,0.22489,0.28079,0.33839,0.39144,0.43874,0.47921,0.51335,0.5489,0.58822,0.62805,0.66528,0.70587,0.75068,0.80305,0.86295,0.92585,1.0077
0,0.021495,0.042236,0.061789,0.079868,0.096646,0.11249,0.12684,0.13996,0.15016,0.15875,0.16734,0.17485,0.18334,0.19138,0.19885,0.21161,0.23147,0.26039,0.28245,0.28473
0,0.049716,0.098556,0.14242,0.18223,0.21749,0.25005,0.27881,0.30417,0.32383,0.3386,0.35637,0.37836,0.39969,0.41793,0.435,0.46069,0.50308,0.58137,0.64897,0.68451
0,0.036306,0.07219,0.10646,0.14021,0.17295,0.20527,0.23577,0.26557,0.29234,0.31791,0.34643,0.37594,0.40495,0.42928,0.44961,0.47966,0.53005,0.61626,0.71694,0.76312
0,0.03581,0.070977,0.10575,0.1394,0.17191,0.20374,0.23459,0.26535,0.29483,0.32493,0.35667,0.3885,0.42411,0.45885,0.49836,0.55224,0.6239,0.721,0.82101,0.87727
0,0.052667,0.1048,0.15716,0.20936,0.26108,0.31339,0.36404,0.40993,0.44611,0.47388,0.49923,0.52526,0.55641,0.58686,0.61688,0.65275,0.7088,0.79035,0.89903,1.0057
0,0.02194,0.043052,0.063441,0.082961,0.10029,0.11569,0.13011,0.14195,0.15078,0.15851,0.16593,0.17381,0.18294,0.19132,0.19896,0.21104,0.22836,0.25132,0.273,0.27626
0,0.044444,0.091013,0.13587,0.17562,0.212,0.24617,0.27764,0.30563,0.32779,0.34881,0.37906,0.4145,0.44677,0.47038,0.48623,0.50591,0.55096,0.63042,0.69728,0.73307
0,0.036256,0.071994,0.10661,0.14035,0.17295,0.2043,0.23452,0.2634,0.28915,0.31442,0.34068,0.36676,0.38945,0.41016,0.42936,0.4579,0.51501,0.61241,0.70805,0.73826
0,0.036478,0.0727,0.10821,0.14351,0.17755,0.21163,0.24514,0.27583,0.30358,0.32993,0.35989,0.38985,0.41891,0.45048,0.48988,0.54145,0.61209,0.70306,0.79335,0.8487
0,0.059791,0.12054,0.18,0.23799,0.29536,0.35066,0.4008,0.44471,0.48221,0.51432,0.54567,0.57453,0.601,0.6254,0.6491,0.68239,0.73679,0.81057,0.89636,0.95353
0,0.021454,0.042785,0.063474,0.082955,0.10208,0.11942,0.13537,0.15022,0.16306,0.1746,0.18723,0.20016,0.21286,0.22161,0.2253,0.23156,0.25091,0.27853,0.30467,0.30596
0,0.034843,0.071115,0.10702,0.14256,0.17641,0.20708,0.23625,0.26341,0.28664,0.30855,0.33318,0.35751,0.37879,0.39576,0.40868,0.4367,0.48638,0.56213,0.64478,0.67616
0,0.036976,0.072299,0.10612,0.13752,0.16722,0.19568,0.22247,0.24796,0.27172,0.29541,0.32221,0.35061,0.3759,0.39758,0.41813,0.44593,0.50141,0.59378,0.67529,0.68793
0,0.037688,0.075023,0.11191,0.14879,0.1856,0.22286,0.25948,0.29441,0.32744,0.35779,0.38906,0.41982,0.44937,0.47482,0.49913,0.5381,0.60459,0.69754,0.7977,0.84597
0,0.058822,0.11749,0.17293,0.22725,0.28058,0.33198,0.3775,0.41831,0.45218,0.47829,0.50111,0.51939,0.5339,0.54362,0.55333,0.57212,0.61477,0.68658,0.77694,0.81829
0,0.02249,0.044444,0.065339,0.084862,0.10277,0.12008,0.13752,0.15421,0.16887,0.18236,0.19518,0.20586,0.21515,0.22393,0.23432,0.24604,0.26219,0.28123,0.29459,0.29405
