0,0.0018139,0.004126,0.0055145,0.0072484,0.0083031,0.0093543,0.010626,0.011305,0.012218,0.012858,0.01403,0.015215,0.016074,0.017321,0.01821,0.019486,0.020962,0.02222,0.023361,0.02429,0.025884,0.027359,0.02889,0.030302,0.030898
0,0.0027461,0.0042713,0.0058207,0.0076273,0.008854,0.010636,0.011551,0.012046,0.013144,0.013914,0.015349,0.016253,0.016872,0.018006,0.018859,0.020624,0.022052,0.022811,0.024249,0.025261,0.026843,0.027999,0.028978,0.030987,0.031675
0,0.0021649,0.0040385,0.0053989,0.0068573,0.0078315,0.0089306,0.0097919,0.010546,0.011234,0.011831,0.012459,0.013267,0.01385,0.014505,0.015226,0.016563,0.01772,0.01867,0.019678,0.020615,0.022142,0.02346,0.024485,0.025646,0.0268
0,0.0028386,0.0053499,0.0073927,0.0089841,0.010382,0.012283,0.014057,0.015191,0.0158,0.016543,0.017804,0.019359,0.020382,0.021541,0.022579,0.024464,0.026095,0.027732,0.029578,0.03077,0.032848,0.034497,0.036313,0.038121,0.039683
0,0.0017583,0.0036921,0.0058248,0.0075981,0.00945,0.010248,0.012085,0.014189,0.015444,0.016672,0.017471,0.018928,0.02082,0.021963,0.023479,0.024429,0.02635,0.028535,0.029988,0.031648,0.032616,0.03383,0.035504,0.036518,0.037824
0,0.0021627,0.0043944,0.0059866,0.0074693,0.0084238,0.0098152,0.01198,0.013236,0.014407,0.015233,0.016582,0.018361,0.019249,0.020397,0.02143,0.022854,0.0251,0.026588,0.028244,0.029455,0.03075,0.032126,0.033327,0.034337,0.035352
0,0.0031841,0.0054123,0.0064494,0.0088104,0.010053,0.011917,0.013621,0.014534,0.01608,0.017234,0.019015,0.0203,0.021154,0.022378,0.023644,0.02535,0.027312,0.028588,0.030306,0.031925,0.032875,0.03404,0.034799,0.036072,0.037187
0,0.0026278,0.0044417,0.0059287,0.0078063,0.0090645,0.010706,0.0122,0.013172,0.014328,0.015291,0.016059,0.017592,0.018444,0.019397,0.020622,0.022356,0.023988,0.025203,0.026438,0.027664,0.028981,0.030083,0.030784,0.031935,0.033027
0,0.0027502,0.0051685,0.0074367,0.0092849,0.010732,0.01284,0.014919,0.016541,0.01743,0.01812,0.020153,0.022302,0.023653,0.024425,0.025328,0.027676,0.029723,0.03166,0.033531,0.035109,0.03689,0.038424,0.03954,0.04068,0.041784
0,0.0013722,0.0032734,0.0056407,0.0074848,0.0097438,0.011019,0.012595,0.01476,0.015795,0.017298,0.018536,0.020256,0.021997,0.023126,0.024104,0.024688,0.026317,0.028458,0.029791,0.031227,0.032511,0.034002,0.035943,0.03733,0.039105
0,0.002288,0.0044877,0.0061503,0.0077822,0.0091134,0.010795,0.013002,0.013845,0.01523,0.016132,0.017712,0.019426,0.020698,0.021671,0.022217,0.023751,0.025648,0.026848,0.028064,0.029147,0.031096,0.032793,0.034296,0.035604,0.036985
0,0.0023884,0.0040939,0.0054176,0.0072185,0.009383,0.011638,0.012892,0.01393,0.015452,0.016911,0.018761,0.020042,0.020973,0.022639,0.023266,0.024998,0.026332,0.027412,0.028882,0.030166,0.031634,0.033253,0.034525,0.036043,0.037545
0,0.0018944,0.0034632,0.0047559,0.0064259,0.0081925,0.0097294,0.011495,0.012687,0.013805,0.014925,0.015953,0.017523,0.0186,0.019588,0.020366,0.021887,0.023385,0.024501,0.02544,0.026662,0.028352,0.030163,0.031388,0.032776,0.034464
0,0.0023005,0.0040942,0.0058046,0.0073389,0.0089036,0.011215,0.013299,0.01509,0.016422,0.017723,0.019649,0.021378,0.022906,0.023816,0.024528,0.026677,0.028282,0.029661,0.03104,0.032231,0.034563,0.036564,0.038055,0.03948,0.040944
0,0.0015653,0.0027145,0.0044988,0.0055548,0.0074476,0.0083162,0.010075,0.011591,0.012833,0.014195,0.015049,0.016538,0.018379,0.019497,0.020786,0.021926,0.023762,0.025789,0.027194,0.028508,0.029754,0.031135,0.032683,0.033932,0.035513
0,0.001981,0.0035034,0.0048377,0.0058769,0.0070252,0.0084104,0.0099093,0.011041,0.011919,0.012571,0.013863,0.015797,0.016718,0.017777,0.018482,0.020238,0.022372,0.023754,0.025339,0.026269,0.028121,0.029552,0.030976,0.032457,0.033528
0,0.0025532,0.0037075,0.005023,0.0063694,0.0078114,0.0098899,0.01111,0.011863,0.013262,0.014135,0.015899,0.017229,0.018072,0.019439,0.02055,0.022444,0.023958,0.025232,0.027001,0.028285,0.029809,0.031114,0.03258,0.034235,0.035302
0,0.0020877,0.0036971,0.0046971,0.0059559,0.0077036,0.0091317,0.010604,0.011672,0.012716,0.013516,0.015123,0.016959,0.017916,0.018924,0.020115,0.021873,0.023582,0.024766,0.026161,0.027424,0.028977,0.030503,0.031601,0.032857,0.034355
0,0.0021806,0.0039411,0.0056996,0.0069584,0.0083099,0.010461,0.011973,0.013225,0.013925,0.014286,0.016497,0.018505,0.019988,0.021048,0.021848,0.024291,0.026261,0.027952,0.029549,0.030786,0.032575,0.034172,0.035441,0.036814,0.037869
0,0.0016946,0.002707,0.0041856,0.0050034,0.0063964,0.0070709,0.0082592,0.0098662,0.011083,0.012238,0.013461,0.015477,0.017187,0.018532,0.020099,0.021312,0.023321,0.025616,0.026826,0.028072,0.029216,0.030869,0.032482,0.034205,0.036005
0,0.001414,0.0033518,0.004399,0.0054325,0.0064084,0.007604,0.0090335,0.010249,0.011376,0.012197,0.013832,0.015697,0.016863,0.017983,0.018931,0.02081,0.023173,0.024468,0.026162,0.027386,0.028861,0.030671,0.032062,0.033642,0.035037
0,0.0026334,0.0034373,0.0045344,0.0057392,0.0069017,0.0086333,0.0097803,0.010981,0.012587,0.01361,0.015783,0.017256,0.018118,0.019774,0.020921,0.023077,0.024667,0.026071,0.027651,0.028985,0.030536,0.032176,0.033712,0.035385,0.036864
0,0.0020854,0.0034215,0.0045193,0.0057317,0.0068058,0.0079802,0.0095605,0.011021,0.012209,0.012981,0.01459,0.016507,0.017755,0.018971,0.020158,0.02224,0.024177,0.025587,0.026829,0.028077,0.029762,0.03148,0.032786,0.034201,0.035873
0,0.0024511,0.0040671,0.0059874,0.0075462,0.0089081,0.01091,0.01252,0.014207,0.015262,0.015737,0.017842,0.019612,0.020942,0.021808,0.022567,0.024904,0.026992,0.029004,0.030626,0.031896,0.033692,0.035615,0.037193,0.038949,0.040447
0,0.0015167,0.0023062,0.0039917,0.0056597,0.0077271,0.0078054,0.0093111,0.011272,0.012453,0.015179,0.015244,0.016321,0.018648,0.019955,0.023,0.023404,0.024981,0.0273,0.028348,0.030862,0.032734,0.034466,0.036407,0.037812,0.03972
0,0.0016818,0.0034125,0.0041272,0.0056396,0.0065387,0.0079538,0.0095966,0.010052,0.01173,0.013769,0.015045,0.016847,0.017695,0.019911,0.022282,0.023365,0.025532,0.026657,0.028846,0.030626,0.031958,0.033682,0.035071,0.037209,0.038316
0,0.0028007,0.0039003,0.005573,0.0069811,0.0085404,0.010264,0.010917,0.011704,0.012761,0.014241,0.015627,0.015805,0.016888,0.017967,0.019948,0.021824,0.022985,0.024437,0.026144,0.027687,0.029612,0.031096,0.032293,0.034583,0.036315
0,0.0026885,0.0040599,0.0049941,0.0063838,0.0076116,0.0094392,0.010239,0.011336,0.012348,0.013183,0.014332,0.014883,0.015827,0.01634,0.017937,0.01985,0.021019,0.022735,0.023539,0.024947,0.026851,0.028042,0.029451,0.030736,0.031918
0,0.0027587,0.0045769,0.0063861,0.0080149,0.0091484,0.011226,0.012896,0.014383,0.015393,0.017016,0.018175,0.019733,0.021037,0.021804,0.02352,0.025342,0.027036,0.028697,0.030079,0.032867,0.034813,0.036271,0.037683,0.039334,0.04256
0,0.001379,0.0032116,0.005846,0.0077123,0.0097826,0.010282,0.011772,0.014129,0.015321,0.017025,0.017685,0.019495,0.021683,0.02297,0.0258,0.026663,0.028857,0.031848,0.033516,0.036543,0.037569,0.03894,0.041087,0.042667,0.0449
0,0.0021011,0.0044233,0.0058886,0.0078139,0.0087333,0.010111,0.012412,0.013066,0.014399,0.01584,0.017306,0.019877,0.020921,0.022527,0.024008,0.025255,0.027967,0.029526,0.031967,0.033963,0.035402,0.036917,0.038103,0.039921,0.041302
0,0.0030811,0.0048931,0.006244,0.0088793,0.010363,0.012064,0.013234,0.014349,0.015619,0.017046,0.018534,0.019845,0.021197,0.02271,0.024765,0.026903,0.028378,0.030418,0.032554,0.034898,0.036358,0.037301,0.038588,0.040195,0.04163
0,0.0023663,0.0043227,0.0058548,0.008861,0.01012,0.011141,0.012526,0.013346,0.014526,0.015283,0.016243,0.017712,0.018829,0.019724,0.021679,0.023707,0.025405,0.026786,0.028195,0.030423,0.031542,0.03245,0.033552,0.034423,0.036522
0,0.0026673,0.0045948,0.0059794,0.0076105,0.008968,0.010862,0.012995,0.013917,0.01468,0.01551,0.017449,0.019681,0.021236,0.022119,0.024731,0.027371,0.029262,0.030368,0.031726,0.034683,0.036648,0.038306,0.039719,0.041752,0.045183
0,0.0014478,0.0028149,0.0050878,0.0068435,0.0090854,0.0097555,0.011672,0.01398,0.015033,0.0172,0.018072,0.020359,0.022932,0.024411,0.026902,0.027538,0.02905,0.031627,0.032886,0.035086,0.036241,0.037712,0.039751,0.041471,0.043856
0,0.0019771,0.0040022,0.0053205,0.0069755,0.00817,0.010284,0.012716,0.013652,0.015351,0.016936,0.018763,0.02095,0.022386,0.024179,0.025559,0.026901,0.028723,0.029922,0.031451,0.033165,0.034915,0.036822,0.038376,0.040398,0.042317
0,0.0026696,0.0040644,0.005323,0.0067456,0.0088445,0.011329,0.01237,0.01334,0.014491,0.016072,0.018034,0.019509,0.021132,0.022771,0.024489,0.02593,0.026844,0.028324,0.029741,0.031386,0.033197,0.034789,0.036764,0.038451,0.040484
0,0.0018871,0.0030338,0.0042165,0.0058066,0.0077031,0.0096179,0.010649,0.011601,0.012736,0.01385,0.014722,0.016539,0.01804,0.019307,0.02068,0.022029,0.023248,0.024513,0.025526,0.027229,0.029306,0.030999,0.031948,0.033336,0.035711
0,0.0019701,0.0031612,0.0043171,0.005464,0.0069354,0.0094385,0.011246,0.012217,0.013284,0.015005,0.017422,0.019435,0.020528,0.022031,0.024326,0.026445,0.02783,0.028656,0.029751,0.031628,0.03394,0.035727,0.03708,0.038749,0.041799
0,0.0018561,0.0031188,0.0044336,0.005991,0.007531,0.0079769,0.010032,0.011746,0.012935,0.014734,0.016176,0.018251,0.020366,0.021613,0.023673,0.024631,0.026716,0.029463,0.031097,0.033487,0.034985,0.036433,0.038448,0.040126,0.042173
0,0.0022934,0.0036996,0.0052229,0.0071191,0.0087439,0.01022,0.011849,0.013168,0.014598,0.01546,0.017301,0.019519,0.020662,0.022016,0.023332,0.025317,0.027545,0.029226,0.031306,0.032867,0.03461,0.036831,0.038404,0.040828,0.042409
0,0.0026677,0.0042564,0.0059913,0.0074461,0.0089434,0.011091,0.012698,0.014195,0.015187,0.016481,0.018543,0.020102,0.0217,0.022522,0.024116,0.026059,0.027906,0.029884,0.031392,0.033175,0.035092,0.036742,0.039059,0.040423,0.04231
0,0.0021117,0.0034578,0.0048897,0.0064107,0.0082711,0.0096882,0.01116,0.012386,0.013586,0.014529,0.016435,0.018112,0.019115,0.020132,0.021864,0.023265,0.025271,0.027022,0.028484,0.030004,0.032149,0.033777,0.03504,0.036493,0.038557
0,0.0025026,0.0042032,0.0058904,0.0079621,0.0098221,0.012011,0.013684,0.014689,0.015779,0.016968,0.019844,0.021867,0.023356,0.024645,0.026708,0.029284,0.031473,0.032995,0.034791,0.036943,0.039933,0.041982,0.043806,0.045557,0.047682
0,0.0021801,0.0027989,0.0036449,0.0047443,0.0061645,0.0064325,0.0076167,0.0094272,0.010632,0.01211,0.013043,0.015445,0.017614,0.019221,0.021597,0.022773,0.024788,0.027538,0.029448,0.031223,0.032762,0.034532,0.03683,0.038982,0.041073
0,0.0013058,0.0029265,0.0039889,0.0057581,0.0069987,0.0083348,0.010276,0.011543,0.013201,0.014533,0.016149,0.018126,0.019486,0.02094,0.022302,0.024587,0.027221,0.028841,0.030797,0.032322,0.034054,0.03625,0.037927,0.04025,0.042071
0,0.0020277,0.0033182,0.0046607,0.0058314,0.0073041,0.0092278,0.010205,0.011644,0.013237,0.014595,0.016383,0.017952,0.019399,0.020616,0.02235,0.024407,0.026059,0.02784,0.029299,0.030682,0.032541,0.034408,0.036507,0.038498,0.040528
0,0.0020946,0.0031202,0.0042798,0.0058889,0.0067375,0.0079227,0.0091985,0.010431,0.011901,0.013032,0.01415,0.016001,0.017238,0.018624,0.019966,0.022026,0.023868,0.025518,0.026794,0.028112,0.030298,0.032236,0.033622,0.035281,0.037735
0,0.002375,0.00395,0.0056727,0.0074397,0.0097686,0.011321,0.012226,0.013159,0.014109,0.015558,0.017822,0.019606,0.020493,0.021457,0.023238,0.026387,0.028737,0.030832,0.032548,0.034398,0.036931,0.039036,0.040622,0.042427,0.045005
0,0.0015909,0.0023706,0.003233,0.0051072,0.0058639,0.0061444,0.0073145,0.0083449,0.0097981,0.011733,0.012368,0.014153,0.015929,0.017942,0.020315,0.020935,0.022673,0.024681,0.026735,0.028822,0.029501,0.031082,0.032649,0.034408,0.036583
0,0.0019876,0.0031193,0.0039053,0.0056422,0.0061745,0.0074537,0.0088238,0.0096561,0.011843,0.01386,0.015228,0.017363,0.018382,0.021238,0.023548,0.024792,0.026906,0.028584,0.031815,0.033765,0.034954,0.036583,0.038152,0.040547,0.042412
0,0.001452,0.0028839,0.004519,0.0053815,0.0059872,0.0070339,0.0084961,0.0095339,0.010604,0.0126,0.013377,0.014784,0.016222,0.017844,0.020047,0.021412,0.023548,0.026427,0.029015,0.031255,0.032268,0.034203,0.03663,0.038451,0.040661
0,0.0025757,0.0035032,0.0048046,0.0061481,0.006898,0.0086341,0.0091181,0.0099931,0.01113,0.012095,0.013457,0.014359,0.01535,0.016374,0.017886,0.019243,0.020913,0.023752,0.026293,0.028771,0.030643,0.032072,0.034053,0.036097,0.038373
0,0.0019797,0.0030737,0.0041849,0.005973,0.0066635,0.0086693,0.010028,0.010626,0.011818,0.012962,0.01449,0.015229,0.015882,0.016911,0.01812,0.020353,0.022106,0.023963,0.025877,0.028711,0.03077,0.032575,0.034665,0.036908,0.040163
0,0.0018675,0.0031549,0.0048262,0.0067229,0.0072577,0.0082806,0.0096973,0.011434,0.012896,0.014233,0.015046,0.01669,0.018795,0.020765,0.022895,0.024186,0.02618,0.028625,0.030776,0.033316,0.034281,0.035669,0.038072,0.040183,0.042461
0,0.0022702,0.003964,0.0049378,0.0072808,0.0079991,0.0096706,0.011965,0.01286,0.015119,0.01646,0.017913,0.020467,0.021833,0.024781,0.026539,0.027951,0.030218,0.031413,0.033988,0.035473,0.036887,0.039058,0.040503,0.043712,0.045476
0,0.0021859,0.004032,0.0059722,0.0077767,0.0086894,0.010066,0.012081,0.01322,0.014771,0.016495,0.017787,0.019074,0.020914,0.022439,0.024832,0.02639,0.027808,0.02992,0.031367,0.033618,0.034718,0.03655,0.039264,0.04107,0.043509
0,0.0022423,0.0036185,0.0051042,0.0074531,0.0085643,0.010134,0.011111,0.012259,0.013538,0.014744,0.01585,0.016819,0.018101,0.019686,0.021791,0.023585,0.024619,0.0258,0.027192,0.029686,0.031296,0.032541,0.03422,0.036351,0.039494
0,0.0019278,0.0034301,0.0045888,0.0065195,0.0070384,0.0095711,0.010569,0.011299,0.01254,0.013241,0.015355,0.016467,0.017291,0.018454,0.020618,0.022662,0.024163,0.025263,0.02694,0.030056,0.032457,0.03433,0.036487,0.038906,0.043207
0,0.0018556,0.0031915,0.0048413,0.0068855,0.0079947,0.0088772,0.010794,0.012529,0.014055,0.015963,0.017028,0.019591,0.022151,0.0243,0.026705,0.027355,0.029117,0.031861,0.033565,0.035586,0.036783,0.038085,0.039945,0.042293,0.044412
0,0.002265,0.0042434,0.0056158,0.0083798,0.009517,0.011219,0.013446,0.014433,0.016644,0.0179,0.01986,0.022754,0.024727,0.02873,0.031254,0.032642,0.035232,0.03648,0.038542,0.039528,0.041248,0.043165,0.044448,0.047073,0.048917
0,0.0019804,0.0035876,0.0056788,0.0073775,0.0088193,0.01051,0.012092,0.013625,0.01534,0.01687,0.018669,0.020717,0.02321,0.025871,0.028227,0.029267,0.030856,0.03265,0.033723,0.035558,0.036618,0.038458,0.040771,0.04256,0.04501
0,0.0021615,0.0029489,0.0043392,0.0063188,0.0081696,0.010063,0.010909,0.012062,0.013585,0.01489,0.016321,0.018102,0.020542,0.023442,0.025786,0.027546,0.02846,0.029853,0.030867,0.032693,0.033983,0.03525,0.03669,0.038424,0.041415
0,0.0018511,0.0028705,0.0039694,0.005718,0.0069778,0.0093185,0.010263,0.011133,0.012458,0.013527,0.016504,0.018104,0.019694,0.021976,0.024612,0.027088,0.028089,0.028665,0.029509,0.032009,0.034431,0.035756,0.037181,0.039122,0.042511
0,0.0020064,0.0028925,0.0045933,0.006528,0.0082361,0.0090487,0.011819,0.014323,0.016169,0.018084,0.019838,0.021878,0.02427,0.025958,0.027828,0.029144,0.031915,0.035661,0.038273,0.04046,0.041988,0.043219,0.045436,0.047402,0.049011
0,0.0020944,0.0040827,0.0054298,0.0078321,0.0093859,0.01116,0.013938,0.016163,0.019098,0.020616,0.022223,0.024929,0.025962,0.028585,0.029915,0.032302,0.035844,0.038475,0.041764,0.043749,0.04568,0.048055,0.049552,0.052279,0.053816
0,0.0021721,0.0043271,0.0067211,0.008391,0.0099452,0.011406,0.013681,0.015711,0.018037,0.019731,0.021315,0.022992,0.024915,0.026536,0.028649,0.030089,0.033191,0.03671,0.039178,0.041397,0.042282,0.044303,0.046793,0.048558,0.050421
0,0.0022228,0.0034531,0.005087,0.0070029,0.0091224,0.010507,0.012271,0.014486,0.016847,0.019298,0.021245,0.022404,0.023695,0.025237,0.027432,0.029215,0.031732,0.034932,0.037358,0.039586,0.041634,0.043315,0.044882,0.046824,0.049104
0,0.0026947,0.0045217,0.0061165,0.0082611,0.010105,0.012581,0.014217,0.015669,0.01763,0.019527,0.022586,0.024538,0.025484,0.026886,0.029242,0.032182,0.035237,0.037714,0.039847,0.042781,0.045003,0.047049,0.048831,0.050696,0.053522
0,0.0018889,0.0025974,0.0032154,0.00413,0.0049637,0.006037,0.0076443,0.0097118,0.011679,0.013837,0.015087,0.017815,0.020244,0.022147,0.0242,0.025575,0.027433,0.029924,0.032024,0.033923,0.035353,0.037467,0.040051,0.042603,0.045035
0,0.00177,0.003167,0.0041609,0.0060569,0.0067697,0.0085148,0.01096,0.012444,0.01501,0.016708,0.018957,0.021966,0.023868,0.026803,0.028696,0.030939,0.033792,0.035872,0.038507,0.039988,0.042253,0.045125,0.047021,0.050294,0.052663
0,0.0017007,0.0029382,0.0042996,0.0054785,0.0067583,0.0081165,0.0095599,0.011503,0.01331,0.015362,0.017065,0.019498,0.021578,0.023825,0.026346,0.028161,0.030094,0.032499,0.033884,0.035629,0.036892,0.039076,0.041946,0.043591,0.046271
0,0.0018472,0.0024745,0.0033276,0.0051091,0.0057221,0.0072201,0.0083334,0.0098346,0.01203,0.013634,0.015198,0.016948,0.018932,0.021755,0.024276,0.026722,0.028137,0.030421,0.032209,0.034029,0.035988,0.037853,0.039834,0.042043,0.044734
0,0.0020866,0.0035452,0.0050831,0.0069153,0.0083066,0.010039,0.011154,0.012021,0.013313,0.014928,0.017737,0.019955,0.02152,0.023375,0.025506,0.028351,0.0301,0.031293,0.032736,0.034581,0.037168,0.03932,0.041319,0.043418,0.046665
0,0.001702,0.0031594,0.005355,0.0066812,0.0079945,0.0087065,0.0096592,0.011016,0.011912,0.012873,0.013322,0.014447,0.016041,0.017353,0.018632,0.019406,0.02086,0.022614,0.02383,0.025195,0.026458,0.027855,0.029596,0.030854,0.032021
