0,0.0047886,0.010483,0.017007,0.024632,0.032327,0.039178,0.043967,0.046562,0.047568,0.047911,0.048512,0.050682,0.052939,0.055586,0.058642,0.061779,0.06476,0.066103,0.065195,0.062044
0,0.0040657,0.0083629,0.012866,0.01749,0.021794,0.025244,0.027858,0.029693,0.031299,0.032527,0.033527,0.034682,0.035809,0.037018,0.03814,0.039215,0.039912,0.040141,0.040173,0.039801
0,0.0034052,0.0069845,0.010702,0.014575,0.018122,0.021373,0.023539,0.024323,0.024581,0.024755,0.025002,0.025633,0.026328,0.027098,0.027714,0.02858,0.02954,0.03081,0.032623,0.034712
0,0.0040349,0.0084802,0.013424,0.018854,0.023929,0.027891,0.030004,0.030267,0.029513,0.02858,0.027707,0.027539,0.027545,0.027975,0.028895,0.029986,0.030765,0.030846,0.030439,0.030754
0,0.0034333,0.0071149,0.011324,0.01575,0.019725,0.022933,0.024933,0.025644,0.025577,0.025286,0.025441,0.026542,0.027913,0.029743,0.031824,0.034231,0.036876,0.038958,0.038982,0.036447
0,0.0041693,0.0090339,0.014564,0.021024,0.027178,0.032656,0.036494,0.038592,0.039371,0.039829,0.040348,0.041943,0.043666,0.045753,0.047659,0.049668,0.051321,0.051927,0.050903,0.048235
0,0.0037137,0.0077903,0.012278,0.017062,0.021518,0.025272,0.0281,0.030075,0.031564,0.032839,0.033962,0.035365,0.036748,0.038094,0.039312,0.04032,0.041039,0.041499,0.041195,0.039911
0,0.0032232,0.0069207,0.01092,0.014781,0.018286,0.021061,0.022873,0.023967,0.024659,0.025212,0.02581,0.026784,0.027751,0.02869,0.029345,0.030257,0.031491,0.032896,0.034814,0.036425
0,0.0038182,0.0082583,0.013387,0.018933,0.023822,0.027203,0.028785,0.028645,0.027868,0.026753,0.025739,0.02537,0.02536,0.025817,0.027102,0.028498,0.030167,0.030908,0.030247,0.029348
0,0.0028592,0.0060055,0.009564,0.013422,0.017352,0.021038,0.023295,0.023964,0.023925,0.023732,0.023742,0.024736,0.026024,0.028026,0.030553,0.033535,0.036518,0.038453,0.037801,0.035034
0,0.0036916,0.0078648,0.012676,0.0181,0.023083,0.027339,0.030203,0.031589,0.032203,0.032565,0.033161,0.034709,0.036407,0.0383,0.040184,0.041997,0.043321,0.043763,0.042813,0.040536
0,0.0039602,0.0081278,0.012164,0.016119,0.019701,0.022842,0.025185,0.026619,0.02788,0.028944,0.029856,0.030938,0.031876,0.032758,0.033575,0.034632,0.035843,0.03708,0.037768,0.036854
0,0.0036014,0.0073217,0.011091,0.014873,0.018364,0.02142,0.023268,0.023769,0.023601,0.023453,0.023502,0.023948,0.024423,0.025096,0.02579,0.026906,0.028087,0.029239,0.030006,0.031248
0,0.0038142,0.0080938,0.012958,0.017975,0.022604,0.026216,0.027678,0.027797,0.027546,0.027462,0.027816,0.028557,0.029349,0.03011,0.03067,0.030755,0.030645,0.029902,0.028287,0.026921
0,0.0032903,0.0070149,0.011353,0.016125,0.020708,0.024722,0.02738,0.028377,0.028407,0.028304,0.028598,0.030126,0.031773,0.033905,0.036557,0.039535,0.042582,0.044403,0.04389,0.041403
0,0.0038953,0.0083355,0.013125,0.018038,0.022591,0.026798,0.030049,0.031749,0.032604,0.032963,0.033361,0.034593,0.035945,0.037628,0.039158,0.040525,0.041524,0.04171,0.040493,0.038501
0,0.0035803,0.0074302,0.011606,0.016023,0.020351,0.023857,0.026102,0.027319,0.028101,0.028504,0.028828,0.029631,0.030519,0.03165,0.033088,0.03478,0.036449,0.037715,0.038011,0.036757
0,0.0032523,0.0067116,0.010509,0.014291,0.017755,0.020464,0.022009,0.022513,0.022668,0.022627,0.022506,0.02267,0.022749,0.023069,0.02361,0.024619,0.025966,0.026934,0.027451,0.027741
0,0.0041852,0.0089589,0.014253,0.019732,0.024568,0.027789,0.029101,0.028979,0.028066,0.027236,0.026999,0.027422,0.027852,0.028375,0.029046,0.029679,0.030609,0.03169,0.031982,0.03145
0,0.0030607,0.0064043,0.010287,0.014549,0.018779,0.022514,0.024981,0.025894,0.026435,0.026669,0.02715,0.028658,0.030152,0.031903,0.034073,0.036234,0.038109,0.039412,0.039382,0.037041
0,0.0036602,0.00777,0.012317,0.017216,0.021785,0.025684,0.028632,0.030306,0.031146,0.031694,0.032269,0.033425,0.034512,0.035468,0.036308,0.037186,0.037794,0.037736,0.036836,0.035172
0,0.0035463,0.0074823,0.011493,0.015901,0.020152,0.023734,0.026218,0.027489,0.028058,0.028413,0.028747,0.029679,0.030698,0.031769,0.032729,0.03394,0.035151,0.036252,0.036586,0.036203
0,0.0037967,0.0079737,0.012284,0.016776,0.02102,0.02417,0.026127,0.026885,0.026905,0.026525,0.026358,0.026939,0.027597,0.028805,0.030535,0.032176,0.03287,0.032696,0.031449,0.029959
0,0.0040563,0.008949,0.014469,0.020092,0.024898,0.027877,0.029014,0.028491,0.027397,0.026631,0.02641,0.026815,0.027549,0.028415,0.029418,0.030143,0.030358,0.030442,0.030358,0.030214
0,0.002809,0.0058932,0.009448,0.013407,0.01709,0.020483,0.022857,0.023457,0.02333,0.022908,0.022878,0.023867,0.0253,0.027483,0.030035,0.032981,0.035826,0.037701,0.03747,0.035432
0,0.0047974,0.010319,0.016747,0.023843,0.030647,0.036443,0.040574,0.042745,0.043601,0.043694,0.044005,0.045625,0.047496,0.049754,0.05243,0.055328,0.057807,0.058688,0.057437,0.053748
0,0.0044526,0.0094603,0.014818,0.020503,0.025834,0.030245,0.033513,0.035268,0.036315,0.037224,0.038122,0.039304,0.040486,0.04183,0.043155,0.04449,0.04568,0.046278,0.045974,0.044799
0,0.0034462,0.0072585,0.011318,0.015454,0.018949,0.022001,0.023923,0.024836,0.025466,0.026143,0.026728,0.027698,0.028562,0.029544,0.030307,0.030983,0.031908,0.033186,0.034897,0.036422
0,0.0032678,0.0068261,0.01084,0.015383,0.019988,0.023901,0.026123,0.026597,0.026386,0.025691,0.025086,0.02532,0.025822,0.026544,0.027331,0.028382,0.029447,0.030384,0.031435,0.032992
0,0.0033021,0.0070065,0.010963,0.015102,0.018877,0.022036,0.024186,0.024968,0.024809,0.024445,0.024471,0.025467,0.026749,0.028535,0.030776,0.033431,0.035893,0.037465,0.037249,0.035048
0,0.0039239,0.0083665,0.013556,0.019226,0.024584,0.029334,0.03264,0.034414,0.034848,0.034818,0.0347,0.035557,0.036679,0.038439,0.040802,0.043275,0.045182,0.045739,0.044737,0.041865
0,0.0043882,0.0090791,0.014004,0.019407,0.024501,0.028562,0.031349,0.033105,0.034444,0.035534,0.036504,0.037768,0.039006,0.040302,0.041479,0.042684,0.044092,0.045042,0.044666,0.042813
0,0.0033894,0.0069318,0.010495,0.014017,0.017427,0.020574,0.022916,0.024521,0.025471,0.02633,0.027358,0.028561,0.029769,0.030831,0.03168,0.032452,0.03319,0.034419,0.036315,0.037738
0,0.0035196,0.0072291,0.011297,0.01581,0.020263,0.023672,0.025217,0.025377,0.024614,0.023489,0.022527,0.022353,0.022517,0.023048,0.024061,0.025538,0.027373,0.029037,0.030281,0.03116
0,0.0026887,0.0056177,0.0090478,0.012838,0.016436,0.019614,0.021694,0.022124,0.021675,0.020983,0.020899,0.02169,0.022873,0.024698,0.027005,0.029678,0.032324,0.033953,0.033678,0.031732
0,0.0036328,0.0077568,0.012533,0.017781,0.022464,0.02611,0.02871,0.029978,0.030129,0.029993,0.030194,0.031415,0.032872,0.034597,0.036604,0.038747,0.040388,0.040812,0.039366,0.036853
0,0.0044996,0.0093571,0.014387,0.019367,0.023932,0.027636,0.030089,0.031348,0.032265,0.033048,0.03386,0.034951,0.036024,0.037364,0.038754,0.040323,0.041732,0.042972,0.042709,0.04092
0,0.0033038,0.0069387,0.010841,0.014803,0.018681,0.021945,0.023901,0.024556,0.024766,0.024877,0.025068,0.025919,0.026819,0.027774,0.028833,0.030048,0.031279,0.032365,0.033195,0.034252
0,0.0031145,0.0063896,0.0098227,0.013569,0.017977,0.021801,0.023968,0.024631,0.024781,0.025153,0.02593,0.02714,0.028513,0.029892,0.031192,0.031959,0.032364,0.032304,0.031466,0.030948
0,0.002933,0.0063565,0.010277,0.014784,0.019017,0.022805,0.025346,0.026048,0.025514,0.024857,0.024652,0.025593,0.026906,0.028824,0.031183,0.033811,0.036493,0.038198,0.037648,0.035321
0,0.0037761,0.0080801,0.012778,0.017838,0.022499,0.026303,0.028789,0.030313,0.031041,0.031194,0.031414,0.032452,0.033664,0.035086,0.036561,0.038197,0.039367,0.039229,0.037751,0.035593
0,0.0042352,0.0087053,0.013377,0.018131,0.022922,0.027041,0.0298,0.031076,0.031596,0.032015,0.032616,0.033691,0.03474,0.036052,0.037723,0.039886,0.042075,0.043807,0.043671,0.041489
0,0.0030614,0.0062921,0.0094698,0.012625,0.015863,0.018942,0.02103,0.021771,0.021942,0.02198,0.022054,0.022603,0.023249,0.02404,0.024996,0.026274,0.027732,0.029571,0.031003,0.031995
0,0.0036464,0.0078176,0.01257,0.017794,0.02295,0.027017,0.028919,0.029146,0.028625,0.02787,0.027615,0.02824,0.028946,0.029665,0.03063,0.03187,0.03305,0.034477,0.035308,0.035717
0,0.0025702,0.0054968,0.0090538,0.012965,0.016859,0.020352,0.022841,0.023608,0.023595,0.023232,0.023069,0.023809,0.024912,0.02656,0.028671,0.031022,0.033178,0.034541,0.034058,0.03205
0,0.0036225,0.0074997,0.011877,0.016575,0.020939,0.024479,0.027042,0.02854,0.029252,0.029654,0.029931,0.030909,0.031863,0.032708,0.033615,0.034703,0.036042,0.036852,0.036861,0.035982
0,0.0040143,0.0083996,0.013171,0.018317,0.02333,0.027668,0.030579,0.031926,0.032577,0.032995,0.033531,0.034652,0.035705,0.036963,0.038287,0.039958,0.041912,0.043498,0.04363,0.041543
0,0.0026177,0.0053606,0.0082726,0.011375,0.014827,0.017961,0.019941,0.02038,0.020521,0.020861,0.02147,0.022917,0.024498,0.026288,0.028265,0.030364,0.032165,0.033376,0.034229,0.034095
0,0.0033523,0.0072716,0.01193,0.017382,0.022215,0.025522,0.026784,0.026588,0.025639,0.02481,0.024531,0.025393,0.026662,0.028287,0.029876,0.031175,0.032027,0.032355,0.032181,0.031974
0,0.0027754,0.0057679,0.0090756,0.012682,0.016059,0.019029,0.020954,0.021664,0.021858,0.021788,0.022083,0.023485,0.025223,0.027662,0.030431,0.033183,0.03573,0.037432,0.037042,0.035024
0,0.0047242,0.010726,0.017969,0.026337,0.03438,0.0415,0.046266,0.048333,0.04874,0.048602,0.049133,0.051549,0.054484,0.058272,0.06239,0.066592,0.070477,0.072596,0.071875,0.068115
0,0.0045221,0.0093499,0.014682,0.020436,0.025899,0.030717,0.034421,0.036653,0.038337,0.039584,0.040704,0.041947,0.042978,0.043957,0.04492,0.046002,0.04687,0.047483,0.047531,0.046677
0,0.0040253,0.0083572,0.013043,0.018104,0.022703,0.026555,0.029068,0.030631,0.032089,0.033416,0.034594,0.035974,0.037087,0.038227,0.039232,0.040209,0.041336,0.042563,0.044075,0.044989
0,0.0042678,0.0085055,0.012798,0.016948,0.020886,0.024209,0.026037,0.026462,0.026259,0.025451,0.024927,0.025183,0.025555,0.026849,0.028997,0.031622,0.033992,0.035807,0.03748,0.038883
0,0.0030162,0.0064113,0.010145,0.01405,0.017763,0.020574,0.022286,0.023117,0.023353,0.023283,0.023551,0.024602,0.025834,0.027459,0.029556,0.032215,0.034525,0.035896,0.035619,0.033621
0,0.0041258,0.0089743,0.014584,0.020615,0.02654,0.031882,0.035829,0.037515,0.037808,0.037425,0.037313,0.038952,0.040841,0.04324,0.046118,0.048994,0.051353,0.052471,0.051202,0.047693
0,0.004458,0.0093454,0.014827,0.020583,0.025865,0.029977,0.032862,0.034986,0.036562,0.037898,0.039161,0.040674,0.042073,0.043207,0.044019,0.044892,0.046053,0.046769,0.046391,0.044674
0,0.0038799,0.0079903,0.012548,0.017282,0.021932,0.025563,0.028255,0.030367,0.032097,0.033565,0.035048,0.036816,0.038486,0.040022,0.041269,0.042392,0.043416,0.044402,0.046039,0.046687
0,0.0049475,0.0098104,0.015069,0.020382,0.024941,0.02845,0.030747,0.031554,0.030838,0.029441,0.028242,0.028087,0.028539,0.03002,0.032816,0.036105,0.039944,0.043231,0.045877,0.04737
0,0.0027766,0.0057365,0.0089982,0.012441,0.015635,0.018395,0.020232,0.020916,0.020997,0.020811,0.021021,0.02202,0.023246,0.02484,0.026764,0.02926,0.031751,0.033244,0.032927,0.031438
0,0.0037188,0.0080076,0.012511,0.017381,0.022504,0.027064,0.030527,0.032354,0.032504,0.032485,0.032527,0.034369,0.036515,0.038864,0.04125,0.043539,0.045475,0.046198,0.044625,0.041362
0,0.0044829,0.0093407,0.014677,0.020163,0.025147,0.02942,0.03265,0.034438,0.035758,0.036711,0.037622,0.038767,0.039871,0.041015,0.042245,0.04369,0.045252,0.046224,0.045773,0.043899
0,0.0038517,0.0081879,0.012936,0.018314,0.023541,0.027869,0.030628,0.03196,0.032557,0.032945,0.033591,0.034821,0.036073,0.037408,0.038556,0.039844,0.041053,0.042316,0.043446,0.04434
0,0.005866,0.012684,0.019779,0.025988,0.031623,0.035923,0.038503,0.039204,0.038945,0.038417,0.038018,0.03935,0.041058,0.043173,0.045662,0.048498,0.050327,0.051543,0.051256,0.050677
0,0.0028217,0.0060338,0.0098848,0.014199,0.018755,0.022314,0.024563,0.025211,0.024946,0.02454,0.024603,0.025678,0.026959,0.028653,0.030866,0.033459,0.036061,0.037772,0.037359,0.035552
0,0.0038316,0.0083329,0.01345,0.018821,0.023762,0.028132,0.031747,0.033869,0.034396,0.034356,0.034309,0.0357,0.037279,0.039173,0.041157,0.042925,0.044167,0.044081,0.042401,0.039718
0,0.0042098,0.0088138,0.013809,0.019146,0.024296,0.028839,0.032128,0.033816,0.034768,0.035619,0.036378,0.037526,0.038624,0.039864,0.041415,0.043394,0.045539,0.047176,0.046857,0.044313
0,0.0031648,0.0065533,0.010488,0.014913,0.019568,0.023606,0.026269,0.027551,0.027964,0.027895,0.028036,0.028865,0.029851,0.03113,0.032616,0.034271,0.035917,0.037736,0.039222,0.040011
0,0.0043131,0.0094975,0.015322,0.021357,0.026964,0.03149,0.033193,0.032954,0.031994,0.030739,0.030131,0.030478,0.031236,0.032698,0.034871,0.037549,0.040562,0.042954,0.043917,0.044146
0,0.0027872,0.0057909,0.0091048,0.0127,0.016247,0.019396,0.021399,0.022176,0.022419,0.022298,0.022516,0.023738,0.025151,0.026942,0.029025,0.031219,0.033177,0.034391,0.03398,0.032025
0,0.0037044,0.0078176,0.012503,0.017561,0.022164,0.026288,0.0295,0.031506,0.032476,0.032951,0.033527,0.03497,0.036394,0.037854,0.039124,0.040295,0.04129,0.041489,0.040914,0.039478
0,0.0043484,0.0091619,0.01431,0.019739,0.025107,0.029715,0.033049,0.034849,0.035889,0.036551,0.03707,0.038204,0.039342,0.040563,0.042095,0.044158,0.046499,0.047995,0.04777,0.045643
0,0.0027248,0.0056601,0.0089923,0.012874,0.017032,0.020846,0.023595,0.024845,0.02543,0.025654,0.026176,0.027578,0.029249,0.031366,0.033644,0.036195,0.038852,0.040714,0.041725,0.041373
0,0.0037645,0.0079889,0.012434,0.017399,0.022683,0.026943,0.029523,0.029804,0.028817,0.027885,0.027533,0.027916,0.028873,0.030265,0.031997,0.033726,0.034916,0.035291,0.03536,0.034445
0,0.0029726,0.006253,0.0099086,0.013635,0.017375,0.020866,0.023476,0.024989,0.025475,0.025567,0.026204,0.028255,0.030696,0.0338,0.037418,0.041488,0.04511,0.047208,0.046708,0.04388
0,0.0053665,0.011733,0.018843,0.026343,0.03315,0.039052,0.04318,0.044928,0.045126,0.044731,0.044605,0.046226,0.048297,0.051132,0.054393,0.058015,0.060836,0.061908,0.060421,0.056357
0,0.0051831,0.010832,0.016789,0.022856,0.028466,0.033446,0.037296,0.039843,0.04174,0.043126,0.043922,0.045057,0.045927,0.046911,0.047786,0.048272,0.048403,0.04755,0.045664,0.043932
0,0.0044614,0.0091992,0.014235,0.019393,0.024169,0.028113,0.031182,0.03362,0.035472,0.036822,0.037756,0.038917,0.039858,0.040793,0.041429,0.04221,0.042987,0.043811,0.044146,0.043618
0,0.0025815,0.0053719,0.0083723,0.011607,0.015005,0.017844,0.019983,0.021269,0.022119,0.022807,0.023667,0.024876,0.025813,0.026521,0.027023,0.027926,0.029077,0.030567,0.032592,0.035317
0,0.0034204,0.0074192,0.012089,0.017077,0.02153,0.025032,0.027513,0.028536,0.028441,0.028217,0.02847,0.030008,0.031834,0.034258,0.036962,0.04023,0.043617,0.046362,0.046586,0.043949
0,0.0038915,0.008409,0.013668,0.019677,0.025238,0.029875,0.033192,0.034476,0.034224,0.033678,0.033314,0.034524,0.036164,0.038412,0.040935,0.043577,0.045497,0.046217,0.044891,0.041347
0,0.0045779,0.0096142,0.015018,0.020655,0.026174,0.030922,0.034697,0.037058,0.039,0.040465,0.041632,0.04307,0.044227,0.044984,0.045574,0.046154,0.046658,0.046022,0.044048,0.041624
0,0.0042274,0.0087504,0.013531,0.018899,0.023889,0.027887,0.031285,0.034119,0.036588,0.038575,0.040159,0.04196,0.043636,0.045409,0.046893,0.04787,0.048717,0.049216,0.049739,0.048407
0,0.0026204,0.0053962,0.0083762,0.011727,0.015436,0.018653,0.020899,0.022162,0.022692,0.023049,0.023431,0.024379,0.025189,0.026109,0.027259,0.028754,0.030732,0.033212,0.035875,0.038742
0,0.0029514,0.0063144,0.01006,0.013998,0.017837,0.021119,0.023405,0.024329,0.024314,0.024063,0.024333,0.025758,0.027671,0.030405,0.033565,0.037159,0.040527,0.042661,0.042529,0.039957
0,0.0034335,0.0072856,0.011636,0.016648,0.021622,0.025578,0.028364,0.029307,0.028925,0.028477,0.028352,0.029509,0.030983,0.032885,0.034966,0.037046,0.038973,0.039768,0.038557,0.036007
0,0.0047615,0.0097845,0.015149,0.020841,0.026192,0.030658,0.033828,0.035723,0.036893,0.037731,0.038383,0.039081,0.039574,0.040132,0.040688,0.041343,0.041804,0.041315,0.039522,0.037328
0,0.0039703,0.0084223,0.013525,0.019244,0.024777,0.029141,0.032001,0.033844,0.035294,0.036516,0.037345,0.038674,0.039976,0.041498,0.042798,0.043891,0.044559,0.045041,0.045255,0.044395
0,0.0025829,0.0050731,0.0075803,0.010459,0.01416,0.018066,0.021065,0.022913,0.0242,0.025813,0.027782,0.030281,0.032761,0.03493,0.036787,0.038325,0.039508,0.040545,0.041337,0.041933
0,0.0032326,0.0069836,0.011412,0.016355,0.020927,0.024789,0.027318,0.02833,0.028181,0.027848,0.028134,0.029649,0.031723,0.03439,0.037702,0.041394,0.044866,0.047238,0.047073,0.044569
0,0.0036539,0.0077734,0.01247,0.017549,0.02205,0.026078,0.028995,0.030484,0.03067,0.030295,0.030056,0.031056,0.032151,0.033706,0.035527,0.037313,0.038656,0.038884,0.037635,0.035641
0,0.0043972,0.0090315,0.014108,0.01948,0.024445,0.028653,0.031682,0.033466,0.034669,0.035397,0.035964,0.036879,0.037626,0.03862,0.040001,0.041763,0.043339,0.04385,0.04222,0.038907
0,0.0033973,0.0071292,0.011172,0.015707,0.020142,0.023977,0.026733,0.028474,0.0296,0.03048,0.031188,0.032257,0.033242,0.034478,0.035659,0.036945,0.037988,0.038994,0.039964,0.039913
0,0.002803,0.0056567,0.0090748,0.013353,0.018163,0.02244,0.024926,0.026066,0.026366,0.026757,0.02764,0.029127,0.030527,0.03183,0.033097,0.034507,0.035705,0.036985,0.03864,0.040398
0,0.0031736,0.0067498,0.010736,0.014912,0.019375,0.023641,0.026655,0.028334,0.028767,0.028902,0.029447,0.030967,0.032655,0.034785,0.037439,0.040403,0.043236,0.045036,0.044782,0.042444
0,0.0036238,0.0076565,0.012216,0.016999,0.021272,0.024861,0.027362,0.028727,0.029132,0.029141,0.029215,0.029914,0.030637,0.031758,0.033219,0.034676,0.035963,0.03685,0.036685,0.03565
0,0.0037341,0.0079441,0.012693,0.018047,0.023227,0.028168,0.031871,0.034197,0.035483,0.03616,0.0367,0.037737,0.038798,0.040022,0.041218,0.042323,0.043351,0.043968,0.043271,0.040579
0,0.0029064,0.0059586,0.0090707,0.012462,0.0162,0.019903,0.022757,0.024182,0.025101,0.026329,0.027668,0.029227,0.030882,0.032869,0.035012,0.036924,0.038584,0.040119,0.041099,0.040932
0,0.0024554,0.0052059,0.0086924,0.013217,0.017893,0.022156,0.024543,0.025564,0.026261,0.027091,0.028391,0.030037,0.031675,0.033232,0.034741,0.036002,0.037118,0.037964,0.038455,0.038461
0,0.0030889,0.0064245,0.010172,0.014212,0.018223,0.021583,0.02372,0.024371,0.024662,0.024936,0.025625,0.027486,0.029788,0.032495,0.035656,0.038924,0.041973,0.044038,0.044192,0.04237
0,0.0059701,0.013111,0.021483,0.030793,0.039365,0.04641,0.051425,0.053835,0.054253,0.05417,0.054252,0.056235,0.058311,0.060816,0.063518,0.066517,0.069341,0.07005,0.068113,0.063532
0,0.0046563,0.009768,0.015091,0.020887,0.026261,0.030704,0.033974,0.035943,0.036955,0.037434,0.037789,0.038869,0.039998,0.041379,0.042888,0.04435,0.045364,0.045544,0.044753,0.043553
0,0.0046789,0.0095685,0.014594,0.0199,0.025037,0.029264,0.032377,0.034514,0.036329,0.037752,0.038922,0.040339,0.041519,0.042534,0.043414,0.044436,0.045694,0.046384,0.046146,0.045108
0,0.0029478,0.0060545,0.0094605,0.013384,0.017201,0.020521,0.023031,0.024298,0.025026,0.025796,0.026738,0.028222,0.02947,0.030767,0.031911,0.033144,0.034483,0.035798,0.036685,0.038088
0,0.0032575,0.006998,0.011213,0.015698,0.019934,0.023063,0.025051,0.02586,0.025873,0.025877,0.026248,0.027579,0.029231,0.031284,0.033881,0.036718,0.039535,0.041611,0.041768,0.040301
0,0.0043288,0.0094075,0.015608,0.022665,0.02935,0.034704,0.038475,0.039942,0.039661,0.039085,0.038689,0.040048,0.041645,0.043676,0.045868,0.04821,0.050034,0.050372,0.048733,0.045217
0,0.0044849,0.0091102,0.01405,0.01938,0.024438,0.028334,0.031229,0.032959,0.034059,0.035021,0.03585,0.037101,0.038197,0.039249,0.040048,0.040845,0.041761,0.041755,0.040582,0.039115
0,0.0044476,0.0092678,0.014561,0.020334,0.026098,0.030863,0.034227,0.036691,0.038792,0.04065,0.042165,0.043748,0.045194,0.046736,0.048328,0.04987,0.051045,0.051637,0.0515,0.049641
0,0.0030538,0.0061604,0.0095911,0.013841,0.018339,0.022237,0.024804,0.025878,0.02635,0.027063,0.028086,0.029808,0.031246,0.032588,0.034112,0.035889,0.037649,0.03962,0.041735,0.043544
0,0.0031328,0.0064896,0.010227,0.014236,0.018132,0.021576,0.023867,0.024669,0.024761,0.02466,0.02484,0.026014,0.027432,0.029334,0.031668,0.034633,0.037534,0.039661,0.03983,0.038447
0,0.0039527,0.0084346,0.013746,0.019613,0.024862,0.029143,0.03209,0.033315,0.033227,0.033031,0.033027,0.034612,0.036531,0.03899,0.041392,0.043565,0.044972,0.045401,0.04359,0.040785
0,0.0042943,0.0088721,0.013698,0.018704,0.023477,0.027572,0.030722,0.032755,0.034265,0.03541,0.03625,0.037314,0.038322,0.039371,0.040462,0.041495,0.042471,0.042779,0.042003,0.040591
0,0.0044011,0.0091794,0.014535,0.020497,0.026367,0.030969,0.034232,0.036008,0.037046,0.037983,0.038943,0.040464,0.041863,0.043515,0.045003,0.046503,0.047957,0.048423,0.04783,0.045955
0,0.0028117,0.0056768,0.0087383,0.012461,0.016866,0.020579,0.023077,0.024202,0.025051,0.026044,0.027753,0.030257,0.032966,0.035892,0.038727,0.041503,0.043817,0.045652,0.046503,0.046619
0,0.0031482,0.0068349,0.011381,0.016316,0.020998,0.024779,0.027446,0.028522,0.028675,0.028716,0.029071,0.030558,0.032219,0.034079,0.036366,0.038966,0.041905,0.044167,0.044406,0.042951
0,0.0040354,0.0086622,0.013851,0.019328,0.0243,0.028563,0.031988,0.033834,0.033947,0.03359,0.033424,0.034612,0.035996,0.037636,0.039276,0.040733,0.041788,0.041731,0.04012,0.037597
0,0.0041865,0.0088671,0.013925,0.019264,0.024245,0.028313,0.031093,0.032668,0.033645,0.034364,0.034994,0.035939,0.036809,0.037825,0.038995,0.040506,0.042007,0.042673,0.04202,0.040206
0,0.0037125,0.0077994,0.012357,0.017248,0.022165,0.026304,0.02914,0.030683,0.031792,0.033034,0.034204,0.035436,0.036468,0.037561,0.038687,0.040003,0.041239,0.042102,0.042018,0.040189
0,0.002949,0.0061826,0.0099345,0.014496,0.01954,0.023921,0.026356,0.027235,0.027394,0.027843,0.028645,0.030108,0.031762,0.033565,0.035431,0.037455,0.039534,0.041347,0.042724,0.043403
0,0.0028247,0.0059213,0.0095013,0.013556,0.017611,0.021105,0.023368,0.024156,0.024516,0.024677,0.025128,0.026582,0.028283,0.030248,0.032585,0.035147,0.037524,0.039158,0.039416,0.037849
0,0.0042859,0.0089111,0.014197,0.01989,0.025018,0.029091,0.03209,0.033711,0.034145,0.034198,0.034296,0.035168,0.036059,0.037099,0.038083,0.039043,0.03975,0.03983,0.038984,0.037423
0,0.0043868,0.0090238,0.013952,0.019013,0.023636,0.027662,0.03076,0.032701,0.034058,0.035123,0.036113,0.037363,0.038501,0.039633,0.040757,0.042115,0.043585,0.044247,0.043278,0.041111
0,0.0032289,0.0068302,0.010852,0.015429,0.02024,0.024605,0.02765,0.029015,0.029758,0.030828,0.032227,0.034087,0.035804,0.037624,0.039575,0.041459,0.043171,0.044673,0.045029,0.043452
0,0.0027616,0.0058177,0.0096094,0.014174,0.018962,0.022988,0.025141,0.02545,0.025367,0.026104,0.027511,0.029472,0.031597,0.033827,0.035968,0.038026,0.039676,0.040828,0.041166,0.040703
0,0.0028127,0.0059407,0.0094815,0.013518,0.017756,0.021665,0.025246,0.027188,0.027861,0.028115,0.028688,0.030338,0.03197,0.033783,0.035692,0.037818,0.039945,0.041207,0.041177,0.040225
0,0.0037423,0.0081517,0.013512,0.019966,0.026646,0.032454,0.036084,0.03775,0.038305,0.038427,0.038795,0.039854,0.040824,0.04205,0.043551,0.045136,0.046676,0.04744,0.046792,0.04466
0,0.0030114,0.0059968,0.0090447,0.012172,0.015198,0.018005,0.020331,0.022311,0.023875,0.025092,0.025989,0.027346,0.028646,0.03011,0.031526,0.032757,0.033824,0.034699,0.035436,0.035321
0,0.0041137,0.0084884,0.013252,0.017726,0.021233,0.023237,0.024168,0.024933,0.025509,0.026073,0.026657,0.027447,0.028344,0.029126,0.029892,0.030581,0.031158,0.032389,0.034274,0.03685
0,0.004046,0.0084828,0.013803,0.019485,0.024606,0.028513,0.031362,0.03236,0.031802,0.030801,0.029794,0.029328,0.029154,0.02946,0.030318,0.031806,0.033638,0.0355,0.03645,0.036092
0,0.0025211,0.0054983,0.0089122,0.013094,0.017451,0.020866,0.023003,0.024131,0.024681,0.025162,0.026188,0.027894,0.029255,0.030583,0.032071,0.033767,0.035512,0.036835,0.036286,0.03476
0,0.0036805,0.0080202,0.013538,0.020226,0.02661,0.031577,0.034518,0.036042,0.036893,0.037532,0.038313,0.039715,0.041102,0.042594,0.044089,0.045522,0.04681,0.047836,0.047787,0.046239
0,0.0029598,0.0061593,0.0096474,0.013457,0.016946,0.019907,0.022062,0.023628,0.024854,0.025913,0.026761,0.027679,0.028433,0.029135,0.029876,0.030945,0.032099,0.03364,0.035899,0.036466
0,0.0039831,0.0082491,0.012717,0.016949,0.020512,0.023156,0.024757,0.02529,0.025181,0.025056,0.025189,0.025627,0.025988,0.026603,0.027763,0.029475,0.031489,0.033747,0.035972,0.038449
0,0.0044113,0.0091357,0.013983,0.019273,0.024263,0.02852,0.031192,0.031935,0.031445,0.030432,0.029642,0.029388,0.029477,0.029967,0.030915,0.03235,0.033608,0.03487,0.035299,0.034714
0,0.0025226,0.0054766,0.0088563,0.012577,0.016605,0.020509,0.023536,0.02506,0.025596,0.025775,0.026158,0.027425,0.028776,0.03011,0.031527,0.033265,0.034956,0.036002,0.036004,0.035581
0,0.0033406,0.0074115,0.012105,0.017452,0.022542,0.026806,0.029901,0.031633,0.032504,0.033207,0.034023,0.035468,0.036821,0.038303,0.039872,0.041435,0.042692,0.043069,0.042386,0.040868
0,0.0026395,0.0053296,0.0081065,0.010903,0.013575,0.016108,0.018217,0.019683,0.020811,0.021829,0.022835,0.024019,0.025084,0.025996,0.026833,0.027716,0.028756,0.030303,0.03163,0.032452
0,0.0038813,0.0080073,0.012396,0.016746,0.02056,0.023685,0.025493,0.026216,0.026299,0.026112,0.025893,0.025835,0.025689,0.025349,0.024898,0.025175,0.026374,0.027768,0.02918,0.030673
0,0.0040559,0.0085605,0.013626,0.018893,0.023706,0.027232,0.028338,0.027769,0.026815,0.026412,0.026534,0.027005,0.027419,0.027872,0.028479,0.029515,0.031021,0.032472,0.033065,0.033236
0,0.0030143,0.0064727,0.010504,0.014922,0.019505,0.023446,0.026174,0.027515,0.027864,0.027834,0.02811,0.029433,0.030861,0.032387,0.034047,0.035971,0.037702,0.038733,0.03871,0.037817
0,0.0033251,0.0070649,0.011282,0.015991,0.020238,0.024016,0.027333,0.029299,0.030527,0.031484,0.032237,0.033081,0.033855,0.034755,0.035856,0.03696,0.038004,0.038494,0.038176,0.036983
0,0.0024847,0.0052145,0.0080148,0.010836,0.01362,0.016118,0.017976,0.019133,0.019656,0.020203,0.020924,0.022046,0.023166,0.024352,0.025511,0.026647,0.027682,0.028644,0.029759,0.031029
0,0.0039159,0.0079911,0.012258,0.016462,0.019836,0.022911,0.025391,0.026473,0.026588,0.026177,0.025645,0.025797,0.025947,0.026151,0.026381,0.027061,0.028467,0.03022,0.031295,0.032227
0,0.0043684,0.0092897,0.014855,0.02062,0.025841,0.029189,0.030344,0.029654,0.028028,0.026732,0.02659,0.027496,0.028405,0.029116,0.030054,0.031531,0.033444,0.035144,0.036151,0.036364
0,0.0026255,0.0056168,0.0089891,0.01294,0.017441,0.021763,0.024916,0.026381,0.026762,0.026745,0.026968,0.028153,0.029445,0.030806,0.032213,0.03369,0.035047,0.035914,0.035335,0.034447
0,0.00318,0.0065568,0.01014,0.014232,0.018183,0.021823,0.024956,0.027044,0.028694,0.029952,0.030932,0.031886,0.032701,0.033467,0.034175,0.034838,0.035252,0.034949,0.033863,0.032879
0,0.0025382,0.0052651,0.0082064,0.011369,0.01445,0.016778,0.018353,0.019075,0.019486,0.019889,0.020532,0.021746,0.022931,0.024238,0.025534,0.026774,0.028145,0.029416,0.030521,0.031049
0,0.0042963,0.0091602,0.014541,0.019789,0.024496,0.02825,0.029895,0.029324,0.027916,0.026635,0.02624,0.026753,0.027145,0.027451,0.028151,0.029324,0.031033,0.032708,0.033975,0.035069
0,0.0049779,0.010702,0.017429,0.024467,0.030615,0.034473,0.035982,0.035509,0.033942,0.032116,0.031061,0.03183,0.033231,0.034744,0.036344,0.038129,0.039654,0.041035,0.041552,0.041128
0,0.0028138,0.0057976,0.0090771,0.012659,0.016705,0.020733,0.023557,0.025123,0.025849,0.026128,0.026513,0.027875,0.029401,0.031231,0.033303,0.035636,0.03773,0.038941,0.038767,0.037911
0,0.0040404,0.0086778,0.014086,0.020759,0.027515,0.032873,0.036161,0.037713,0.03809,0.038063,0.03838,0.039567,0.040819,0.042347,0.043975,0.045711,0.047217,0.04807,0.047405,0.0451
0,0.0034778,0.0072409,0.011057,0.015003,0.018625,0.021706,0.024209,0.026226,0.028009,0.029443,0.030524,0.031931,0.033398,0.034883,0.03624,0.037388,0.038444,0.039231,0.039389,0.038973
0,0.00327,0.0066773,0.010342,0.014069,0.017333,0.019969,0.021851,0.023162,0.024045,0.024629,0.025389,0.026672,0.027938,0.029079,0.029919,0.030698,0.031122,0.031673,0.032695,0.034509
0,0.0035864,0.0073254,0.011516,0.017132,0.022914,0.027829,0.031045,0.031068,0.030044,0.029011,0.028205,0.028286,0.028625,0.029253,0.030223,0.032002,0.034102,0.03624,0.03783,0.038166
0,0.0031257,0.0065622,0.010263,0.014178,0.018137,0.02157,0.023815,0.024785,0.025022,0.025119,0.025531,0.026731,0.028011,0.029562,0.031187,0.032795,0.034609,0.036076,0.035851,0.034171
0,0.0037804,0.0082267,0.013621,0.019715,0.02548,0.030063,0.032578,0.033816,0.034568,0.035025,0.035583,0.036773,0.038019,0.039397,0.040874,0.042545,0.044455,0.045989,0.04654,0.04553
0,0.003588,0.0074637,0.011427,0.015877,0.020109,0.023764,0.026384,0.028275,0.029672,0.030795,0.031839,0.032813,0.033611,0.03443,0.035139,0.035954,0.037189,0.038708,0.039782,0.039436
0,0.0030481,0.0064071,0.0099686,0.013782,0.017089,0.019911,0.021927,0.023195,0.024335,0.025277,0.026128,0.027086,0.027859,0.028723,0.029436,0.03039,0.031549,0.032829,0.034397,0.036164
0,0.0041154,0.0087649,0.014375,0.020267,0.025607,0.03017,0.032382,0.031893,0.030413,0.028664,0.027272,0.027262,0.02778,0.028764,0.030483,0.032852,0.035205,0.037081,0.038104,0.038024
0,0.0027336,0.0057559,0.0091536,0.012789,0.016701,0.020119,0.022537,0.023939,0.024345,0.024204,0.024311,0.025176,0.026168,0.027361,0.02884,0.030567,0.032089,0.033252,0.033675,0.0333
0,0.0034531,0.0073446,0.011805,0.017219,0.022581,0.026968,0.03008,0.031989,0.032946,0.033669,0.034487,0.035814,0.037164,0.038662,0.040247,0.041892,0.043205,0.043963,0.044008,0.043142
0,0.0033527,0.0068408,0.010341,0.013825,0.017189,0.020021,0.02231,0.023927,0.025337,0.026684,0.027821,0.028926,0.030039,0.031096,0.032115,0.033142,0.034243,0.035288,0.03571,0.035057
0,0.0030264,0.0064409,0.010264,0.014023,0.017533,0.020529,0.022249,0.022844,0.02292,0.023226,0.023738,0.024632,0.025497,0.026408,0.02724,0.028334,0.029654,0.031109,0.032216,0.032844
0,0.00351,0.0076433,0.01272,0.018475,0.023581,0.027306,0.028751,0.027809,0.026579,0.026242,0.02699,0.028067,0.028948,0.029732,0.030801,0.032552,0.034472,0.036088,0.036743,0.036925
0,0.0032694,0.0066646,0.010473,0.014489,0.018574,0.021831,0.023933,0.024882,0.025218,0.025174,0.025372,0.026427,0.027596,0.029173,0.030923,0.032659,0.034439,0.035621,0.035712,0.034896
0,0.0032293,0.0068745,0.011108,0.015883,0.020467,0.024353,0.027497,0.029172,0.030045,0.03076,0.031446,0.03246,0.033371,0.034564,0.035991,0.037371,0.038661,0.039534,0.039655,0.038738
0,0.0031553,0.0064759,0.009957,0.013504,0.016736,0.019498,0.02181,0.023166,0.024006,0.024991,0.025826,0.027043,0.028231,0.029355,0.030484,0.031679,0.032879,0.034056,0.034692,0.034384
0,0.0030324,0.0062815,0.0098092,0.013587,0.017432,0.020557,0.022366,0.023041,0.02357,0.023985,0.024519,0.025535,0.026511,0.027451,0.028242,0.028915,0.030282,0.032128,0.033829,0.034994
0,0.0044236,0.0095133,0.015422,0.021686,0.027138,0.030861,0.032129,0.031133,0.02898,0.027736,0.028081,0.029408,0.030581,0.031786,0.033056,0.034422,0.03625,0.038185,0.039258,0.03938
0,0.0026131,0.0054916,0.0089148,0.012527,0.016511,0.019876,0.022009,0.022906,0.022894,0.022708,0.02289,0.023868,0.024895,0.026104,0.027587,0.029231,0.030739,0.031812,0.032013,0.031723
0,0.0033858,0.0070646,0.011053,0.015409,0.019674,0.023611,0.026837,0.029077,0.030702,0.031837,0.032689,0.033789,0.034745,0.035705,0.036426,0.037055,0.037641,0.037748,0.037618,0.037146
0,0.0031328,0.0065596,0.010287,0.014173,0.017828,0.021114,0.023431,0.024384,0.024956,0.025404,0.02597,0.027074,0.028211,0.029476,0.030791,0.032232,0.033709,0.034802,0.035313,0.034742
0,0.0031895,0.0066521,0.010504,0.014456,0.018509,0.021962,0.024138,0.02511,0.025592,0.026227,0.027201,0.028419,0.029335,0.030141,0.030983,0.031969,0.03317,0.034651,0.036292,0.038597
0,0.0048822,0.010469,0.016906,0.023685,0.029886,0.033921,0.035579,0.034959,0.033055,0.03181,0.03186,0.03306,0.034311,0.035755,0.037132,0.038525,0.040045,0.041303,0.041676,0.0414
0,0.0025783,0.005272,0.008495,0.012287,0.016478,0.02055,0.023872,0.025613,0.026211,0.026471,0.02694,0.028588,0.030446,0.032439,0.034677,0.037152,0.039198,0.040266,0.039896,0.038791
0,0.0042244,0.009332,0.01569,0.023155,0.030352,0.03622,0.039514,0.040976,0.04154,0.04184,0.042334,0.043958,0.04568,0.04777,0.050113,0.05266,0.054893,0.0564,0.056252,0.054345
0,0.0040506,0.0083519,0.012793,0.017353,0.021665,0.025585,0.0288,0.031186,0.032849,0.03405,0.035142,0.036619,0.038104,0.039703,0.041082,0.042244,0.043147,0.043755,0.043945,0.043967
0,0.003011,0.0060982,0.009291,0.012796,0.015903,0.018736,0.020917,0.02209,0.023154,0.024218,0.025322,0.026845,0.028267,0.029618,0.030904,0.031998,0.03267,0.033299,0.034607,0.036226
0,0.0050233,0.010285,0.016126,0.021968,0.026614,0.029989,0.031666,0.031295,0.0303,0.029699,0.029529,0.029566,0.029642,0.030035,0.030996,0.033071,0.036037,0.039229,0.041953,0.04384
0,0.0027608,0.005968,0.0096484,0.013736,0.017793,0.021257,0.023622,0.024615,0.024892,0.025068,0.025564,0.026957,0.028359,0.029962,0.031802,0.033753,0.035709,0.037234,0.036801,0.034969
0,0.0035378,0.0078925,0.013294,0.019877,0.026249,0.031365,0.034296,0.035743,0.036433,0.036876,0.037368,0.038663,0.040032,0.041605,0.043354,0.045156,0.04681,0.04808,0.048386,0.047254
0,0.004019,0.0085925,0.013638,0.018881,0.024065,0.028258,0.031205,0.033327,0.03473,0.035832,0.036673,0.037651,0.038567,0.039637,0.040486,0.041275,0.042287,0.043418,0.044261,0.043968
0,0.0026801,0.0055411,0.0087533,0.012263,0.015716,0.018839,0.021083,0.022432,0.023541,0.024773,0.025964,0.027318,0.028481,0.029576,0.030443,0.031353,0.032501,0.033491,0.035315,0.037431
0,0.0058214,0.012221,0.018668,0.024429,0.029314,0.033846,0.036912,0.037119,0.03625,0.035004,0.03435,0.034529,0.034886,0.035404,0.036518,0.038882,0.042563,0.046282,0.048766,0.04965
0,0.0024092,0.0051406,0.0083467,0.011856,0.015602,0.019103,0.021862,0.023344,0.023799,0.023821,0.024174,0.025367,0.026712,0.028305,0.030075,0.031843,0.03342,0.034425,0.034551,0.034117
0,0.0031968,0.0069318,0.011447,0.017277,0.023332,0.027977,0.031138,0.032784,0.033629,0.03413,0.034777,0.036074,0.037514,0.03924,0.040997,0.042803,0.044547,0.045119,0.04457,0.042893
0,0.003873,0.0079384,0.012051,0.016081,0.019861,0.023339,0.02612,0.028113,0.029655,0.030851,0.032061,0.033383,0.034532,0.035724,0.036896,0.038025,0.039203,0.040147,0.040041,0.039052
0,0.0029528,0.0061546,0.009799,0.013936,0.017917,0.021346,0.023523,0.02408,0.024087,0.02438,0.025092,0.02674,0.02834,0.029887,0.031311,0.032824,0.034305,0.035608,0.036758,0.037008
0,0.0057183,0.012257,0.018746,0.025422,0.031595,0.037291,0.039513,0.038953,0.037879,0.037295,0.037682,0.038312,0.038759,0.039352,0.040315,0.042365,0.044943,0.046959,0.048324,0.049527
0,0.0029434,0.0060996,0.0096493,0.013506,0.01748,0.020959,0.023446,0.024637,0.024955,0.024906,0.025136,0.026368,0.027724,0.029328,0.031107,0.032871,0.034463,0.035523,0.035479,0.034539
0,0.0033411,0.006937,0.011165,0.015859,0.020654,0.02501,0.027923,0.029365,0.030543,0.031354,0.032185,0.033323,0.034416,0.035633,0.036965,0.038388,0.03989,0.040798,0.040531,0.039029
0,0.0037006,0.0075474,0.011476,0.015541,0.019482,0.022957,0.025696,0.027577,0.029055,0.030297,0.031408,0.032614,0.033741,0.034859,0.036057,0.037205,0.038328,0.039077,0.039124,0.037891
0,0.0026929,0.0056068,0.0087866,0.012279,0.015925,0.019099,0.021157,0.021991,0.022442,0.023021,0.02367,0.025061,0.026482,0.028077,0.029701,0.031344,0.032883,0.034466,0.036087,0.037092
0,0.0055752,0.011887,0.018902,0.025578,0.031501,0.035996,0.03727,0.036372,0.035121,0.034466,0.034803,0.035696,0.036306,0.036617,0.037113,0.038262,0.040274,0.042729,0.044322,0.045174
0,0.0022815,0.0048945,0.0081184,0.012025,0.016126,0.019641,0.0222,0.023278,0.023277,0.023113,0.023253,0.024347,0.025519,0.026872,0.028414,0.030097,0.031664,0.032744,0.032754,0.03214
0,0.0032741,0.0067236,0.010687,0.015128,0.01949,0.023361,0.026227,0.028101,0.029529,0.030538,0.031433,0.032653,0.033803,0.034799,0.035583,0.036199,0.036799,0.037045,0.036247,0.034659
0,0.0038103,0.0078785,0.011992,0.016213,0.020096,0.023641,0.026436,0.02811,0.029239,0.030191,0.031231,0.03269,0.033951,0.035304,0.036782,0.038397,0.039975,0.041086,0.041281,0.039683
0,0.0028108,0.0058485,0.0093873,0.012992,0.01639,0.019778,0.022571,0.023992,0.025057,0.026472,0.027972,0.029603,0.030979,0.032189,0.033556,0.035098,0.036908,0.039097,0.041077,0.042912
0,0.0055735,0.011885,0.019061,0.026141,0.032795,0.037702,0.039652,0.039249,0.038187,0.038191,0.038843,0.040073,0.040985,0.041575,0.042192,0.042987,0.044455,0.046155,0.048078,0.04887
0,0.0031591,0.0064942,0.010242,0.014649,0.019508,0.024154,0.027496,0.028974,0.02941,0.029532,0.030104,0.031721,0.033446,0.035436,0.037749,0.040207,0.042585,0.044536,0.045001,0.04407
0,0.00455,0.010037,0.016378,0.023257,0.030021,0.035537,0.038997,0.040294,0.040331,0.040254,0.040539,0.041956,0.043544,0.045567,0.047849,0.050174,0.052377,0.053585,0.052945,0.050402
0,0.0045197,0.0094329,0.014665,0.020215,0.025423,0.029915,0.033455,0.03575,0.037338,0.038649,0.039798,0.041277,0.042622,0.043897,0.044906,0.04581,0.046395,0.046387,0.045831,0.044868
0,0.0033071,0.0066074,0.010074,0.013543,0.016837,0.019831,0.022055,0.02337,0.024634,0.025804,0.027104,0.02869,0.030097,0.031452,0.032585,0.033486,0.034128,0.034402,0.035524,0.036348
0,0.0030652,0.0063178,0.0098381,0.013526,0.01719,0.020437,0.022871,0.024004,0.024762,0.02565,0.026799,0.028147,0.0293,0.03027,0.030921,0.03163,0.032695,0.034072,0.035421,0.036866
0,0.0029314,0.006325,0.010165,0.014504,0.018994,0.022877,0.025495,0.026882,0.027531,0.028049,0.028755,0.030285,0.031823,0.033688,0.035876,0.03836,0.040761,0.042596,0.042622,0.040976
0,0.0036282,0.007854,0.013095,0.019096,0.024809,0.029441,0.032342,0.033467,0.03381,0.033994,0.034451,0.035669,0.036953,0.038538,0.040367,0.042429,0.04432,0.045574,0.045684,0.044247
0,0.0047039,0.0098744,0.015408,0.021106,0.026636,0.031285,0.034655,0.036747,0.037911,0.038629,0.039227,0.040072,0.040807,0.041498,0.042166,0.043057,0.04442,0.046065,0.046538,0.045133
0,0.0029288,0.0061528,0.01002,0.014312,0.018209,0.021165,0.022873,0.023417,0.024204,0.025418,0.02691,0.028488,0.029815,0.030995,0.03199,0.032832,0.033624,0.034941,0.037172,0.038916
0,0.0032312,0.0064676,0.0099321,0.013574,0.017222,0.020487,0.022928,0.023907,0.024395,0.025254,0.026347,0.028052,0.029385,0.03055,0.031383,0.032572,0.033828,0.034921,0.035872,0.036816
0,0.002919,0.0062071,0.0098956,0.01392,0.018305,0.022549,0.025473,0.026668,0.026789,0.026618,0.026867,0.028008,0.029231,0.030666,0.032335,0.034353,0.036628,0.038555,0.039085,0.03868
0,0.0035662,0.0075672,0.012385,0.018087,0.023714,0.028359,0.031352,0.032574,0.033148,0.03355,0.034133,0.035627,0.037132,0.03887,0.040714,0.042652,0.044497,0.045559,0.045528,0.04422
0,0.0042617,0.0087136,0.013465,0.018183,0.022577,0.026294,0.02916,0.030829,0.031845,0.032758,0.033707,0.03482,0.035822,0.036732,0.037597,0.038358,0.038857,0.039081,0.038888,0.037688
0,0.0030399,0.0064986,0.010479,0.014992,0.018939,0.021873,0.023385,0.02372,0.023916,0.024569,0.025599,0.027352,0.028908,0.030288,0.031563,0.032819,0.034487,0.036182,0.037555,0.03807
0,0.0029716,0.00614,0.0098283,0.01389,0.018444,0.022036,0.024416,0.026035,0.027015,0.028642,0.030419,0.032209,0.033681,0.034602,0.035293,0.035772,0.036537,0.037121,0.037712,0.039259
0,0.0032552,0.0070022,0.011316,0.01609,0.021029,0.025231,0.02796,0.029033,0.029139,0.028882,0.029118,0.030406,0.031703,0.033144,0.034763,0.036688,0.039108,0.041035,0.041517,0.040599
0,0.0033561,0.0070944,0.011448,0.016696,0.021804,0.026239,0.029173,0.030364,0.030828,0.031249,0.031844,0.033033,0.034354,0.035879,0.037583,0.039421,0.04113,0.04222,0.04229,0.041078
0,0.0040458,0.0084075,0.01306,0.018226,0.023074,0.026808,0.029331,0.030659,0.031353,0.031909,0.032643,0.033771,0.034803,0.035754,0.03681,0.0381,0.039123,0.03986,0.040427,0.039494
0,0.0027595,0.0058775,0.0094175,0.013371,0.016899,0.019587,0.02112,0.02162,0.021937,0.022925,0.024254,0.025858,0.027237,0.028474,0.029451,0.030341,0.031945,0.034206,0.036437,0.037355
0,0.0040251,0.0085482,0.013688,0.018808,0.023263,0.026194,0.027557,0.027286,0.026929,0.027011,0.028139,0.029798,0.031371,0.032846,0.033901,0.034702,0.035576,0.036827,0.037712,0.038306
0,0.0026642,0.0056667,0.0091872,0.01304,0.017148,0.02121,0.023898,0.024907,0.025185,0.025351,0.02564,0.02668,0.027755,0.028936,0.030333,0.031826,0.03317,0.034283,0.034738,0.034229
0,0.0034472,0.0072328,0.011426,0.016188,0.020929,0.025076,0.027974,0.029714,0.030978,0.032039,0.032925,0.034005,0.034938,0.035955,0.036816,0.03769,0.038305,0.0386,0.038183,0.036947
0,0.0037799,0.0077723,0.012005,0.016411,0.020643,0.023968,0.026165,0.027272,0.027873,0.028401,0.029095,0.030203,0.03128,0.032424,0.033775,0.035222,0.036983,0.0389,0.039807,0.038683
0,0.002825,0.0058997,0.009207,0.012654,0.015832,0.018297,0.019593,0.020413,0.022162,0.024981,0.02771,0.029788,0.031334,0.032616,0.033556,0.03441,0.035775,0.038079,0.040373,0.041465
0,0.0046923,0.0098554,0.015396,0.021262,0.026448,0.030163,0.031489,0.031479,0.031125,0.031784,0.033236,0.034994,0.036608,0.03789,0.039073,0.039926,0.040568,0.040929,0.040956,0.040847
0,0.0028332,0.005886,0.0094567,0.013578,0.01811,0.022528,0.026167,0.027989,0.028631,0.028764,0.029081,0.030915,0.032908,0.035322,0.037945,0.040852,0.043558,0.045438,0.045695,0.044607
0,0.0044759,0.0097247,0.015961,0.023276,0.030291,0.035879,0.03979,0.041723,0.042065,0.041795,0.04171,0.043067,0.044595,0.046422,0.048452,0.050836,0.05288,0.053551,0.052064,0.049078
0,0.004382,0.0091764,0.014135,0.019196,0.024142,0.028357,0.031698,0.033883,0.035376,0.03656,0.037657,0.039177,0.040665,0.04215,0.043414,0.044288,0.044799,0.044991,0.04473,0.044229
0,0.0036806,0.0075895,0.011811,0.016318,0.020365,0.023765,0.026286,0.027956,0.029208,0.030304,0.031498,0.033061,0.034466,0.035724,0.036901,0.038031,0.038809,0.038977,0.038893,0.038457
0,0.0030561,0.0062592,0.0097525,0.013599,0.017156,0.020232,0.02239,0.023233,0.024039,0.025186,0.026481,0.028066,0.029546,0.030891,0.031873,0.032721,0.033772,0.034824,0.035548,0.0359
0,0.0029647,0.0062549,0.01013,0.014688,0.019337,0.022878,0.025285,0.026305,0.026592,0.026843,0.027539,0.029123,0.030624,0.032426,0.034584,0.037242,0.040105,0.042283,0.042594,0.041487
0,0.0041528,0.0090334,0.014803,0.021292,0.027384,0.032065,0.035131,0.036535,0.036969,0.036977,0.037136,0.03838,0.039725,0.041372,0.043165,0.044987,0.046664,0.047329,0.047074,0.046228
0,0.0042988,0.008827,0.013613,0.018723,0.02368,0.027804,0.030995,0.033439,0.035253,0.036621,0.037746,0.038897,0.039833,0.040599,0.041149,0.041678,0.042459,0.043413,0.04337,0.042561
0,0.0038015,0.008129,0.012876,0.017753,0.02235,0.025868,0.028169,0.029784,0.031366,0.032809,0.033974,0.035326,0.036652,0.037895,0.039036,0.040148,0.041123,0.041726,0.042232,0.042366
0,0.0032217,0.0066755,0.010556,0.014499,0.017825,0.020713,0.023049,0.023486,0.023293,0.023733,0.02473,0.026647,0.028566,0.030513,0.032341,0.034136,0.035792,0.037018,0.037959,0.038389
0,0.0027829,0.0058503,0.009293,0.013029,0.017138,0.021076,0.024181,0.025721,0.026128,0.025957,0.026101,0.027331,0.028695,0.030422,0.032424,0.034788,0.037236,0.038996,0.039404,0.038912
0,0.0040136,0.0087309,0.014261,0.020382,0.026149,0.030837,0.03404,0.035617,0.036214,0.036548,0.036986,0.038606,0.040204,0.042022,0.043976,0.045973,0.047884,0.049037,0.048675,0.047357
0,0.0041621,0.0084727,0.013196,0.018126,0.022621,0.026636,0.029708,0.031882,0.03364,0.035026,0.036143,0.037182,0.038219,0.03935,0.040365,0.041171,0.041789,0.042073,0.041351,0.040181
0,0.0035327,0.007482,0.012058,0.016931,0.021419,0.024837,0.027377,0.028701,0.029757,0.030911,0.031868,0.033242,0.03453,0.035816,0.037064,0.038486,0.039859,0.040687,0.040557,0.039694
0,0.0028758,0.0059829,0.0095249,0.013738,0.018336,0.022863,0.025846,0.027111,0.027746,0.029126,0.031435,0.033739,0.035707,0.03755,0.039338,0.040722,0.04188,0.042898,0.044237,0.046013
0,0.0029568,0.0063102,0.010151,0.014443,0.018921,0.022838,0.025573,0.02678,0.026958,0.026714,0.026938,0.028347,0.029873,0.031737,0.033903,0.036287,0.038683,0.040208,0.040384,0.039371
0,0.0036754,0.0077679,0.012569,0.017964,0.023314,0.027978,0.031196,0.032374,0.032756,0.032901,0.033356,0.034795,0.036194,0.037768,0.039541,0.041496,0.043174,0.044405,0.044529,0.043684
0,0.004252,0.0087537,0.013562,0.018366,0.022676,0.02637,0.029337,0.031354,0.032847,0.033878,0.03477,0.035754,0.036792,0.037844,0.03889,0.040012,0.040996,0.04116,0.040287,0.038545
0,0.0029852,0.0062339,0.0098732,0.013981,0.017903,0.021259,0.023569,0.025064,0.02642,0.027444,0.028433,0.030006,0.031357,0.032684,0.033773,0.034845,0.036348,0.038003,0.039464,0.03943
0,0.0039307,0.0084387,0.013632,0.018755,0.023034,0.026329,0.028048,0.027898,0.027525,0.028341,0.030016,0.032379,0.034419,0.036282,0.037799,0.03918,0.040209,0.040988,0.041701,0.041823
0,0.0024745,0.0052858,0.0085939,0.01259,0.016967,0.020754,0.023637,0.024672,0.024623,0.024343,0.024409,0.025622,0.026861,0.028571,0.030597,0.032853,0.035198,0.036808,0.037175,0.036511
0,0.0038571,0.008132,0.012698,0.017691,0.022448,0.026985,0.030574,0.032616,0.033985,0.034968,0.035753,0.036974,0.03803,0.038957,0.039732,0.040594,0.041238,0.041353,0.040564,0.039587
0,0.0039966,0.0080841,0.012303,0.016412,0.0204,0.024192,0.027229,0.029342,0.031071,0.032384,0.033608,0.034929,0.036082,0.037174,0.038291,0.039557,0.040885,0.041485,0.040853,0.03868
0,0.0030888,0.0065719,0.010748,0.01524,0.019099,0.022211,0.024895,0.026706,0.028357,0.030617,0.03303,0.035042,0.036537,0.03776,0.038861,0.040037,0.041521,0.043479,0.044579,0.044266
0,0.0041687,0.0088562,0.01416,0.019724,0.024568,0.028331,0.030451,0.031023,0.031083,0.031905,0.033687,0.035916,0.037681,0.039184,0.040425,0.041262,0.041652,0.042408,0.04287,0.042613
0,0.0032752,0.0069063,0.011017,0.01528,0.019641,0.023342,0.02583,0.027133,0.027959,0.028642,0.029685,0.031672,0.033478,0.035158,0.036743,0.038206,0.039446,0.040159,0.040078,0.039216
0,0.0034073,0.0071228,0.0112,0.01534,0.018967,0.021832,0.023862,0.024918,0.025401,0.025928,0.026929,0.028185,0.029309,0.03031,0.031249,0.032214,0.033491,0.035129,0.036167,0.035797
0,0.0021522,0.0043636,0.0065441,0.0089442,0.01135,0.013424,0.015222,0.016649,0.017813,0.01856,0.019155,0.020355,0.021637,0.022902,0.024062,0.025092,0.026117,0.026881,0.027157,0.026871
0,0.0032594,0.0063629,0.0094138,0.0129,0.017409,0.021536,0.024808,0.02706,0.028673,0.029567,0.03021,0.030635,0.031036,0.031529,0.032149,0.032947,0.034374,0.03598,0.036588,0.036701
0,0.004665,0.010278,0.017051,0.025507,0.032544,0.036791,0.038466,0.037978,0.03589,0.033508,0.031889,0.032348,0.033511,0.03564,0.038135,0.040571,0.043294,0.045882,0.047628,0.047613
0,0.0027105,0.0057051,0.0092543,0.013404,0.017742,0.02141,0.023791,0.025115,0.02583,0.026607,0.027781,0.029666,0.031393,0.032945,0.03448,0.035682,0.036446,0.036696,0.036154,0.036164
0,0.0036842,0.0075936,0.011819,0.016183,0.019718,0.02245,0.024329,0.025524,0.026469,0.027489,0.028846,0.030365,0.031782,0.033004,0.03406,0.034894,0.035932,0.037577,0.038829,0.038328
0,0.0027005,0.0054283,0.0082433,0.011446,0.014537,0.017112,0.019064,0.02034,0.020897,0.020771,0.020574,0.020965,0.021397,0.021951,0.022495,0.023199,0.024327,0.025824,0.027245,0.027477
0,0.003013,0.0057672,0.0084919,0.011533,0.015369,0.018625,0.021306,0.023339,0.024864,0.025832,0.026276,0.026912,0.027786,0.028808,0.030123,0.031756,0.033975,0.036107,0.037037,0.036541
0,0.0044355,0.0097075,0.016186,0.023403,0.029367,0.033592,0.035225,0.034864,0.033701,0.032648,0.032196,0.032886,0.033644,0.035082,0.037028,0.039332,0.042076,0.044488,0.046138,0.04608
0,0.0028776,0.0061733,0.010157,0.014641,0.019053,0.022508,0.024629,0.025653,0.026204,0.026754,0.027666,0.029227,0.030829,0.032373,0.033821,0.035208,0.036554,0.037519,0.037815,0.037985
0,0.0035979,0.0073616,0.011354,0.015442,0.019154,0.022019,0.023839,0.024751,0.025373,0.025857,0.026455,0.027668,0.028939,0.030078,0.031154,0.032295,0.033517,0.034798,0.03538,0.034237
0,0.0020267,0.0040644,0.0061692,0.0084954,0.010924,0.013121,0.014919,0.016173,0.017129,0.017836,0.018523,0.019768,0.020926,0.021906,0.022663,0.023308,0.024001,0.024963,0.025984,0.026492
0,0.0039705,0.0082237,0.013258,0.018839,0.023795,0.027088,0.02876,0.0289,0.028289,0.027537,0.026409,0.026162,0.026153,0.026579,0.027348,0.028508,0.030069,0.031741,0.0328,0.03277
0,0.0042589,0.0092218,0.014849,0.020903,0.025843,0.028486,0.029375,0.028758,0.026941,0.025218,0.024708,0.025561,0.026618,0.028114,0.030308,0.032988,0.035921,0.039017,0.041127,0.042728
0,0.0035229,0.007387,0.011719,0.016507,0.021018,0.024237,0.026329,0.027151,0.027395,0.027625,0.028396,0.029974,0.031606,0.033302,0.035126,0.036691,0.037964,0.038632,0.038584,0.038239
0,0.0033309,0.0068917,0.01058,0.014566,0.018113,0.021005,0.022948,0.023949,0.024539,0.025046,0.025772,0.026816,0.027844,0.028762,0.029741,0.030826,0.03204,0.033267,0.033646,0.03266
0,0.0023183,0.0047382,0.007522,0.010729,0.013994,0.016988,0.019491,0.021164,0.021797,0.021815,0.021782,0.022583,0.023487,0.024635,0.025822,0.027049,0.028153,0.029107,0.030132,0.030574
0,0.0037759,0.007864,0.012552,0.017607,0.021633,0.023832,0.024541,0.024155,0.024029,0.023952,0.024056,0.025032,0.025885,0.026398,0.026586,0.026708,0.027494,0.02924,0.031102,0.031977
0,0.0045082,0.0096452,0.015508,0.021992,0.027765,0.031846,0.033904,0.033818,0.032974,0.031912,0.031317,0.032239,0.033537,0.035374,0.037169,0.039239,0.041854,0.044502,0.0462,0.046561
0,0.0027277,0.0058976,0.00948,0.013312,0.017171,0.020068,0.021919,0.022975,0.023714,0.024297,0.025033,0.026553,0.027869,0.02905,0.030115,0.031103,0.031874,0.032371,0.032633,0.03256
0,0.0034794,0.0071603,0.010854,0.014611,0.018142,0.021098,0.02339,0.02496,0.025977,0.026423,0.02666,0.027231,0.027856,0.028529,0.029418,0.030623,0.031942,0.033072,0.03312,0.032077
0,0.0026097,0.0053297,0.0083564,0.011659,0.01502,0.017965,0.02032,0.021605,0.021935,0.021764,0.0215,0.022263,0.023213,0.024517,0.026071,0.027773,0.029343,0.030608,0.03114,0.030981
0,0.0042848,0.008591,0.013191,0.018339,0.022564,0.025008,0.026219,0.026385,0.026206,0.026779,0.0282,0.029743,0.030752,0.031572,0.032387,0.033366,0.034458,0.035513,0.036105,0.036421
0,0.0058215,0.012786,0.020617,0.028705,0.034721,0.037575,0.039003,0.038831,0.037566,0.036636,0.036298,0.036871,0.037402,0.038374,0.040124,0.042674,0.045575,0.048452,0.050636,0.051291
0,0.0028252,0.0059417,0.0094984,0.01353,0.017597,0.021045,0.023433,0.024547,0.024859,0.025082,0.025781,0.027339,0.028808,0.030375,0.032029,0.03369,0.035192,0.036243,0.036441,0.035768
0,0.0033576,0.0068264,0.010358,0.013795,0.016923,0.01968,0.021642,0.02281,0.023485,0.024318,0.025502,0.026877,0.02814,0.029264,0.030304,0.03137,0.032456,0.033546,0.034128,0.033818
0,0.0024575,0.0051185,0.008013,0.011005,0.014006,0.01674,0.018835,0.020437,0.021627,0.022357,0.022863,0.023916,0.024954,0.026143,0.027391,0.028573,0.029669,0.030419,0.030462,0.029457
0,0.0032306,0.0065357,0.010062,0.01397,0.017882,0.021901,0.025075,0.026716,0.027444,0.027621,0.027904,0.028683,0.029689,0.030967,0.032139,0.033336,0.034729,0.03592,0.036619,0.037319
0,0.0042084,0.0093391,0.015621,0.022853,0.029533,0.034984,0.037387,0.036456,0.033759,0.031059,0.029401,0.029846,0.030967,0.032514,0.03441,0.03674,0.039258,0.04211,0.044382,0.04544
0,0.0030201,0.0064811,0.010489,0.014882,0.019239,0.022837,0.024931,0.025703,0.026119,0.026579,0.02737,0.028878,0.030373,0.031904,0.033384,0.034752,0.035754,0.036217,0.036377,0.03661
0,0.003379,0.007052,0.011,0.015387,0.019189,0.022276,0.024455,0.025688,0.026471,0.027144,0.028135,0.029554,0.030941,0.032217,0.033461,0.0347,0.036066,0.037608,0.038498,0.038414
0,0.002635,0.0054876,0.0084884,0.011711,0.014957,0.017791,0.019866,0.021062,0.021448,0.021244,0.021071,0.021693,0.022298,0.023044,0.023906,0.024867,0.026235,0.027783,0.029122,0.029218
0,0.0031125,0.0061973,0.0094317,0.01313,0.017036,0.020965,0.023742,0.025455,0.026226,0.026357,0.026318,0.02711,0.028349,0.030235,0.032049,0.033809,0.035375,0.036798,0.03751,0.037323
0,0.0041007,0.0089917,0.014697,0.020816,0.026321,0.030409,0.032117,0.031379,0.02944,0.027669,0.027232,0.028654,0.030274,0.031865,0.033382,0.035128,0.03713,0.039663,0.04167,0.042088
0,0.0028215,0.0058183,0.0090867,0.012823,0.01684,0.02038,0.022722,0.02365,0.023936,0.024242,0.024993,0.026453,0.027832,0.029302,0.030731,0.032194,0.033612,0.034714,0.035435,0.035869
0,0.00338,0.0068795,0.010524,0.014384,0.017998,0.020852,0.022962,0.024235,0.0249,0.025211,0.025861,0.027141,0.028494,0.02975,0.031088,0.03228,0.033383,0.034361,0.034761,0.034356
0,0.0025713,0.0051221,0.0077396,0.010536,0.013312,0.01597,0.018045,0.019251,0.019925,0.020196,0.020623,0.021739,0.02283,0.023947,0.025044,0.026172,0.027364,0.028326,0.028771,0.028427
0,0.0036694,0.0075682,0.011787,0.016471,0.021259,0.025233,0.027215,0.027754,0.027385,0.026705,0.025913,0.026626,0.027712,0.029271,0.031045,0.033068,0.03483,0.036219,0.037267,0.037769
0,0.003773,0.0079567,0.012886,0.018937,0.024492,0.02762,0.028728,0.027964,0.026195,0.024774,0.024812,0.026023,0.027283,0.028278,0.029292,0.030652,0.032417,0.034734,0.037074,0.039655
0,0.0030888,0.0064898,0.010384,0.014776,0.018944,0.022203,0.024193,0.024882,0.024845,0.024884,0.025507,0.027021,0.028443,0.030068,0.031703,0.03325,0.034686,0.035998,0.03656,0.036689
0,0.0030644,0.0063569,0.0097563,0.013352,0.016683,0.019537,0.021712,0.023048,0.023841,0.024495,0.025218,0.026339,0.027572,0.028735,0.02992,0.031033,0.032107,0.033284,0.034033,0.03362
0,0.0024888,0.0051922,0.0083201,0.011908,0.015668,0.019045,0.021614,0.022837,0.023088,0.023137,0.023369,0.024398,0.025415,0.026519,0.027784,0.029144,0.030452,0.031728,0.032792,0.032353
0,0.0035896,0.0076036,0.01246,0.017694,0.022298,0.025696,0.027151,0.026883,0.026037,0.025524,0.02562,0.026617,0.027639,0.028777,0.029913,0.030796,0.031511,0.03229,0.033438,0.034365
0,0.0042668,0.0091316,0.015151,0.021807,0.027527,0.03154,0.033143,0.03262,0.031265,0.029792,0.029006,0.029992,0.031423,0.033081,0.034658,0.036503,0.038703,0.041256,0.043185,0.044006
0,0.0026042,0.005558,0.0091197,0.013063,0.016838,0.019739,0.021598,0.022162,0.022236,0.022207,0.022647,0.023924,0.025227,0.026691,0.02825,0.029809,0.031059,0.031721,0.032106,0.032291
0,0.0030242,0.0063299,0.0097858,0.013517,0.01701,0.020059,0.022498,0.024303,0.025497,0.0263,0.027082,0.028016,0.028929,0.029873,0.030801,0.031729,0.032888,0.033958,0.034237,0.033894
0,0.002742,0.0057752,0.0092717,0.013111,0.017133,0.02065,0.023095,0.02393,0.023975,0.023688,0.023538,0.024565,0.025722,0.027209,0.028997,0.030942,0.032626,0.033892,0.034308,0.03325
0,0.0037035,0.0077407,0.012489,0.017572,0.0222,0.025672,0.027465,0.028023,0.028078,0.028364,0.02919,0.030846,0.032353,0.033823,0.034941,0.035759,0.036662,0.037577,0.03839,0.038848
0,0.0054308,0.011775,0.019053,0.026878,0.032674,0.03585,0.036637,0.035944,0.034247,0.032846,0.032444,0.033276,0.034316,0.035512,0.036993,0.039212,0.04159,0.044362,0.046347,0.046791
0,0.0029285,0.0062237,0.009951,0.01376,0.017795,0.021344,0.023828,0.025171,0.02582,0.026222,0.026887,0.028592,0.030272,0.031997,0.033674,0.035226,0.03665,0.037591,0.037678,0.037029
0,0.0036367,0.0075773,0.011733,0.015644,0.01903,0.021849,0.02378,0.024852,0.025299,0.025689,0.026606,0.027833,0.02907,0.030447,0.03199,0.033765,0.035497,0.036745,0.036881,0.036201
0,0.0028344,0.0059492,0.0093015,0.01281,0.016197,0.019212,0.021555,0.023272,0.024671,0.025611,0.026415,0.02767,0.028881,0.030077,0.031062,0.031971,0.032804,0.03331,0.03308,0.032012
0,0.0030828,0.006337,0.0096117,0.012788,0.015627,0.018084,0.020289,0.021738,0.022929,0.023632,0.02431,0.025571,0.026787,0.028058,0.0293,0.030192,0.030828,0.031875,0.032651,0.033485
0,0.0052532,0.011135,0.018217,0.025487,0.03182,0.036898,0.039008,0.03884,0.037611,0.036401,0.035119,0.035323,0.035855,0.036931,0.038617,0.040638,0.043079,0.045944,0.048016,0.048447
0,0.0029447,0.0063105,0.010144,0.014564,0.018789,0.022171,0.02439,0.025401,0.025898,0.026505,0.027256,0.028771,0.030224,0.031695,0.033031,0.034315,0.035369,0.035929,0.036137,0.036196
0,0.0035818,0.0076487,0.012075,0.016599,0.020698,0.023859,0.025987,0.027294,0.028064,0.028622,0.029493,0.030864,0.032266,0.033874,0.035504,0.037105,0.038641,0.039825,0.04022,0.039514
0,0.0030334,0.0062454,0.0097682,0.013505,0.017102,0.019827,0.021555,0.022774,0.023536,0.024008,0.024458,0.025323,0.026159,0.026792,0.027185,0.027422,0.028003,0.028597,0.029681,0.029669
0,0.0030005,0.0059637,0.0089549,0.012043,0.015033,0.017823,0.020099,0.021788,0.022918,0.023407,0.023947,0.025318,0.026944,0.028793,0.030542,0.032071,0.033261,0.034388,0.034639,0.03435
0,0.0049797,0.010355,0.016331,0.021811,0.026356,0.029365,0.03017,0.029948,0.030036,0.03145,0.033269,0.03468,0.035634,0.036245,0.03698,0.03873,0.040901,0.043051,0.044483,0.044793
0,0.0027516,0.005764,0.0091049,0.012882,0.017058,0.020667,0.023052,0.024183,0.024608,0.024862,0.025495,0.027078,0.02867,0.030387,0.031976,0.033534,0.034859,0.035856,0.036506,0.03687
0,0.0033138,0.0069283,0.010828,0.014825,0.018562,0.021519,0.0237,0.025011,0.025696,0.025978,0.026423,0.027675,0.028996,0.03055,0.032359,0.034088,0.035456,0.036179,0.035954,0.03501
0,0.0028261,0.0057312,0.0086016,0.011635,0.014822,0.017997,0.020177,0.021362,0.022368,0.022963,0.023631,0.02484,0.025916,0.02686,0.0276,0.028246,0.028767,0.029425,0.029779,0.029252
0,0.0033578,0.0068127,0.010458,0.014137,0.017881,0.021195,0.023286,0.024183,0.02431,0.024442,0.024773,0.026296,0.028076,0.03001,0.031924,0.033651,0.035373,0.03643,0.036982,0.037
0,0.004651,0.0097343,0.015425,0.021077,0.026158,0.02921,0.029571,0.028555,0.027362,0.028189,0.030404,0.032971,0.034744,0.035996,0.036912,0.037841,0.039042,0.040636,0.041972,0.042493
0,0.0029128,0.0063292,0.010168,0.014381,0.018637,0.021898,0.023953,0.024915,0.0251,0.025276,0.025829,0.027464,0.029139,0.030868,0.032439,0.033793,0.034968,0.035804,0.036287,0.036211
0,0.0030131,0.0063027,0.0099186,0.013662,0.017325,0.020294,0.022448,0.023811,0.024757,0.025425,0.026169,0.027274,0.028472,0.029766,0.031226,0.032748,0.034279,0.035309,0.035191,0.034031
0,0.002657,0.0054524,0.0085147,0.011955,0.015562,0.018822,0.021075,0.022399,0.023257,0.02389,0.024525,0.025664,0.026734,0.02774,0.02857,0.02935,0.030161,0.030968,0.031457,0.031221
0,0.0034144,0.0069897,0.011021,0.015253,0.019512,0.022916,0.024821,0.025508,0.025419,0.025446,0.025888,0.027243,0.028702,0.030366,0.031813,0.032955,0.033655,0.033977,0.034199,0.034403
0,0.0047916,0.0099281,0.015855,0.021934,0.027356,0.031046,0.032394,0.032394,0.031724,0.032127,0.033734,0.036106,0.038382,0.040425,0.042155,0.043291,0.044401,0.045775,0.04767,0.048858
0,0.0026477,0.0056921,0.009141,0.012877,0.016432,0.019209,0.020923,0.0217,0.022026,0.022352,0.022913,0.024217,0.025485,0.026758,0.028147,0.029567,0.030773,0.031391,0.031627,0.031622
0,0.0029384,0.0061032,0.0095265,0.013149,0.016729,0.019794,0.02209,0.023787,0.024983,0.025661,0.026013,0.026695,0.027405,0.028294,0.029546,0.030774,0.031915,0.032857,0.032919,0.032417
0,0.0028965,0.0058786,0.0090717,0.012746,0.01655,0.019975,0.022543,0.023852,0.024668,0.02515,0.025638,0.026952,0.028424,0.029838,0.031068,0.032283,0.033645,0.034691,0.035073,0.034265
0,0.0035645,0.0075758,0.012103,0.017073,0.021922,0.02534,0.027281,0.028202,0.028903,0.029849,0.030882,0.032202,0.033358,0.034629,0.036138,0.037502,0.038764,0.039841,0.040837,0.041956
0,0.0059695,0.012971,0.020927,0.028842,0.033872,0.036131,0.036409,0.036135,0.036103,0.036563,0.037596,0.039002,0.040053,0.040751,0.041426,0.04234,0.043525,0.045777,0.048485,0.049465
0,0.0030529,0.0064425,0.010329,0.014699,0.01915,0.022922,0.025506,0.026871,0.027452,0.027838,0.028623,0.030558,0.032291,0.034069,0.035963,0.037912,0.039798,0.04094,0.041072,0.040292
0,0.0036739,0.0076595,0.012009,0.016377,0.020102,0.023103,0.025099,0.026148,0.026776,0.027237,0.028038,0.029403,0.030796,0.032221,0.033623,0.035057,0.03667,0.038111,0.038675,0.03791
0,0.0037831,0.0078125,0.01184,0.016005,0.019713,0.022644,0.024711,0.026123,0.026871,0.026971,0.027113,0.028156,0.029353,0.030688,0.032149,0.03383,0.035287,0.035684,0.03464,0.033041
0,0.0026686,0.0054241,0.0082712,0.011103,0.013722,0.016016,0.017899,0.019398,0.021054,0.022532,0.023837,0.025275,0.026401,0.027457,0.02825,0.029007,0.029892,0.030469,0.03067,0.031279
0,0.0043721,0.0093337,0.014815,0.020695,0.026233,0.030364,0.032118,0.03127,0.02943,0.027885,0.027344,0.028676,0.030276,0.032028,0.033853,0.035669,0.03744,0.038944,0.040163,0.040698
0,0.0027298,0.0059178,0.0096316,0.013802,0.018175,0.021832,0.024198,0.025663,0.026346,0.026763,0.027779,0.029718,0.031438,0.033118,0.034684,0.03601,0.036841,0.037092,0.036582,0.036331
0,0.0034384,0.0072422,0.011446,0.015929,0.019941,0.023003,0.025215,0.026681,0.027594,0.028293,0.029162,0.030527,0.031994,0.033573,0.035214,0.036748,0.038112,0.039226,0.039938,0.039676
0,0.0041293,0.0086035,0.013345,0.01794,0.021735,0.024954,0.027146,0.028221,0.028116,0.0272,0.026246,0.026374,0.026658,0.027138,0.02785,0.029013,0.030778,0.032574,0.03288,0.031678
0,0.0028362,0.0056752,0.0086099,0.01105,0.013395,0.015881,0.018144,0.020016,0.021505,0.022865,0.023805,0.025158,0.026397,0.027777,0.029082,0.030304,0.031657,0.032523,0.032218,0.031661
0,0.0051563,0.011197,0.017829,0.024728,0.030213,0.033304,0.033261,0.030821,0.028549,0.027453,0.027951,0.030059,0.031938,0.033745,0.035355,0.036925,0.038204,0.039059,0.039639,0.039571
0,0.0029236,0.0061292,0.0098736,0.014209,0.01861,0.022113,0.024149,0.025105,0.025543,0.025864,0.026455,0.027893,0.029431,0.031064,0.03275,0.034585,0.036261,0.037548,0.037997,0.038242
0,0.0033472,0.0069938,0.011114,0.015604,0.019583,0.022792,0.025077,0.026439,0.027129,0.027712,0.028455,0.029839,0.031295,0.032901,0.034567,0.036264,0.037615,0.038326,0.038549,0.037959
0,0.0035602,0.0071574,0.010783,0.014422,0.01763,0.020286,0.022272,0.023113,0.023351,0.023419,0.023694,0.02454,0.025413,0.026322,0.027274,0.028273,0.029432,0.030498,0.031343,0.031319
0,0.0031856,0.0064854,0.0099208,0.013355,0.016719,0.019682,0.021222,0.021493,0.021681,0.022284,0.023081,0.024708,0.026332,0.028104,0.029978,0.031874,0.033584,0.035067,0.035657,0.035195
0,0.0046783,0.0099197,0.015554,0.021479,0.027342,0.031576,0.032646,0.031264,0.029569,0.029739,0.03178,0.034226,0.036498,0.038398,0.039569,0.040165,0.040487,0.040619,0.041004,0.04163
0,0.0032335,0.007045,0.011626,0.016421,0.020816,0.024192,0.025993,0.026593,0.026621,0.026758,0.027426,0.028986,0.030685,0.032434,0.034276,0.036176,0.037712,0.03881,0.038889,0.038289
0,0.0030982,0.0065106,0.010383,0.014607,0.018454,0.021782,0.024249,0.025639,0.026472,0.027046,0.027672,0.028872,0.030148,0.031374,0.032666,0.034151,0.035471,0.036346,0.036704,0.035888
0,0.0033549,0.0067738,0.0104,0.014424,0.018362,0.021353,0.02314,0.024248,0.024833,0.024706,0.024808,0.025497,0.026231,0.027071,0.028147,0.029558,0.031284,0.032678,0.03398,0.034187
0,0.0028878,0.0059699,0.0094617,0.013265,0.017158,0.020229,0.021773,0.022139,0.022631,0.02366,0.024752,0.026079,0.027294,0.028654,0.029573,0.030303,0.031084,0.03169,0.032131,0.032319
0,0.0051102,0.010667,0.016939,0.023375,0.028822,0.032026,0.032298,0.030314,0.028501,0.028324,0.029922,0.032529,0.035016,0.037005,0.038294,0.038846,0.038961,0.038989,0.039549,0.040091
0,0.0025871,0.0054299,0.0086724,0.01232,0.016284,0.019583,0.021676,0.022584,0.023018,0.023376,0.024026,0.025548,0.026932,0.028472,0.030049,0.031305,0.032175,0.032421,0.032221,0.032179
0,0.0031606,0.0066349,0.010379,0.014428,0.018217,0.021456,0.023911,0.025619,0.026677,0.027184,0.027636,0.028585,0.029562,0.030658,0.031785,0.032861,0.033806,0.034325,0.034456,0.034061
0,0.0031589,0.0064805,0.010029,0.013685,0.017563,0.021034,0.023327,0.024544,0.025251,0.025523,0.025606,0.02641,0.027327,0.028507,0.03005,0.031874,0.033894,0.035737,0.036376,0.035541
0,0.0035075,0.0074219,0.011662,0.01608,0.019917,0.022937,0.025082,0.026281,0.02752,0.029127,0.030772,0.032552,0.034286,0.035861,0.037347,0.038584,0.039493,0.039986,0.039854,0.039697
0,0.0054531,0.012027,0.019995,0.029035,0.034004,0.03622,0.036263,0.034703,0.032992,0.032663,0.033437,0.034657,0.036054,0.037579,0.03882,0.039466,0.039454,0.039791,0.040469,0.040875
0,0.0031257,0.0065292,0.010419,0.01463,0.019012,0.022697,0.025327,0.026781,0.027606,0.028181,0.028986,0.031144,0.033151,0.035171,0.0372,0.039343,0.041136,0.042408,0.04291,0.042247
0,0.0039697,0.0083216,0.012963,0.017706,0.021787,0.024896,0.026976,0.027847,0.02792,0.027905,0.028612,0.030077,0.031531,0.033042,0.034591,0.036308,0.037863,0.039079,0.039322,0.03909
0,0.0035567,0.0073666,0.011256,0.015012,0.018493,0.021688,0.024132,0.026124,0.027811,0.028883,0.029811,0.031207,0.032607,0.033924,0.034999,0.035596,0.035759,0.035949,0.035867,0.035369
0,0.0028456,0.0058967,0.009141,0.012264,0.015198,0.017606,0.019462,0.020566,0.021822,0.023437,0.025123,0.02693,0.028284,0.029354,0.03018,0.030771,0.031017,0.031145,0.031086,0.030882
0,0.0040429,0.0083587,0.013278,0.018697,0.023831,0.027963,0.029912,0.029134,0.027346,0.025498,0.024973,0.026718,0.028548,0.030363,0.031839,0.033266,0.034838,0.036439,0.038228,0.038847
0,0.0032611,0.0068987,0.011034,0.015628,0.020058,0.023667,0.025965,0.02707,0.02754,0.028194,0.029125,0.030866,0.032533,0.034219,0.036035,0.037907,0.039564,0.040869,0.041318,0.041311
0,0.0037508,0.0077764,0.01236,0.017318,0.021857,0.025355,0.027757,0.029024,0.02984,0.030639,0.031578,0.033323,0.035176,0.037204,0.039329,0.041403,0.043316,0.044727,0.045252,0.045182
0,0.0038014,0.0077715,0.011826,0.015945,0.019765,0.022949,0.025377,0.027013,0.028105,0.028903,0.029511,0.030434,0.031458,0.032466,0.033427,0.034212,0.034762,0.035206,0.035389,0.034969
0,0.003141,0.0064417,0.010033,0.013377,0.016375,0.018953,0.021002,0.022509,0.023759,0.025285,0.026611,0.028556,0.030462,0.032345,0.033846,0.03473,0.034998,0.034924,0.034546,0.033632
0,0.0048476,0.010029,0.015531,0.02124,0.025779,0.028522,0.029507,0.028518,0.027157,0.02637,0.026778,0.028781,0.030508,0.032212,0.034102,0.035743,0.036865,0.037816,0.038345,0.038153
0,0.0029823,0.0063687,0.010325,0.014795,0.019272,0.022987,0.025442,0.026554,0.026921,0.027172,0.02794,0.029778,0.031507,0.033332,0.035231,0.037284,0.039158,0.040561,0.041344,0.041692
0,0.0037432,0.0079578,0.012748,0.017829,0.022793,0.026618,0.029178,0.030499,0.031112,0.031378,0.031865,0.033653,0.035486,0.037449,0.039649,0.041899,0.043554,0.044143,0.044006,0.043787
0,0.0032794,0.0067524,0.010267,0.013773,0.017003,0.019863,0.022135,0.023793,0.025217,0.026332,0.027334,0.028602,0.029778,0.030857,0.03187,0.032845,0.033492,0.033418,0.032761,0.031593
0,0.0033424,0.0069105,0.010753,0.01474,0.019016,0.023059,0.025544,0.026303,0.026373,0.026751,0.027733,0.029931,0.032053,0.034328,0.036543,0.038253,0.039658,0.040445,0.040288,0.039328
0,0.0041356,0.0089226,0.014257,0.019933,0.025209,0.029056,0.03076,0.030839,0.03098,0.031401,0.032566,0.034886,0.036833,0.038483,0.040098,0.041162,0.041795,0.041967,0.042144,0.042406
0,0.0032713,0.0069124,0.01131,0.016129,0.020809,0.024346,0.026691,0.027786,0.028006,0.028064,0.028597,0.030346,0.032136,0.03415,0.03635,0.03838,0.040162,0.04153,0.0422,0.042032
0,0.0037264,0.0079406,0.012396,0.017193,0.021483,0.024684,0.026974,0.028223,0.028839,0.02939,0.03018,0.031648,0.033102,0.034645,0.036295,0.03815,0.039858,0.040946,0.041288,0.040978
0,0.0031211,0.0063274,0.0095924,0.013112,0.01673,0.020086,0.022528,0.024099,0.0252,0.026075,0.026839,0.027942,0.029039,0.030259,0.031431,0.032366,0.033288,0.033736,0.033168,0.032021
0,0.0032479,0.0068441,0.010826,0.015294,0.020352,0.024395,0.026202,0.026052,0.025901,0.026614,0.027906,0.02995,0.031805,0.033656,0.035159,0.036001,0.036706,0.037247,0.037325,0.037073
0,0.0046062,0.0096324,0.015092,0.020553,0.024985,0.02774,0.028573,0.028011,0.027382,0.028195,0.030075,0.032667,0.035282,0.037267,0.038554,0.038654,0.038341,0.037894,0.03826,0.039065
0,0.0028077,0.0059989,0.009758,0.013621,0.017272,0.020247,0.022233,0.023175,0.023591,0.02379,0.024269,0.025649,0.026886,0.028301,0.029833,0.031548,0.033111,0.034379,0.035217,0.035538
0,0.0037301,0.0077822,0.012158,0.016939,0.021484,0.025439,0.028347,0.030272,0.031639,0.032489,0.032937,0.033962,0.035129,0.036437,0.037787,0.03908,0.040087,0.040459,0.039921,0.039227
0,0.003058,0.0063792,0.0099223,0.013444,0.016944,0.020305,0.02283,0.024712,0.026166,0.02706,0.027751,0.028989,0.030383,0.032005,0.033611,0.035143,0.036525,0.037262,0.037081,0.035813
0,0.0033343,0.0068635,0.010968,0.015704,0.020123,0.024059,0.026593,0.027769,0.028955,0.030671,0.032916,0.035361,0.037464,0.039361,0.040748,0.04153,0.0418,0.041885,0.04197,0.0417
0,0.0047222,0.01029,0.017209,0.024998,0.030093,0.03233,0.032745,0.032503,0.032004,0.032067,0.032792,0.034083,0.035287,0.036585,0.037808,0.038603,0.039022,0.040095,0.041116,0.041387
0,0.0032798,0.00652,0.009956,0.01353,0.017136,0.020493,0.022631,0.023203,0.023448,0.023542,0.024032,0.025703,0.027588,0.030159,0.033312,0.036908,0.040083,0.04194,0.041476,0.038498
