0,0.045434,0.10174,0.13572,0.17883,0.20281,0.22962,0.26166,0.27877,0.30189,0.31629,0.34685,0.37632,0.3981,0.42971,0.45089,0.48445,0.52162,0.55422,0.58311,0.60517,0.6476,0.68497,0.72475,0.76023,0.77295
0,0.069522,0.10651,0.14384,0.1884,0.21661,0.26229,0.28494,0.2965,0.32387,0.34201,0.37885,0.40106,0.41581,0.44383,0.46347,0.5089,0.54439,0.56318,0.59988,0.625,0.66524,0.69455,0.71799,0.76878,0.78391
0,0.054187,0.10052,0.13268,0.16839,0.19039,0.21812,0.23973,0.25817,0.27531,0.29002,0.30408,0.32337,0.33692,0.35256,0.36998,0.40256,0.43057,0.45376,0.47863,0.50062,0.53907,0.57048,0.59565,0.62459,0.65256
0,0.071227,0.13403,0.18421,0.22127,0.25554,0.30229,0.34622,0.37315,0.38661,0.40671,0.43688,0.47486,0.49906,0.5277,0.55502,0.60286,0.64162,0.68061,0.72607,0.75789,0.81046,0.84977,0.89396,0.93782,0.97663
0,0.04422,0.090489,0.14218,0.18527,0.23116,0.25175,0.29812,0.35102,0.3825,0.41266,0.43339,0.47028,0.51711,0.54486,0.58192,0.60557,0.65469,0.70993,0.74639,0.7877,0.81303,0.84376,0.88672,0.91137,0.94243
0,0.054569,0.10851,0.14626,0.18241,0.20423,0.24079,0.29511,0.32676,0.3558,0.37555,0.41035,0.45433,0.47579,0.50326,0.52957,0.56583,0.62192,0.65942,0.7016,0.73213,0.7675,0.80233,0.83297,0.85756,0.88137
0,0.080536,0.13486,0.15931,0.21673,0.24578,0.29342,0.33624,0.35747,0.39633,0.42481,0.47069,0.50226,0.52223,0.5523,0.5846,0.62884,0.67858,0.71008,0.75395,0.79584,0.82063,0.84939,0.86752,0.89976,0.92638
0,0.065093,0.10983,0.14546,0.19057,0.2193,0.25946,0.29661,0.32031,0.34931,0.37344,0.3906,0.42891,0.44914,0.47219,0.50336,0.54599,0.58735,0.61783,0.65011,0.68262,0.71655,0.74481,0.76184,0.79003,0.81634
0,0.068519,0.12842,0.18455,0.22901,0.26539,0.31784,0.36939,0.40971,0.43178,0.44892,0.4986,0.55252,0.58536,0.60357,0.62731,0.68635,0.73656,0.78374,0.83124,0.87431,0.91907,0.95708,0.98345,1.0115,1.0399
0,0.03406,0.082074,0.14155,0.18801,0.24557,0.27901,0.3196,0.37407,0.39945,0.43721,0.46852,0.5112,0.5542,0.58179,0.60409,0.61849,0.65925,0.71426,0.74783,0.78402,0.81714,0.85447,0.90247,0.93595,0.97928
0,0.057367,0.11332,0.15453,0.19449,0.22765,0.27213,0.32809,0.34811,0.38245,0.40478,0.44622,0.48672,0.51823,0.54148,0.55379,0.59327,0.64054,0.67134,0.70212,0.72819,0.77852,0.81979,0.85662,0.8886,0.92267
0,0.060055,0.10251,0.13401,0.17986,0.23417,0.29308,0.32337,0.34795,0.38729,0.42429,0.47069,0.50096,0.52177,0.56472,0.57977,0.62416,0.65683,0.68262,0.71976,0.7518,0.78868,0.82748,0.85705,0.89503,0.93115
0,0.046873,0.085909,0.11713,0.15835,0.20153,0.24037,0.28484,0.31349,0.34097,0.3691,0.39086,0.42938,0.45522,0.47977,0.49835,0.53622,0.57359,0.60105,0.62464,0.65549,0.6979,0.74293,0.77186,0.80673,0.84878
0,0.057245,0.1021,0.14378,0.18115,0.22112,0.27983,0.33117,0.37412,0.4063,0.44073,0.48861,0.52993,0.56624,0.58819,0.608,0.66301,0.70092,0.73399,0.76847,0.79988,0.85809,0.90648,0.94139,0.97615,1.013
0,0.037561,0.06657,0.11153,0.13744,0.18387,0.20579,0.25136,0.28917,0.32007,0.35303,0.37478,0.41245,0.45864,0.4871,0.51927,0.54795,0.59406,0.64374,0.67856,0.71058,0.74174,0.77514,0.81299,0.84285,0.88149
0,0.048645,0.088343,0.12068,0.14504,0.17247,0.20584,0.24354,0.27215,0.29358,0.30893,0.34255,0.39173,0.41474,0.44123,0.45831,0.50312,0.55385,0.5872,0.62534,0.64753,0.69334,0.72775,0.76218,0.7979,0.82379
0,0.06405,0.091511,0.12227,0.15596,0.19078,0.24487,0.27398,0.29149,0.32715,0.34757,0.3927,0.4261,0.44573,0.48114,0.50981,0.5583,0.59317,0.62277,0.66545,0.69688,0.73397,0.76533,0.79999,0.83945,0.86588
0,0.052045,0.092462,0.11675,0.14796,0.18977,0.22616,0.26223,0.28835,0.31303,0.33233,0.37192,0.41784,0.44137,0.4662,0.49778,0.53982,0.58115,0.60939,0.64351,0.67421,0.7135,0.75034,0.77567,0.80508,0.84159
0,0.054676,0.098064,0.14205,0.17364,0.20668,0.26148,0.29819,0.32833,0.34424,0.35254,0.40873,0.45761,0.49398,0.52003,0.54034,0.60139,0.64764,0.68812,0.72658,0.75773,0.80208,0.84042,0.87121,0.9047,0.93041
0,0.042677,0.067445,0.10299,0.12261,0.15628,0.17311,0.20365,0.24348,0.27475,0.30276,0.333,0.3829,0.42413,0.45731,0.49585,0.52702,0.57679,0.63396,0.66416,0.69371,0.72271,0.76463,0.80472,0.84763,0.8923
0,0.03485,0.082446,0.10841,0.13404,0.15797,0.18828,0.22422,0.25445,0.28304,0.30244,0.34377,0.38963,0.41793,0.44441,0.46654,0.51538,0.57323,0.60493,0.64715,0.67722,0.71435,0.75867,0.79289,0.83178,0.86543
0,0.066272,0.084808,0.11165,0.14222,0.17148,0.21668,0.2443,0.27318,0.31404,0.33917,0.39528,0.43007,0.44947,0.49063,0.51861,0.57364,0.61136,0.64478,0.68356,0.71638,0.75451,0.79364,0.83011,0.8712,0.90753
0,0.050782,0.083679,0.11096,0.14104,0.16754,0.19661,0.23508,0.27206,0.30111,0.31919,0.35799,0.40511,0.43465,0.46296,0.49318,0.54394,0.59114,0.62511,0.6553,0.6877,0.72903,0.77171,0.80384,0.83876,0.88037
0,0.060899,0.099997,0.14879,0.18726,0.22095,0.27106,0.3103,0.35166,0.37705,0.38928,0.44132,0.48338,0.51419,0.53407,0.55258,0.61009,0.65985,0.70878,0.74882,0.78197,0.82647,0.87276,0.9105,0.95323,0.99092
0,0.037266,0.057482,0.099976,0.14122,0.19224,0.19422,0.23321,0.28353,0.31366,0.38047,0.3827,0.40959,0.46978,0.50234,0.57914,0.58982,0.63033,0.69092,0.71767,0.78026,0.82887,0.87135,0.9213,0.95645,1.0043
0,0.041367,0.084687,0.10245,0.13975,0.16161,0.1981,0.241,0.25236,0.29571,0.34741,0.38056,0.42651,0.4487,0.50699,0.56658,0.59391,0.64916,0.67898,0.73517,0.77946,0.81348,0.85727,0.8924,0.94678,0.9742
0,0.070596,0.097067,0.1392,0.17333,0.21288,0.25702,0.27304,0.29314,0.32012,0.3579,0.39419,0.39896,0.42694,0.4553,0.50576,0.5542,0.58378,0.62156,0.66428,0.70407,0.75272,0.78819,0.81415,0.87074,0.91466
0,0.067836,0.10229,0.12665,0.16052,0.19081,0.23785,0.25966,0.28883,0.31361,0.33445,0.36423,0.37781,0.40144,0.41329,0.45391,0.5035,0.53262,0.57622,0.59519,0.63111,0.67974,0.70766,0.74304,0.77443,0.80408
0,0.068705,0.11563,0.16295,0.20438,0.23396,0.28512,0.33025,0.37013,0.39577,0.43621,0.46598,0.50837,0.5437,0.56407,0.60181,0.65113,0.69635,0.74064,0.77573,0.84245,0.89182,0.92572,0.95871,0.99703,1.0816
0,0.034861,0.0792,0.14274,0.1892,0.2406,0.25215,0.2886,0.34728,0.3762,0.418,0.43436,0.47848,0.53148,0.56231,0.63252,0.65253,0.70609,0.78059,0.82331,0.90008,0.92589,0.95907,1.0149,1.0543,1.1104
0,0.052006,0.11001,0.14574,0.1938,0.21686,0.25078,0.30962,0.32551,0.35959,0.39513,0.43188,0.4958,0.52058,0.56064,0.59697,0.62797,0.69551,0.73419,0.7968,0.84663,0.88288,0.92058,0.9507,0.99578,1.031
0,0.07759,0.12158,0.15392,0.22031,0.25702,0.29987,0.32801,0.35496,0.38629,0.42172,0.45932,0.48999,0.52324,0.5606,0.61278,0.66874,0.70458,0.75559,0.81007,0.86934,0.90593,0.92708,0.95672,0.99769,1.0339
0,0.058815,0.1083,0.14727,0.2235,0.25275,0.27661,0.31198,0.33215,0.36163,0.37839,0.40042,0.43733,0.46474,0.48578,0.5334,0.58569,0.62974,0.66467,0.69997,0.75595,0.78341,0.80475,0.83207,0.85394,0.9059
0,0.066568,0.11529,0.15037,0.19139,0.22559,0.2722,0.32812,0.35171,0.36919,0.38967,0.43792,0.49408,0.53299,0.55563,0.61982,0.68818,0.73661,0.76307,0.79526,0.86842,0.91796,0.95939,0.99387,1.044,1.1355
0,0.036628,0.069812,0.124,0.16658,0.22529,0.24124,0.28952,0.34578,0.37172,0.42587,0.44682,0.50256,0.56638,0.60257,0.66313,0.67946,0.71609,0.78071,0.81241,0.86504,0.89355,0.92948,0.98062,1.0235,1.0845
0,0.049513,0.098795,0.12987,0.17051,0.20151,0.25478,0.31655,0.33997,0.38303,0.42392,0.47046,0.52467,0.55981,0.60371,0.63888,0.67282,0.71618,0.74607,0.78384,0.826,0.87007,0.91647,0.95447,1.0038,1.0537
0,0.066512,0.099564,0.12914,0.16493,0.21963,0.28156,0.30746,0.33038,0.35915,0.40139,0.45109,0.4849,0.52441,0.56483,0.60908,0.6447,0.66496,0.7011,0.73516,0.77608,0.82016,0.85901,0.90672,0.94883,1.0006
0,0.046892,0.074889,0.10333,0.1416,0.18903,0.23725,0.2637,0.2876,0.3152,0.3433,0.36269,0.40738,0.44383,0.47357,0.50962,0.54254,0.57227,0.6032,0.62644,0.66909,0.7208,0.76159,0.78419,0.81731,0.8783
0,0.049299,0.079772,0.10856,0.13651,0.17276,0.23695,0.28171,0.30476,0.33198,0.37595,0.43759,0.48557,0.51106,0.54739,0.60673,0.66141,0.69546,0.71437,0.73971,0.7866,0.84391,0.88665,0.9182,0.95837,1.0373
0,0.045289,0.075769,0.10877,0.14812,0.18459,0.1975,0.24678,0.28908,0.31853,0.36155,0.39708,0.44825,0.49974,0.53064,0.58082,0.60422,0.65278,0.71872,0.75766,0.81514,0.85222,0.88807,0.93867,0.97999,1.0303
0,0.055294,0.090314,0.12691,0.17235,0.21049,0.24863,0.28919,0.32222,0.35802,0.38026,0.42584,0.48137,0.5096,0.54419,0.57863,0.62733,0.68028,0.72066,0.77172,0.80944,0.85179,0.9049,0.94148,0.99962,1.039
0,0.064461,0.10231,0.14347,0.17944,0.21448,0.26817,0.30808,0.34507,0.37105,0.40378,0.45442,0.4932,0.53271,0.55379,0.59472,0.64277,0.68583,0.73365,0.76975,0.81393,0.86049,0.8984,0.95426,0.98759,1.0341
0,0.051656,0.084877,0.11899,0.1558,0.20091,0.23735,0.27408,0.30448,0.33332,0.35628,0.40266,0.44417,0.46796,0.49271,0.53852,0.56983,0.6189,0.6613,0.69547,0.73424,0.78625,0.82559,0.85572,0.88952,0.94267
0,0.063175,0.10496,0.14622,0.19735,0.24303,0.29992,0.34134,0.36541,0.3906,0.41967,0.49361,0.54333,0.57936,0.61098,0.66196,0.7271,0.77942,0.81419,0.85518,0.90674,0.97931,1.028,1.0719,1.1143,1.1677
0,0.054493,0.068793,0.088054,0.1134,0.14811,0.15565,0.18546,0.23062,0.26142,0.29896,0.32303,0.38059,0.43359,0.47291,0.53081,0.56007,0.60889,0.67631,0.72344,0.7662,0.80508,0.84694,0.9024,0.95438,1.0057
0,0.032898,0.072566,0.098409,0.14166,0.17511,0.20753,0.25539,0.28509,0.32566,0.35804,0.399,0.4488,0.48297,0.51935,0.55276,0.61035,0.67405,0.71332,0.76149,0.79852,0.84144,0.89437,0.93372,0.9891,1.033
0,0.050332,0.081956,0.11481,0.14462,0.18188,0.23041,0.25211,0.28706,0.32592,0.35987,0.40553,0.44416,0.47979,0.50996,0.55408,0.60563,0.64359,0.68701,0.72193,0.7566,0.80143,0.84634,0.89748,0.94519,0.9942
0,0.0525,0.077489,0.10502,0.14412,0.16594,0.19481,0.22564,0.25561,0.29127,0.32063,0.34735,0.39303,0.42224,0.4546,0.48744,0.53784,0.58226,0.6216,0.64888,0.68366,0.73637,0.78391,0.81803,0.85861,0.92081
0,0.059399,0.098365,0.14192,0.18616,0.24794,0.28451,0.30526,0.32703,0.34921,0.3861,0.44345,0.48777,0.50853,0.53046,0.5758,0.6559,0.7124,0.76182,0.80167,0.84833,0.90779,0.95743,0.99511,1.0381,1.0996
0,0.039413,0.05978,0.08053,0.12683,0.14475,0.152,0.18118,0.20742,0.24412,0.29248,0.3099,0.35604,0.40273,0.45506,0.51503,0.52991,0.57376,0.62539,0.67641,0.72643,0.74463,0.78368,0.81994,0.86178,0.91536
0,0.049387,0.077901,0.097803,0.14124,0.15241,0.18638,0.21986,0.241,0.29542,0.34676,0.38152,0.43586,0.46276,0.53692,0.59632,0.62762,0.68134,0.72444,0.80632,0.85475,0.8839,0.9237,0.96117,1.0193,1.0661
0,0.035923,0.072257,0.11266,0.13375,0.1498,0.17502,0.21065,0.23662,0.26291,0.31302,0.33293,0.36863,0.40622,0.44777,0.5045,0.53769,0.59043,0.66464,0.72996,0.78554,0.80928,0.85523,0.91626,0.9596,1.0145
0,0.064379,0.087529,0.12,0.15365,0.17119,0.21458,0.22705,0.24941,0.27731,0.30073,0.33603,0.35782,0.38278,0.40923,0.44694,0.4806,0.52264,0.59564,0.65935,0.723,0.76769,0.80185,0.85145,0.90362,0.96248
0,0.048366,0.077197,0.1055,0.1497,0.16549,0.21621,0.25166,0.26806,0.30054,0.32965,0.36838,0.38732,0.40513,0.43264,0.46004,0.51856,0.56298,0.61139,0.66091,0.72995,0.78399,0.82946,0.88381,0.94166,1.0267
0,0.047373,0.079744,0.12055,0.1674,0.17896,0.20499,0.24236,0.28542,0.32231,0.35522,0.37641,0.41829,0.47167,0.52046,0.57132,0.60315,0.65282,0.71448,0.76757,0.83091,0.85448,0.88896,0.94948,1.0014,1.0606
0,0.056346,0.099556,0.12294,0.18261,0.19977,0.24121,0.29941,0.32183,0.37799,0.41127,0.44667,0.51092,0.545,0.61838,0.66084,0.69453,0.7521,0.78138,0.84596,0.88125,0.91591,0.97009,1.0069,1.0874,1.1358
0,0.05533,0.10217,0.15067,0.19529,0.21793,0.25202,0.30239,0.32989,0.3676,0.41089,0.44406,0.4747,0.52173,0.5607,0.61874,0.65761,0.69223,0.74628,0.77988,0.8344,0.86016,0.90449,0.97277,1.0167,1.0801
0,0.056673,0.091509,0.12925,0.18697,0.21501,0.25411,0.27826,0.3064,0.3367,0.36792,0.3964,0.42031,0.45309,0.49248,0.5461,0.59246,0.61884,0.64817,0.67896,0.74031,0.77916,0.81001,0.85125,0.90217,0.98318
0,0.049337,0.087873,0.11726,0.16678,0.18077,0.24539,0.27054,0.288,0.31872,0.33482,0.38718,0.41433,0.43529,0.46432,0.51632,0.56932,0.60749,0.63593,0.67738,0.75337,0.81328,0.85886,0.91428,0.97614,1.0915
0,0.046562,0.078323,0.11843,0.16934,0.195,0.21822,0.26671,0.30924,0.34672,0.39184,0.42071,0.48557,0.54982,0.60359,0.66379,0.67985,0.72329,0.7922,0.83394,0.88454,0.91253,0.9449,0.99008,1.0465,1.1016
0,0.055404,0.10327,0.13508,0.204,0.23099,0.27274,0.32819,0.35322,0.40794,0.43612,0.48624,0.55971,0.61061,0.71232,0.77679,0.80954,0.8732,0.90336,0.95419,0.97815,1.0189,1.065,1.0935,1.1563,1.2043
0,0.048917,0.086612,0.13872,0.18093,0.21538,0.25692,0.29745,0.33562,0.37787,0.41442,0.45971,0.50998,0.57425,0.64048,0.7027,0.72731,0.76477,0.80933,0.83312,0.87967,0.90298,0.94678,1.0019,1.0452,1.1082
0,0.054097,0.073866,0.10808,0.15773,0.20101,0.24785,0.2691,0.29879,0.33609,0.36702,0.40212,0.44711,0.51005,0.58129,0.6422,0.68551,0.70813,0.74207,0.7642,0.80985,0.83935,0.8691,0.90306,0.94326,1.019
0,0.04563,0.071316,0.099827,0.14464,0.1738,0.2319,0.25542,0.27727,0.31059,0.33578,0.41149,0.45064,0.49069,0.54939,0.61686,0.68101,0.706,0.71994,0.7381,0.80013,0.85908,0.88865,0.92292,0.96991,1.0591
0,0.049607,0.070765,0.11128,0.15892,0.19872,0.22044,0.2887,0.35068,0.39504,0.43905,0.48147,0.53205,0.59088,0.63217,0.67598,0.70748,0.77465,0.86661,0.92949,0.98318,1.0182,1.0473,1.1,1.1483,1.186
0,0.052066,0.10016,0.13122,0.1893,0.22912,0.27309,0.3413,0.39655,0.46848,0.50538,0.54314,0.61063,0.63545,0.70068,0.72993,0.78931,0.87823,0.94356,1.0257,1.0742,1.1194,1.1754,1.2092,1.2735,1.309
0,0.052863,0.10384,0.16131,0.20146,0.23789,0.27364,0.33078,0.38223,0.43997,0.48153,0.51984,0.56113,0.60871,0.64888,0.70268,0.73635,0.81127,0.8998,0.96138,1.0158,1.0342,1.0814,1.1411,1.1839,1.2295
0,0.055836,0.084969,0.1256,0.17261,0.22188,0.25665,0.30116,0.35684,0.41514,0.47578,0.52318,0.55154,0.58365,0.62045,0.67473,0.71898,0.78201,0.86124,0.91862,0.97466,1.021,1.0585,1.0958,1.1414,1.198
0,0.067615,0.11282,0.152,0.2045,0.24891,0.31151,0.35338,0.39056,0.44044,0.48557,0.56138,0.61046,0.63419,0.66858,0.72744,0.80168,0.87989,0.94214,0.99305,1.0662,1.1174,1.1666,1.2089,1.2524,1.3268
0,0.047224,0.064025,0.08014,0.10261,0.1239,0.14988,0.18794,0.23688,0.2843,0.33597,0.36824,0.43385,0.4918,0.53625,0.58388,0.61622,0.66016,0.7203,0.77198,0.81771,0.8514,0.9031,0.96609,1.0287,1.088
0,0.043423,0.078304,0.10204,0.14658,0.16609,0.20624,0.26582,0.30036,0.36376,0.4051,0.46135,0.53503,0.58232,0.65427,0.69779,0.75154,0.82035,0.87051,0.93424,0.96867,1.0232,1.0927,1.1386,1.2182,1.274
0,0.042037,0.072997,0.10578,0.135,0.167,0.19973,0.23328,0.2809,0.32574,0.37561,0.41642,0.47574,0.52671,0.58257,0.64545,0.68889,0.73494,0.79321,0.82644,0.86968,0.89737,0.94956,1.0189,1.0574,1.1213
0,0.046714,0.062803,0.082925,0.12663,0.14106,0.17835,0.20537,0.2436,0.29798,0.33596,0.37403,0.41659,0.46487,0.53255,0.59528,0.6551,0.68864,0.74479,0.78587,0.82979,0.87598,0.92133,0.9711,1.023,1.0871
0,0.051126,0.087334,0.12732,0.17289,0.2102,0.25172,0.27833,0.30013,0.33322,0.37066,0.44116,0.49741,0.53695,0.58394,0.63505,0.7065,0.74849,0.77685,0.81009,0.85435,0.91604,0.96761,1.0153,1.0659,1.147
0,0.04313,0.079068,0.1339,0.1669,0.19758,0.21657,0.2406,0.27427,0.29664,0.31905,0.33091,0.35873,0.39962,0.43297,0.4633,0.48213,0.51921,0.56462,0.59563,0.62823,0.66152,0.69806,0.7422,0.77351,0.80113
