0,0.0012368,0.0024451,0.0035623,0.0047203,0.0059075,0.0071624,0.0084564,0.0098017,0.011079,0.012242,0.013405,0.014483,0.015606,0.016779,0.018009,0.019311,0.020617,0.021978,0.022881,0.023045
0,0.001161,0.0023064,0.0034166,0.0044794,0.0055079,0.0065646,0.007703,0.008954,0.010185,0.011374,0.012558,0.013687,0.014722,0.01573,0.016782,0.017823,0.018937,0.02022,0.021222,0.021679
0,0.0013524,0.0026964,0.004058,0.0055099,0.0070436,0.0086044,0.010195,0.011737,0.013162,0.01453,0.015888,0.017151,0.01832,0.019455,0.020784,0.022281,0.023868,0.025794,0.027699,0.028513
0,0.0015018,0.0030295,0.004583,0.0062101,0.0079691,0.0096859,0.011243,0.012719,0.014087,0.01531,0.016534,0.017686,0.018838,0.020044,0.021482,0.02308,0.024763,0.026786,0.028976,0.030463
0,0.0008571,0.0016845,0.002493,0.0032841,0.0040104,0.0047304,0.0053954,0.0060491,0.0066758,0.0072659,0.0078824,0.0084887,0.009064,0.0095603,0.010031,0.010517,0.011098,0.011916,0.012558,0.012636
0,0.00098307,0.0019698,0.0029908,0.0040497,0.0050893,0.0061037,0.0071194,0.0081783,0.0092565,0.010344,0.011472,0.012435,0.013427,0.014509,0.015591,0.016818,0.018061,0.019444,0.020506,0.02075
0,0.0010824,0.002109,0.0030388,0.0038788,0.0046603,0.0054825,0.0063419,0.007224,0.0080781,0.0090391,0.01018,0.01127,0.012317,0.013432,0.014692,0.016088,0.017678,0.019395,0.020725,0.02115
0,0.00109,0.0022075,0.0033791,0.0046051,0.0058862,0.0072366,0.008633,0.0099958,0.011261,0.012383,0.013591,0.014874,0.01622,0.017567,0.018946,0.020359,0.021855,0.023593,0.02528,0.025713
0,0.0016354,0.0032563,0.004912,0.0066095,0.0084016,0.0101,0.011721,0.013139,0.014281,0.015248,0.016272,0.017304,0.018399,0.019449,0.020554,0.021847,0.02348,0.025471,0.027699,0.028997
0,0.00079241,0.0015711,0.0023284,0.0030457,0.0037111,0.0043446,0.0049276,0.0054623,0.0059525,0.0063958,0.0068674,0.0072912,0.0076729,0.0080175,0.0083794,0.0087405,0.0091701,0.0097817,0.01026,0.010363
0,0.0011856,0.0023276,0.0034499,0.0045278,0.0055697,0.0065663,0.007532,0.0084302,0.0092795,0.010121,0.01104,0.011985,0.012917,0.013904,0.015105,0.016658,0.018154,0.019577,0.020433,0.020447
0,0.00099375,0.0019541,0.0028821,0.003822,0.0047522,0.0056693,0.0066248,0.0075868,0.0084993,0.0094267,0.010486,0.011496,0.012424,0.013375,0.014434,0.015548,0.016712,0.018068,0.019255,0.020061
0,0.0011918,0.002405,0.0036994,0.0050557,0.0063972,0.0077879,0.0092172,0.010609,0.011978,0.013266,0.014602,0.015914,0.017256,0.018702,0.02026,0.021878,0.023712,0.02579,0.027616,0.028412
0,0.0014939,0.0029513,0.0044111,0.0059974,0.0076279,0.0092354,0.010701,0.01208,0.0133,0.014294,0.015154,0.015983,0.016884,0.017776,0.018854,0.020246,0.02186,0.023776,0.02513,0.02342
0,0.00080854,0.0016184,0.0024077,0.0031753,0.0038863,0.0045705,0.0051888,0.0057476,0.0062117,0.006635,0.0070576,0.0074258,0.007747,0.008009,0.0083332,0.0087297,0.0092848,0.01003,0.010685,0.010791
0,0.0009457,0.0019258,0.0029447,0.0039797,0.0050097,0.0060622,0.0071192,0.0082027,0.0092935,0.010355,0.011435,0.012453,0.013468,0.014498,0.015672,0.01702,0.018542,0.020116,0.021046,0.021241
0,0.00090113,0.0017975,0.0026766,0.0035372,0.0044014,0.0052747,0.00616,0.0070747,0.0079809,0.0088924,0.0099276,0.010937,0.011943,0.012972,0.01405,0.015185,0.016381,0.017764,0.019024,0.019595
0,0.0012172,0.0024287,0.0036286,0.0048409,0.0060792,0.0073724,0.0086961,0.010112,0.011485,0.012821,0.014124,0.015292,0.016342,0.017399,0.018673,0.020117,0.021613,0.023419,0.02497,0.025635
0,0.0014198,0.0028093,0.0041728,0.0055028,0.0068475,0.008224,0.0096182,0.010928,0.012039,0.013035,0.014012,0.014913,0.015771,0.016687,0.017615,0.018647,0.019968,0.021573,0.022804,0.021553
0,0.00075662,0.001525,0.0023063,0.0030759,0.0038125,0.0044964,0.0051577,0.0057387,0.0062339,0.0067166,0.0072286,0.0076431,0.0079504,0.0082169,0.0084952,0.0087877,0.0092904,0.010028,0.01061,0.010769
0,0.00099278,0.0019677,0.0029169,0.0038219,0.0047011,0.0055827,0.0064995,0.0074955,0.0084545,0.0093797,0.010341,0.011267,0.012204,0.013202,0.014415,0.015797,0.017367,0.019082,0.020152,0.019962
0,0.00092375,0.0018452,0.0027393,0.0036267,0.0044998,0.0053452,0.006175,0.0069956,0.0077839,0.0086516,0.009574,0.010424,0.011246,0.012094,0.013038,0.013937,0.014788,0.01581,0.016578,0.016798
0,0.0013815,0.0028132,0.0042844,0.0057915,0.0071995,0.0085536,0.0098185,0.011003,0.012079,0.013046,0.013997,0.014894,0.015673,0.016396,0.017386,0.018595,0.020266,0.022376,0.024094,0.02436
0,0.0014513,0.0028941,0.0043055,0.0056379,0.0069743,0.0082448,0.0094281,0.010472,0.011336,0.012097,0.012867,0.013607,0.014303,0.014964,0.015606,0.016336,0.017328,0.018544,0.018974,0.017132
0,0.00083117,0.0016397,0.0023965,0.0030835,0.003715,0.0043514,0.0049378,0.0054821,0.0059639,0.0063838,0.0067952,0.0071688,0.0074529,0.0076816,0.0079367,0.0082442,0.0087392,0.0093305,0.0097444,0.0096024
0,0.0012391,0.0024646,0.0036137,0.0047496,0.0058962,0.0070876,0.0083116,0.009578,0.010779,0.011897,0.01299,0.013933,0.01484,0.015731,0.016648,0.017604,0.018483,0.019656,0.02053,0.020587
0,0.0012659,0.0025422,0.0037911,0.0049833,0.0061292,0.0073162,0.008589,0.0099853,0.011374,0.01278,0.014229,0.015591,0.016838,0.018065,0.019379,0.020803,0.022279,0.023871,0.025014,0.025457
0,0.0012233,0.0024285,0.0036333,0.0048541,0.0060619,0.0072713,0.0085123,0.0098048,0.011104,0.012452,0.013813,0.015074,0.016365,0.017668,0.019135,0.020619,0.02216,0.02388,0.02528,0.025655
0,0.0014104,0.0028913,0.004406,0.0059234,0.0074887,0.0091552,0.010842,0.012583,0.014198,0.015776,0.01733,0.018804,0.020292,0.021826,0.02341,0.025094,0.027012,0.029045,0.030884,0.032189
0,0.00093587,0.0017885,0.0025904,0.0033193,0.0040113,0.0046575,0.0052512,0.0058613,0.0064784,0.0070912,0.0076302,0.0080406,0.0083679,0.0086308,0.0088817,0.0092382,0.0096685,0.010196,0.010501,0.010283
0,0.0010091,0.0020151,0.0030424,0.0040665,0.0051111,0.0061497,0.0071391,0.0081283,0.0090467,0.0099608,0.010969,0.011899,0.012792,0.013821,0.014908,0.016002,0.017067,0.018323,0.019283,0.019327
0,0.001117,0.0021644,0.0031276,0.0040561,0.0049574,0.005915,0.0069397,0.0080763,0.0092381,0.010544,0.012078,0.013625,0.015043,0.016566,0.018326,0.020244,0.022121,0.024123,0.025628,0.025965
0,0.0010549,0.0021204,0.0031369,0.0041618,0.0051728,0.006157,0.0071733,0.0082395,0.0093215,0.010465,0.011822,0.013256,0.014676,0.016049,0.017451,0.018823,0.020289,0.022044,0.023586,0.023745
0,0.0017365,0.0034577,0.0052372,0.007048,0.0089768,0.010865,0.012675,0.014335,0.015782,0.017075,0.018411,0.019586,0.020714,0.021861,0.023053,0.024441,0.026092,0.027901,0.029823,0.031067
0,0.00069878,0.0013849,0.0020468,0.0026721,0.0032673,0.0038387,0.004385,0.0048893,0.0053373,0.0057685,0.0062082,0.0065846,0.0068476,0.0070291,0.0071799,0.00733,0.0075726,0.0079415,0.0082342,0.0081434
0,0.0010947,0.0021453,0.0031973,0.0042078,0.0052099,0.0061584,0.0070417,0.0079093,0.0086915,0.0094977,0.010392,0.011311,0.012192,0.013035,0.013943,0.01513,0.01636,0.017702,0.018796,0.018767
0,0.0010038,0.0019647,0.0029096,0.0038316,0.0047171,0.0056143,0.0065854,0.0076739,0.0088209,0.010024,0.011396,0.012742,0.014005,0.015274,0.016648,0.018237,0.020017,0.021846,0.023258,0.023901
0,0.0011492,0.0022831,0.0034227,0.0045769,0.0056828,0.0067902,0.0078696,0.0089905,0.010106,0.011274,0.012586,0.013995,0.015467,0.016918,0.01843,0.019963,0.021547,0.023337,0.024897,0.025207
0,0.0017525,0.0035996,0.0054555,0.0073385,0.0092213,0.011165,0.013074,0.014879,0.016433,0.017762,0.018947,0.020136,0.021352,0.022693,0.024119,0.025715,0.027459,0.029451,0.031003,0.030704
0,0.00071006,0.0014139,0.0020832,0.002747,0.0033717,0.0039601,0.0045437,0.005123,0.0056706,0.0061679,0.0066052,0.0069532,0.007201,0.0073923,0.0075671,0.0077738,0.0081034,0.0085996,0.0089949,0.0089198
0,0.00094353,0.0018795,0.002831,0.0038197,0.0047961,0.0057503,0.0067431,0.0077733,0.0087704,0.0097521,0.010776,0.011836,0.01278,0.013686,0.01459,0.015623,0.016728,0.018022,0.018911,0.019021
0,0.00093026,0.0018365,0.0027358,0.0036033,0.0044654,0.005339,0.0062636,0.0072873,0.0083269,0.0094988,0.010916,0.01223,0.013527,0.014879,0.016351,0.017994,0.019733,0.021598,0.023083,0.023491
0,0.001081,0.0021707,0.0032533,0.0043816,0.0054655,0.0065242,0.007628,0.0087679,0.0099191,0.011084,0.012303,0.013474,0.014714,0.016035,0.017349,0.018633,0.020167,0.022056,0.023772,0.024351
0,0.0015752,0.0031798,0.0048346,0.0066314,0.0084642,0.010318,0.012062,0.013684,0.015155,0.016479,0.017783,0.018952,0.020031,0.021027,0.022059,0.023221,0.024625,0.026376,0.02763,0.026437
0,0.00064867,0.0012819,0.0018934,0.0024934,0.0030825,0.0036845,0.0042961,0.0048813,0.0053998,0.0058626,0.006259,0.0065917,0.0068461,0.0070341,0.0072077,0.0074369,0.0077798,0.008339,0.0088299,0.0089053
0,0.00094358,0.0018836,0.0027867,0.0036462,0.0045251,0.0054115,0.0062976,0.0072052,0.0080814,0.0089684,0.0099176,0.010844,0.011715,0.012608,0.013729,0.015039,0.016502,0.01818,0.019333,0.01902
0,0.00093909,0.0018272,0.002688,0.0035252,0.004382,0.0052154,0.0060652,0.0069449,0.0078456,0.00877,0.0097661,0.010797,0.011826,0.012952,0.014249,0.015624,0.017035,0.018576,0.019661,0.019746
0,0.0011638,0.0023692,0.0035723,0.0047646,0.0059002,0.0070849,0.0082758,0.0094031,0.010398,0.011321,0.012271,0.013185,0.014155,0.015314,0.01673,0.018374,0.02037,0.02281,0.024668,0.024694
0,0.0014601,0.0029569,0.0044278,0.0059762,0.0076596,0.0093895,0.011088,0.0126,0.013901,0.01508,0.016168,0.017166,0.018111,0.019046,0.019995,0.021149,0.022593,0.024235,0.024731,0.022319
0,0.0009135,0.0017694,0.0025877,0.0033397,0.0040516,0.0047226,0.0053588,0.0059294,0.0064045,0.0068282,0.0072417,0.0075847,0.0078512,0.0080696,0.0083001,0.0085601,0.0090146,0.0095903,0.0099861,0.0099579
0,0.0013821,0.0028008,0.0042193,0.0056206,0.0070828,0.0086181,0.01013,0.01165,0.013155,0.014513,0.015815,0.016956,0.017981,0.018813,0.019597,0.020387,0.021121,0.022162,0.022964,0.023164
0,0.0012931,0.0025772,0.0038988,0.0052599,0.0066153,0.0080046,0.0095265,0.011121,0.012673,0.014173,0.015718,0.017081,0.018352,0.019776,0.021418,0.023081,0.024964,0.027029,0.02852,0.029079
0,0.0011814,0.0023438,0.003534,0.0047187,0.0059355,0.0071822,0.0084897,0.0098531,0.011242,0.01253,0.013901,0.015201,0.016553,0.017975,0.019602,0.02123,0.022959,0.024862,0.026385,0.026879
0,0.0015272,0.0030777,0.0046178,0.0061927,0.0079738,0.010081,0.012176,0.014122,0.015973,0.017742,0.019567,0.021475,0.023361,0.025327,0.027351,0.029624,0.032025,0.034651,0.037357,0.039526
0,0.00095272,0.001869,0.0027558,0.0036036,0.0043455,0.0050682,0.0057182,0.0063235,0.0068903,0.0074507,0.0079497,0.008314,0.0086212,0.008861,0.0091347,0.0094377,0.009856,0.010462,0.010856,0.01067
0,0.0011982,0.0023748,0.0035101,0.0046887,0.005914,0.0071093,0.008242,0.0093647,0.010467,0.011584,0.012708,0.013729,0.014619,0.015455,0.016245,0.017082,0.017818,0.018839,0.01971,0.019995
0,0.0011335,0.002209,0.0032547,0.0042429,0.0052219,0.0062566,0.0073598,0.0086002,0.0099047,0.011297,0.012904,0.014494,0.015989,0.017636,0.0195,0.021622,0.023743,0.026065,0.027777,0.028261
0,0.00095967,0.0019066,0.0028991,0.0039306,0.0049618,0.0059997,0.0070668,0.0082306,0.0094113,0.010642,0.012112,0.013622,0.015175,0.016689,0.018199,0.019734,0.021317,0.023157,0.024822,0.025276
0,0.0015938,0.0032019,0.0048998,0.0068141,0.0088202,0.01074,0.012677,0.014496,0.016222,0.018,0.019909,0.021581,0.023111,0.024545,0.026194,0.028055,0.030196,0.032702,0.036213,0.039948
0,0.00078809,0.001551,0.0022682,0.0029758,0.0036506,0.0042882,0.0048516,0.0053731,0.0058105,0.0061958,0.0065477,0.0068368,0.0070232,0.0071753,0.0072985,0.007407,0.007683,0.0081418,0.0084896,0.0084477
0,0.0013548,0.0026689,0.0039266,0.0051796,0.0063447,0.0074096,0.0083764,0.0092888,0.0102,0.011111,0.012059,0.012958,0.013787,0.014492,0.015236,0.016092,0.01693,0.017917,0.018853,0.018791
0,0.0010406,0.0020514,0.0030462,0.0040605,0.0051172,0.0062475,0.007426,0.008741,0.010095,0.011507,0.013022,0.014451,0.015798,0.01721,0.018892,0.02066,0.022532,0.024534,0.026173,0.026871
0,0.0011021,0.002255,0.0034005,0.0045641,0.0057256,0.0068718,0.0080281,0.0092312,0.010362,0.011553,0.012876,0.014338,0.015897,0.017427,0.019012,0.020518,0.022129,0.024108,0.025822,0.026353
0,0.0017701,0.0036871,0.005644,0.0076308,0.0096581,0.011616,0.013495,0.015194,0.016796,0.018508,0.020314,0.022056,0.023858,0.025705,0.027755,0.030129,0.032678,0.035558,0.038377,0.038076
0,0.00083888,0.00165,0.0024192,0.003149,0.0038407,0.0045021,0.0051013,0.0056605,0.0061581,0.0065879,0.0069839,0.0072776,0.007516,0.0076986,0.0078592,0.0080285,0.0083487,0.0088684,0.0092823,0.0092802
0,0.0012492,0.0024539,0.003616,0.0047389,0.0058102,0.006879,0.0079675,0.0091002,0.01013,0.011126,0.012109,0.01303,0.013903,0.014671,0.015411,0.016282,0.017196,0.018564,0.019499,0.019411
0,0.00095899,0.0019184,0.0028568,0.0038055,0.0047616,0.0057525,0.0068065,0.0079765,0.0092159,0.010586,0.012182,0.01373,0.015233,0.016828,0.018515,0.020314,0.022201,0.024331,0.025996,0.026379
0,0.0010456,0.0021383,0.0032335,0.0043505,0.0055164,0.006735,0.0080077,0.0092798,0.010532,0.011906,0.013437,0.01479,0.016171,0.017583,0.019158,0.020694,0.022357,0.024443,0.026245,0.02685
0,0.0014915,0.0031478,0.0050132,0.0070013,0.0090769,0.011278,0.013484,0.015475,0.017242,0.018963,0.020733,0.022439,0.024043,0.025558,0.027171,0.029008,0.030955,0.033343,0.036105,0.036496
0,0.00074271,0.0014844,0.0022065,0.0028888,0.0035589,0.0042492,0.0049061,0.0055227,0.0060828,0.006569,0.00696,0.0072374,0.00739,0.0074766,0.0075366,0.0076046,0.0078262,0.0083157,0.0087593,0.0087625
0,0.0011387,0.0022571,0.0033395,0.0044243,0.0054712,0.0065245,0.0075857,0.0086828,0.0097334,0.010729,0.011728,0.012725,0.013673,0.014567,0.015654,0.016876,0.018097,0.019953,0.021249,0.021102
0,0.00099369,0.0019875,0.0029431,0.0038777,0.0048251,0.0057848,0.0067932,0.0078718,0.008943,0.010045,0.011213,0.012312,0.013413,0.01467,0.01612,0.01763,0.019298,0.021137,0.022552,0.022595
0,0.0011526,0.0023578,0.0035734,0.0048055,0.0060346,0.0072375,0.0084604,0.0097014,0.010882,0.012011,0.013187,0.014266,0.015343,0.016574,0.018135,0.019994,0.022235,0.024802,0.026752,0.026899
0,0.0014069,0.0028958,0.0044987,0.0063009,0.0082914,0.01022,0.011941,0.013487,0.014861,0.016092,0.017318,0.018339,0.01934,0.020345,0.021612,0.023179,0.024919,0.026841,0.027755,0.025024
0,0.0010154,0.0020223,0.0029977,0.0038737,0.0046905,0.0055083,0.0062861,0.0070119,0.0076321,0.0081599,0.0086695,0.0091241,0.0094688,0.0097862,0.010103,0.010489,0.010942,0.011543,0.01205,0.01209
0,0.0013065,0.0025993,0.0039158,0.0052624,0.0065741,0.0079313,0.0092335,0.010513,0.011717,0.012845,0.014009,0.015069,0.015989,0.016857,0.017786,0.018743,0.019715,0.020832,0.021747,0.022048
0,0.0014171,0.0027895,0.0041797,0.0056533,0.0071664,0.0087134,0.010311,0.011967,0.013605,0.015212,0.01692,0.018624,0.020288,0.022064,0.024073,0.026185,0.028045,0.029946,0.030939,0.030748
0,0.0012357,0.0024621,0.0036824,0.0048789,0.0060466,0.0072411,0.0085299,0.0098845,0.011148,0.012372,0.013686,0.015092,0.016609,0.018348,0.020198,0.022122,0.024059,0.026068,0.027576,0.027421
0,0.0014566,0.0029686,0.0044843,0.0060461,0.0076674,0.0093479,0.011157,0.012943,0.014622,0.016236,0.018065,0.020021,0.021992,0.023974,0.025956,0.027885,0.02978,0.032081,0.033855,0.03448
0,0.0010476,0.0020617,0.0030071,0.0039181,0.004737,0.0055164,0.0062346,0.006986,0.0077042,0.0083646,0.0089857,0.0094682,0.0098442,0.01022,0.010612,0.011008,0.011477,0.012046,0.012458,0.01238
0,0.0011182,0.0022284,0.0033541,0.0044426,0.0054985,0.0065471,0.0075694,0.008603,0.0095973,0.010641,0.011784,0.012798,0.013655,0.014515,0.015469,0.016434,0.017301,0.018287,0.019121,0.019253
0,0.0012254,0.0023774,0.0035198,0.0046824,0.0058207,0.0069995,0.0082077,0.0095802,0.011191,0.012882,0.014714,0.016598,0.018523,0.020675,0.023314,0.026171,0.028763,0.031255,0.032601,0.032261
0,0.0010488,0.0020711,0.0030649,0.0040643,0.0050651,0.0061363,0.0072794,0.0085595,0.0098444,0.011259,0.013016,0.014795,0.016407,0.017861,0.019432,0.021045,0.022832,0.025084,0.026747,0.026146
0,0.0015787,0.003232,0.0049582,0.0068035,0.0087481,0.010637,0.012584,0.014469,0.016293,0.01798,0.019642,0.021164,0.022689,0.024302,0.025888,0.0276,0.029378,0.031576,0.033554,0.034309
0,0.00084507,0.0016848,0.0024829,0.0032424,0.0039735,0.0047015,0.0053929,0.006018,0.0065758,0.007053,0.0075035,0.0078621,0.0081295,0.008356,0.0086093,0.0088847,0.0092298,0.0097226,0.010115,0.010239
0,0.001221,0.0023835,0.0034993,0.004591,0.0056419,0.0066491,0.007597,0.0085653,0.0095174,0.010463,0.011416,0.012318,0.013218,0.014006,0.014793,0.015671,0.016591,0.017746,0.018732,0.01867
0,0.0011403,0.0023175,0.0034697,0.0045647,0.0056484,0.0068083,0.0080691,0.0095455,0.011078,0.01266,0.014361,0.01599,0.017597,0.019402,0.021565,0.023943,0.026165,0.028421,0.029714,0.029734
0,0.0012287,0.0024243,0.0035697,0.0046725,0.0057012,0.0067223,0.0077406,0.0087709,0.0098005,0.010906,0.012228,0.013669,0.015331,0.01709,0.019023,0.020998,0.023142,0.025591,0.027338,0.02725
0,0.0016407,0.0033883,0.0052034,0.0071438,0.0092372,0.011346,0.01342,0.015391,0.01707,0.018649,0.020327,0.022055,0.023926,0.025844,0.027927,0.030233,0.032621,0.035665,0.037511,0.037268
0,0.00085048,0.0016437,0.0024055,0.0031418,0.0038635,0.0045845,0.0052821,0.0059324,0.0065397,0.0071288,0.0076704,0.0080678,0.0083351,0.008593,0.0089344,0.0092937,0.009685,0.010169,0.010535,0.010705
0,0.0010775,0.0021406,0.0031861,0.0042097,0.0052336,0.0062485,0.0072771,0.008309,0.0093242,0.010311,0.011333,0.012364,0.013292,0.014124,0.015053,0.016124,0.017285,0.018619,0.019617,0.019612
0,0.0012343,0.002423,0.0035422,0.0046665,0.0057801,0.0068521,0.0079464,0.009178,0.010516,0.01199,0.013679,0.015264,0.01681,0.018567,0.020741,0.023071,0.025221,0.02739,0.028891,0.028934
0,0.0011947,0.0023424,0.0034578,0.0045557,0.0056038,0.0066116,0.0076205,0.0087276,0.0098896,0.011161,0.012556,0.013927,0.015531,0.017228,0.01918,0.02116,0.023153,0.025337,0.026879,0.026598
0,0.0017763,0.0035615,0.005356,0.0072148,0.009158,0.011089,0.013012,0.014899,0.016605,0.018152,0.019703,0.021205,0.022692,0.024281,0.025887,0.027461,0.02916,0.031569,0.033365,0.032394
0,0.00077266,0.0015323,0.0022427,0.0028938,0.0035423,0.0041726,0.0047714,0.0053671,0.0059228,0.0064579,0.0069664,0.0074026,0.0077035,0.0079579,0.0082113,0.0085134,0.0089061,0.0095383,0.01007,0.010221
0,0.0010655,0.0021376,0.0032162,0.0042663,0.0052601,0.0062394,0.007212,0.0081851,0.0091085,0.009984,0.010915,0.011833,0.012642,0.013536,0.014706,0.01611,0.017641,0.019553,0.020857,0.020874
0,0.0011982,0.0023652,0.0034971,0.0045848,0.0056347,0.0066657,0.0076815,0.0087405,0.0098131,0.010903,0.012064,0.013251,0.014499,0.015873,0.017602,0.019546,0.021614,0.023865,0.025342,0.025168
0,0.0012752,0.0025593,0.0038484,0.0050954,0.0063372,0.0076041,0.0089366,0.010343,0.011739,0.013021,0.014274,0.015457,0.016689,0.018101,0.020031,0.022197,0.024442,0.027242,0.029007,0.02776
0,0.0017496,0.0035205,0.0053805,0.0072316,0.0090642,0.01083,0.012543,0.014286,0.015815,0.017169,0.0185,0.019699,0.020868,0.022087,0.023419,0.024972,0.026913,0.029515,0.030999,0.029215
0,0.00079686,0.0015759,0.0023361,0.0030601,0.0037235,0.00438,0.0050083,0.0055813,0.0060788,0.0065525,0.0070863,0.0075566,0.0079064,0.0082133,0.0085579,0.0089618,0.0096089,0.010343,0.010877,0.010996
0,0.0014181,0.0028,0.0041602,0.0055163,0.006828,0.0080806,0.0093284,0.010667,0.01197,0.013249,0.014601,0.015694,0.016583,0.017486,0.018549,0.0197,0.020935,0.022337,0.023384,0.023627
0,0.0013247,0.0026887,0.0040895,0.0055614,0.0070321,0.0085486,0.010083,0.011706,0.013311,0.014951,0.016703,0.018303,0.019814,0.021396,0.023111,0.024869,0.026778,0.028949,0.030183,0.02978
0,0.0011721,0.0023217,0.0034808,0.0046517,0.0058409,0.0071039,0.0084675,0.0098825,0.011396,0.013,0.014835,0.016596,0.018386,0.020237,0.022228,0.024248,0.026389,0.028639,0.03037,0.030644
0,0.0015009,0.0030071,0.004526,0.0060491,0.0075792,0.0091761,0.010761,0.012322,0.013921,0.015614,0.01756,0.019587,0.021465,0.023342,0.025417,0.027517,0.02961,0.031733,0.033481,0.034139
0,0.00087144,0.0017011,0.0024813,0.0032091,0.0038961,0.0045453,0.005163,0.005772,0.0063471,0.0069018,0.0074284,0.0078437,0.0081991,0.0085031,0.008804,0.0091744,0.0096869,0.010381,0.010927,0.010935
0,0.0011736,0.0023102,0.003423,0.0045529,0.0056404,0.0067284,0.0078017,0.0088673,0.0098854,0.010882,0.01191,0.012782,0.013514,0.014273,0.015144,0.016083,0.017014,0.018261,0.019295,0.019587
0,0.0012721,0.0025643,0.0038262,0.0050797,0.006332,0.0075866,0.0088562,0.01018,0.011558,0.013062,0.014714,0.016311,0.017981,0.019921,0.022005,0.024224,0.026669,0.029424,0.030935,0.030187
0,0.0010125,0.0020188,0.0030394,0.0040423,0.0050183,0.0060104,0.0070744,0.0082955,0.0097159,0.01127,0.013182,0.015192,0.017308,0.01926,0.021289,0.02358,0.025912,0.028609,0.030374,0.029791
0,0.0014964,0.0030301,0.0046165,0.0062447,0.0079525,0.0097658,0.01167,0.013589,0.01543,0.017143,0.018906,0.020505,0.022225,0.023956,0.025777,0.027539,0.029398,0.03149,0.033121,0.033456
0,0.00067123,0.0013258,0.0019457,0.0025356,0.0031332,0.0037346,0.0043243,0.0048778,0.0053524,0.0057526,0.0061251,0.006435,0.0066901,0.0068987,0.007119,0.0073446,0.0077259,0.0083239,0.0087387,0.0088811
0,0.0012745,0.0024682,0.0036111,0.0047173,0.0058267,0.0069266,0.0080074,0.0090904,0.010075,0.011021,0.011949,0.012844,0.013751,0.014582,0.015479,0.016354,0.017303,0.018618,0.019617,0.019655
0,0.0011204,0.0022184,0.003339,0.0045043,0.0057425,0.0070939,0.0085131,0.0099859,0.011465,0.012911,0.014352,0.015719,0.017129,0.018696,0.020465,0.022337,0.024572,0.027055,0.028635,0.028507
0,0.0011394,0.002224,0.0032823,0.0043395,0.0053494,0.0063564,0.0074039,0.0085309,0.0097225,0.010983,0.012469,0.014106,0.01593,0.017917,0.0201,0.022334,0.024724,0.027574,0.029598,0.02942
0,0.0016999,0.0034635,0.0053258,0.00719,0.009031,0.010851,0.012722,0.014545,0.016339,0.018043,0.019638,0.021061,0.022573,0.02426,0.026317,0.028795,0.031327,0.034192,0.036673,0.0375
0,0.00072437,0.0014025,0.0020474,0.0026783,0.0033104,0.0039398,0.0045427,0.0051095,0.0055906,0.0060291,0.0064447,0.0067669,0.0070245,0.0072376,0.007484,0.0077582,0.0081756,0.0088207,0.0092731,0.0092662
0,0.0011333,0.002289,0.0034559,0.0045738,0.0056641,0.0067748,0.0080094,0.0091872,0.010244,0.011247,0.012166,0.01296,0.01371,0.014515,0.015554,0.016776,0.018111,0.019592,0.020641,0.020679
0,0.0011921,0.0023977,0.0035423,0.0046423,0.0057117,0.0068087,0.0079388,0.0091579,0.010426,0.011693,0.013123,0.014501,0.015863,0.017421,0.019176,0.021083,0.023249,0.025739,0.027458,0.027221
0,0.0011079,0.0021981,0.0032809,0.0043166,0.0053177,0.006304,0.00735,0.0084873,0.0097087,0.010962,0.01243,0.013869,0.015429,0.017148,0.019403,0.021871,0.024422,0.027295,0.029353,0.029087
0,0.0016907,0.0035161,0.005388,0.0073064,0.0091853,0.011026,0.012856,0.014579,0.016293,0.01797,0.019664,0.021148,0.022643,0.024161,0.025843,0.027648,0.029464,0.031624,0.033623,0.033534
0,0.00063533,0.00128,0.001903,0.0025161,0.0030971,0.0036556,0.0042178,0.0047837,0.00528,0.0057274,0.0061467,0.0064688,0.006664,0.0068253,0.0070005,0.0072522,0.0076994,0.0083387,0.0087982,0.0087601
0,0.0010999,0.0021888,0.0032366,0.0042957,0.0053593,0.0064811,0.0076252,0.0088273,0.0099579,0.011005,0.01202,0.012927,0.013745,0.014667,0.015929,0.017452,0.019184,0.021308,0.022622,0.022375
0,0.0011756,0.0022941,0.0033553,0.0043849,0.0053764,0.0063818,0.0074291,0.0085674,0.0096822,0.010833,0.012098,0.013319,0.014536,0.015804,0.017227,0.018934,0.02096,0.023329,0.024742,0.023994
0,0.0011162,0.0022597,0.0034159,0.0045743,0.0057197,0.0068342,0.0079229,0.0089743,0.010081,0.011188,0.012487,0.013758,0.015082,0.01667,0.018928,0.021566,0.024604,0.028169,0.030733,0.030551
0,0.0017452,0.0035071,0.0052883,0.0071555,0.0090604,0.010896,0.012711,0.014483,0.016069,0.017405,0.018702,0.019888,0.021113,0.022356,0.023884,0.025747,0.027902,0.030453,0.032356,0.032006
0,0.0011801,0.0024092,0.0035972,0.0046839,0.0056748,0.0066345,0.0075569,0.0084077,0.0091877,0.0099465,0.010664,0.011283,0.01178,0.0121,0.012307,0.012649,0.01326,0.014288,0.015216,0.01524
0,0.0016079,0.0031498,0.0046394,0.0061658,0.0076513,0.0091335,0.010601,0.011997,0.013216,0.014297,0.015362,0.016229,0.016992,0.017635,0.018281,0.019051,0.020147,0.02177,0.023372,0.023977
0,0.0012647,0.0025494,0.0038601,0.0051829,0.0064785,0.0077619,0.0090201,0.010207,0.011342,0.012409,0.013516,0.014442,0.015283,0.016045,0.016773,0.017646,0.018867,0.020522,0.022384,0.023538
0,0.0015644,0.0031284,0.0047313,0.0063686,0.0080417,0.0097812,0.011485,0.013067,0.014484,0.015814,0.017132,0.018191,0.01913,0.020121,0.021244,0.022478,0.023953,0.025884,0.028107,0.029943
0,0.0019492,0.0038973,0.0057862,0.0076573,0.0095054,0.011325,0.01307,0.014592,0.015852,0.016957,0.01801,0.019018,0.020009,0.02105,0.022239,0.023707,0.025489,0.027798,0.030764,0.03333
0,0.0011907,0.0023376,0.0033626,0.004285,0.005168,0.0060138,0.0068085,0.007554,0.008226,0.0088525,0.0094857,0.0099788,0.010344,0.010543,0.010675,0.010868,0.011451,0.012554,0.013506,0.013587
0,0.0012018,0.0024449,0.00371,0.0049879,0.0062305,0.0074778,0.0085952,0.0096205,0.010549,0.011453,0.012385,0.013194,0.013907,0.014553,0.015266,0.016178,0.017381,0.018941,0.02049,0.02103
0,0.001307,0.0025517,0.0037063,0.0047971,0.0057948,0.0067519,0.0076951,0.0086117,0.0094123,0.010178,0.011047,0.011914,0.012833,0.013752,0.014753,0.016021,0.017755,0.020152,0.022608,0.023665
0,0.0013399,0.0026674,0.0039961,0.0053546,0.006724,0.0081049,0.0094447,0.010667,0.01177,0.012791,0.013841,0.014913,0.015981,0.01702,0.018133,0.019526,0.021166,0.023183,0.025258,0.026313
0,0.002121,0.0042519,0.0062837,0.0083301,0.010346,0.012256,0.014075,0.015698,0.016971,0.017961,0.018765,0.019373,0.020017,0.020739,0.021656,0.022961,0.024594,0.026891,0.029595,0.031456
0,0.00098396,0.0019805,0.0029611,0.0038781,0.0047132,0.0054663,0.0061667,0.0068095,0.0073595,0.0078798,0.0084028,0.0088367,0.009154,0.0093923,0.0095451,0.0096687,0.0099146,0.010466,0.01114,0.011264
0,0.0013173,0.00268,0.0040838,0.0054573,0.0068241,0.0081816,0.0093904,0.010445,0.011361,0.012171,0.012933,0.013537,0.014081,0.014609,0.015259,0.016201,0.017485,0.019359,0.02102,0.021545
0,0.0013374,0.0026399,0.0038886,0.00507,0.0062512,0.0074067,0.0085366,0.0095437,0.010552,0.011565,0.012659,0.01362,0.01453,0.015383,0.016234,0.017246,0.018573,0.020361,0.022365,0.023503
0,0.0015747,0.0030916,0.0045996,0.0061051,0.0075755,0.0089811,0.01031,0.011589,0.012819,0.01398,0.015218,0.016388,0.017578,0.018774,0.020007,0.021538,0.023437,0.025887,0.02869,0.030851
0,0.0017933,0.0036232,0.0054087,0.0071537,0.0088742,0.01051,0.012034,0.013333,0.014285,0.014958,0.015417,0.015816,0.016309,0.016798,0.01752,0.018783,0.021341,0.025243,0.028022,0.026576
0,0.00090397,0.0018244,0.0027495,0.0036025,0.004421,0.0052267,0.0059909,0.0066515,0.0072123,0.0077179,0.0081997,0.008603,0.0089212,0.0091336,0.0092399,0.009299,0.0095337,0.010218,0.010996,0.011159
0,0.0011492,0.0023864,0.0036856,0.00504,0.0063384,0.0076108,0.0088629,0.01005,0.011173,0.01217,0.013177,0.014027,0.014754,0.015438,0.016204,0.017281,0.018706,0.020612,0.022488,0.023015
0,0.0011541,0.0022899,0.0034016,0.0044916,0.005544,0.0065913,0.0075964,0.0086295,0.0095892,0.010523,0.011583,0.012558,0.013555,0.014457,0.01536,0.016462,0.017873,0.019764,0.021838,0.023014
0,0.0014156,0.0027867,0.0041603,0.0055302,0.0069266,0.0083583,0.0097866,0.011159,0.012404,0.013572,0.014752,0.015819,0.016832,0.017839,0.018919,0.020224,0.021719,0.023582,0.02585,0.027604
0,0.0016574,0.00334,0.0050228,0.0066139,0.0081697,0.0096842,0.011069,0.012161,0.012994,0.013702,0.014323,0.014859,0.015344,0.01586,0.016548,0.017704,0.019453,0.02182,0.023678,0.023588
0,0.00092896,0.0018743,0.0028055,0.0037162,0.0046117,0.0054267,0.0062332,0.0069433,0.0075658,0.0081619,0.0087443,0.0092425,0.0096332,0.0098721,0.010001,0.010179,0.010557,0.011318,0.012128,0.01243
0,0.0011144,0.0022092,0.0033213,0.0044486,0.0055675,0.0066839,0.0077572,0.0088221,0.0098501,0.010822,0.011828,0.012712,0.01346,0.014063,0.014664,0.015537,0.016761,0.018702,0.020631,0.020805
0,0.0011487,0.0022649,0.0033487,0.0044175,0.0054943,0.0065495,0.0075761,0.0085475,0.009466,0.010386,0.011349,0.012261,0.013118,0.013899,0.014637,0.015455,0.016546,0.017935,0.019332,0.019861
0,0.0014997,0.0029991,0.0044302,0.0058593,0.00731,0.0087006,0.010024,0.011226,0.012343,0.013368,0.014407,0.015287,0.016102,0.016856,0.017595,0.018773,0.020568,0.022922,0.02543,0.026229
0,0.0017686,0.003476,0.0051068,0.0066687,0.00817,0.0095958,0.010794,0.011768,0.012487,0.012997,0.013372,0.013611,0.013775,0.013921,0.014077,0.014519,0.015505,0.017047,0.017888,0.017027
0,0.0010894,0.0021765,0.0032127,0.0041407,0.0050057,0.0058429,0.0065807,0.0072191,0.0077345,0.00818,0.0086423,0.009081,0.0095094,0.0098359,0.010021,0.010252,0.010771,0.011693,0.012539,0.012476
0,0.0014871,0.0029965,0.004527,0.0060024,0.0074197,0.0087963,0.010131,0.011312,0.012355,0.013289,0.014187,0.014874,0.01545,0.015968,0.016465,0.017158,0.018283,0.019954,0.021471,0.021801
0,0.0015031,0.0029832,0.0043852,0.0057401,0.0070572,0.0082424,0.00942,0.010584,0.011713,0.012828,0.014083,0.015169,0.016236,0.017292,0.018342,0.019407,0.020702,0.02263,0.024824,0.025968
0,0.0016037,0.0032055,0.0047659,0.0062725,0.007748,0.0091938,0.010566,0.011888,0.013157,0.01434,0.015618,0.016859,0.018062,0.019177,0.020427,0.021825,0.023589,0.025806,0.028122,0.02944
0,0.0017486,0.0035263,0.0053118,0.0071763,0.0091403,0.011111,0.012974,0.014705,0.016206,0.017602,0.018929,0.020221,0.021447,0.022723,0.024081,0.025831,0.02788,0.030389,0.033396,0.036435
0,0.0011034,0.0021292,0.0031018,0.0040183,0.0048656,0.0056362,0.0063401,0.0070035,0.0075457,0.0080276,0.0085191,0.0089202,0.0092783,0.0094824,0.009549,0.0096409,0.010045,0.010864,0.011475,0.011404
0,0.0012759,0.0025087,0.003684,0.0048626,0.0060407,0.0072051,0.0083179,0.0093333,0.010184,0.010967,0.011779,0.012492,0.013176,0.013857,0.014619,0.015602,0.016788,0.018424,0.020028,0.020438
0,0.0012218,0.0024169,0.00353,0.0045877,0.0056013,0.0065794,0.0074836,0.0084151,0.0093139,0.010198,0.011258,0.012386,0.013695,0.014973,0.016232,0.017767,0.019898,0.022949,0.025899,0.027098
0,0.0013892,0.0027717,0.0041108,0.0053913,0.0066022,0.0078284,0.0090196,0.0101,0.011139,0.012142,0.013305,0.014519,0.015768,0.016955,0.018151,0.019562,0.021393,0.023761,0.02635,0.027537
0,0.0019781,0.0040435,0.0062094,0.0083276,0.010443,0.012483,0.014427,0.016116,0.017427,0.01843,0.019233,0.019979,0.02077,0.021744,0.022962,0.024508,0.026421,0.028833,0.031667,0.034839
0,0.0008525,0.0016729,0.0024754,0.0032493,0.0039834,0.0046753,0.0053035,0.0059077,0.0064106,0.006863,0.0072832,0.0075966,0.0078483,0.0080602,0.0081203,0.0081188,0.0083027,0.0087687,0.0092401,0.0092466
0,0.0012684,0.0025326,0.0037402,0.0049392,0.0061204,0.0072809,0.0083811,0.0093443,0.010178,0.010912,0.0116,0.012228,0.012826,0.013456,0.014246,0.015285,0.016632,0.018241,0.019891,0.020289
0,0.0011415,0.0023205,0.003519,0.00468,0.0058519,0.0070009,0.0081011,0.0092192,0.010348,0.01149,0.012846,0.014119,0.015307,0.016353,0.017351,0.01863,0.020425,0.022743,0.025005,0.026098
0,0.0014757,0.0029491,0.0044078,0.0058537,0.0072943,0.0086931,0.010066,0.011376,0.012567,0.013678,0.014889,0.01622,0.017596,0.01897,0.020338,0.021929,0.023882,0.026229,0.028838,0.030571
0,0.0019108,0.0039348,0.0059739,0.0079755,0.01003,0.012114,0.014117,0.015872,0.017233,0.018225,0.019004,0.019659,0.020393,0.021322,0.022498,0.02418,0.026812,0.030618,0.034083,0.034826
0,0.00080144,0.0016181,0.0024176,0.0031659,0.0038902,0.0046175,0.0053045,0.0059135,0.0063967,0.0068508,0.0072932,0.0076698,0.0080247,0.0082513,0.0082762,0.0083609,0.008673,0.0092721,0.0098449,0.0099429
0,0.0010663,0.0021552,0.0032633,0.0044172,0.0055732,0.0066964,0.0078806,0.0089702,0.00995,0.010813,0.011715,0.012654,0.013537,0.014391,0.015266,0.01639,0.017717,0.019343,0.020958,0.021445
0,0.0010994,0.0021625,0.003192,0.0042263,0.0052894,0.0063444,0.0073955,0.0084449,0.009446,0.010484,0.011753,0.013025,0.014329,0.015512,0.016642,0.018043,0.019938,0.022385,0.024722,0.025679
0,0.0013313,0.0027139,0.0041518,0.0055988,0.0070083,0.0083572,0.0096327,0.010833,0.011943,0.012937,0.01398,0.015107,0.016391,0.017756,0.019164,0.020644,0.022452,0.024912,0.027891,0.029977
0,0.0018354,0.0037677,0.0058037,0.0079352,0.010024,0.012093,0.013998,0.015681,0.017072,0.01817,0.019069,0.019835,0.020565,0.021202,0.021933,0.023061,0.024813,0.02737,0.029559,0.029798
0,0.00084512,0.0017082,0.0025196,0.0032842,0.0040513,0.004821,0.0055331,0.006208,0.0067631,0.0072474,0.0076743,0.0080063,0.0082997,0.0084976,0.0085726,0.0086684,0.0090021,0.0096471,0.010261,0.01039
0,0.0010464,0.0020458,0.0030336,0.004024,0.0050642,0.0060605,0.0070639,0.0080513,0.0089516,0.0097932,0.010609,0.011334,0.012004,0.012608,0.01334,0.014355,0.015902,0.017983,0.020191,0.020491
0,0.0011551,0.0022465,0.0032884,0.0043389,0.0053735,0.006453,0.0075271,0.0085623,0.0095335,0.010464,0.011483,0.012438,0.013429,0.014453,0.015469,0.016578,0.017982,0.019758,0.021435,0.021879
0,0.0016369,0.0032869,0.0048779,0.0065197,0.0080944,0.0096221,0.011086,0.012381,0.013484,0.014439,0.015362,0.016296,0.017425,0.018676,0.019941,0.021543,0.023744,0.026518,0.02933,0.030122
0,0.0018727,0.0038089,0.0056466,0.0075276,0.0094497,0.011277,0.012876,0.014238,0.015329,0.016181,0.01682,0.017281,0.017702,0.018101,0.018578,0.019391,0.020951,0.023357,0.024894,0.022872
0,0.0012169,0.0024187,0.0034904,0.0045208,0.0055045,0.0064091,0.0072117,0.0079474,0.0085839,0.0091788,0.009759,0.010288,0.010682,0.010966,0.011202,0.011543,0.012129,0.013005,0.013761,0.013686
0,0.0014826,0.0029466,0.0044099,0.0059078,0.0074075,0.0089014,0.010334,0.011721,0.012874,0.013801,0.014676,0.015265,0.015635,0.015938,0.016264,0.016871,0.018191,0.020373,0.022077,0.022587
0,0.0014561,0.0029586,0.0044181,0.0058735,0.0073422,0.0088198,0.010315,0.011744,0.013072,0.014404,0.015858,0.017155,0.018404,0.019606,0.02082,0.022186,0.023924,0.026218,0.028761,0.029893
0,0.0014648,0.0028908,0.0043215,0.0058482,0.007395,0.0089238,0.010382,0.011819,0.013129,0.01438,0.015687,0.016892,0.018087,0.019142,0.020297,0.021738,0.023599,0.026023,0.028598,0.029936
0,0.0017351,0.0034827,0.0052093,0.0070621,0.0089872,0.010828,0.012527,0.014187,0.015795,0.017345,0.018981,0.020746,0.022643,0.024541,0.026717,0.02944,0.032234,0.035261,0.038969,0.042456
0,0.0011362,0.0022036,0.0032308,0.0041885,0.0050959,0.0059596,0.0067712,0.0074821,0.0080768,0.0086404,0.0091944,0.0096071,0.0098581,0.010005,0.010107,0.010302,0.010787,0.011531,0.012159,0.012116
0,0.0012813,0.0025267,0.0037324,0.0049336,0.0060865,0.0072071,0.0082754,0.0092224,0.010039,0.010714,0.01141,0.011966,0.012473,0.013027,0.013627,0.014425,0.01578,0.017865,0.019609,0.020325
0,0.0013728,0.0026405,0.0038624,0.0050341,0.0061531,0.0072522,0.0083972,0.0094863,0.01049,0.011573,0.012814,0.01392,0.01503,0.016222,0.017601,0.019313,0.021589,0.025062,0.028525,0.029779
0,0.0011965,0.0023798,0.0035446,0.0047351,0.0059802,0.007246,0.008477,0.0096839,0.010816,0.011964,0.013296,0.014579,0.015846,0.017008,0.018201,0.019648,0.021672,0.024217,0.026931,0.028443
0,0.0018511,0.00387,0.0060034,0.0082388,0.010498,0.012726,0.014822,0.016716,0.018301,0.019486,0.020538,0.021457,0.022552,0.023879,0.025656,0.028107,0.031063,0.034006,0.037838,0.04235
0,0.00096774,0.0019177,0.0027995,0.0036131,0.0044149,0.0051922,0.0058901,0.006529,0.00709,0.0075692,0.0079873,0.008305,0.0085051,0.0086654,0.0087361,0.0088055,0.0090671,0.0095455,0.0099927,0.0098449
0,0.0013098,0.0025931,0.0038565,0.0050852,0.0062929,0.0074695,0.0086342,0.0097002,0.010612,0.011251,0.011795,0.012276,0.01271,0.013074,0.013486,0.014192,0.015693,0.01798,0.019938,0.020418
0,0.001188,0.0023416,0.0034935,0.0046623,0.005883,0.0071395,0.0084698,0.009813,0.011149,0.0125,0.014073,0.01549,0.016856,0.018132,0.019433,0.020992,0.022996,0.025541,0.02806,0.029339
0,0.0014019,0.0028167,0.0042762,0.0057966,0.007274,0.008685,0.010062,0.011411,0.012654,0.013798,0.015075,0.016373,0.017733,0.019048,0.020382,0.02195,0.023894,0.026345,0.028937,0.030923
0,0.0018816,0.0037234,0.0055245,0.0074631,0.009437,0.011249,0.012964,0.01451,0.015821,0.016886,0.017903,0.01893,0.020134,0.021694,0.024259,0.027947,0.032301,0.037521,0.041508,0.042149
0,0.00094479,0.0018439,0.0027255,0.0036201,0.0044802,0.0053009,0.0060106,0.0066665,0.0072097,0.0076886,0.0081329,0.00848,0.0087461,0.0089274,0.0090161,0.0091367,0.0094377,0.01001,0.010642,0.010653
0,0.0013124,0.0026459,0.0039085,0.0051361,0.0063624,0.0075886,0.0088098,0.010011,0.011055,0.011937,0.012728,0.013395,0.013912,0.01446,0.015158,0.016069,0.017419,0.01941,0.02142,0.021798
0,0.0011275,0.0022393,0.0033182,0.0044273,0.0056013,0.0068418,0.0081157,0.0093841,0.010574,0.011838,0.013244,0.014653,0.016115,0.017499,0.018883,0.020548,0.022618,0.025287,0.027963,0.029192
0,0.0012435,0.0025691,0.0039741,0.0053728,0.0067474,0.0081626,0.0095681,0.010968,0.012295,0.0135,0.014782,0.016074,0.017371,0.01862,0.020021,0.021667,0.023645,0.026181,0.029074,0.031348
0,0.0016971,0.0034116,0.0051053,0.0069565,0.0089057,0.011081,0.013237,0.015178,0.01675,0.017993,0.019143,0.0202,0.021211,0.022365,0.023851,0.02613,0.029595,0.033891,0.037899,0.03877
0,0.00091292,0.0017959,0.002669,0.0035232,0.0043448,0.0051304,0.0058867,0.0066047,0.0072535,0.0078344,0.008275,0.0085828,0.0087755,0.0088735,0.0088438,0.0088462,0.0090666,0.0096368,0.01031,0.010338
0,0.0011913,0.0023643,0.003533,0.0046498,0.0057527,0.0068959,0.0080321,0.009115,0.010118,0.011063,0.01198,0.012781,0.013405,0.013859,0.014374,0.015253,0.016857,0.019355,0.021709,0.022155
0,0.0012078,0.0024216,0.0036009,0.0047718,0.0059393,0.0071241,0.0082918,0.0094412,0.010523,0.011546,0.012629,0.013657,0.014738,0.015867,0.017151,0.018574,0.020312,0.022594,0.024883,0.025278
0,0.001467,0.0029619,0.0044746,0.0059493,0.0074415,0.0090176,0.010501,0.011956,0.013298,0.014497,0.01565,0.016755,0.017907,0.019061,0.020183,0.021678,0.023711,0.026582,0.029681,0.030828
0,0.001725,0.0034904,0.0053125,0.0072907,0.0093218,0.011124,0.012714,0.014123,0.015223,0.016018,0.016613,0.017034,0.017421,0.017874,0.018796,0.020582,0.023219,0.02688,0.029058,0.027292
0,0.0012263,0.002392,0.0035162,0.0045975,0.0056043,0.0065589,0.0074829,0.0083342,0.0089663,0.009497,0.010015,0.010464,0.010811,0.011122,0.011506,0.012015,0.012642,0.013584,0.014516,0.014633
0,0.0015965,0.0032041,0.0047216,0.0062207,0.0076476,0.0090233,0.010333,0.011544,0.012492,0.01326,0.014039,0.014642,0.015146,0.015704,0.0163,0.017159,0.018617,0.02072,0.022592,0.023311
0,0.0016188,0.0031606,0.0047134,0.0062645,0.0078342,0.0094142,0.010923,0.012351,0.013587,0.014719,0.015894,0.016905,0.017958,0.019184,0.020576,0.022197,0.024313,0.027322,0.030428,0.031552
0,0.0014923,0.0029264,0.0043223,0.0057092,0.0071119,0.008557,0.010008,0.011419,0.012622,0.013758,0.015012,0.016146,0.017243,0.01837,0.019685,0.021615,0.024117,0.027141,0.030259,0.031283
0,0.001741,0.0035287,0.0053828,0.0072843,0.0092038,0.011168,0.01311,0.014976,0.016634,0.01822,0.020048,0.022136,0.024252,0.02629,0.028472,0.030905,0.033332,0.035814,0.038526,0.04029
0,0.0011824,0.0022969,0.0033074,0.0042478,0.0051133,0.0059485,0.0067365,0.0074614,0.0080654,0.0085462,0.0090181,0.0094248,0.0097867,0.010099,0.010363,0.010675,0.011185,0.012152,0.013016,0.0132
0,0.0013218,0.0026159,0.00387,0.0050445,0.0061815,0.0072844,0.0083114,0.0092599,0.010054,0.010785,0.011589,0.012285,0.01297,0.013685,0.014407,0.015288,0.016609,0.018412,0.019933,0.02058
0,0.001439,0.0027722,0.004034,0.0052348,0.006372,0.0074957,0.0086769,0.00987,0.010802,0.011612,0.012636,0.013607,0.014659,0.015916,0.017502,0.019538,0.022602,0.027161,0.031594,0.032697
0,0.0011547,0.0022953,0.0034684,0.0046796,0.00592,0.0071665,0.0084205,0.0096159,0.010632,0.011586,0.012632,0.013603,0.014563,0.015713,0.017151,0.019012,0.021572,0.024766,0.027961,0.028695
0,0.0019945,0.0041549,0.0064094,0.008796,0.01109,0.013334,0.015454,0.017261,0.018756,0.02,0.021201,0.022371,0.023712,0.025184,0.02687,0.028949,0.03124,0.03402,0.037071,0.039408
0,0.0010227,0.0019935,0.0029207,0.0038041,0.0046663,0.0054888,0.0062719,0.0069714,0.0074865,0.0079048,0.0082336,0.0084864,0.0086974,0.0088844,0.0090754,0.009285,0.0095636,0.010094,0.01075,0.010959
0,0.0012587,0.0024928,0.0036909,0.004834,0.0059707,0.0071119,0.0082184,0.0092543,0.010143,0.010897,0.011607,0.012191,0.012756,0.013277,0.013796,0.014582,0.016115,0.018301,0.020429,0.02095
0,0.001407,0.0028324,0.0041902,0.0055236,0.0068593,0.0082614,0.0097305,0.011218,0.012652,0.014015,0.015404,0.016667,0.017845,0.019077,0.020502,0.022143,0.0244,0.027709,0.030951,0.032012
0,0.0014904,0.0029448,0.0043996,0.0058321,0.007293,0.0087399,0.01015,0.01152,0.012775,0.013927,0.015133,0.016276,0.017481,0.01877,0.020199,0.021955,0.024254,0.027287,0.030557,0.031901
0,0.0019145,0.0038195,0.0057902,0.0078375,0.010009,0.012357,0.0146,0.016467,0.018021,0.019271,0.020417,0.021529,0.022776,0.024282,0.026267,0.028959,0.032291,0.036455,0.04048,0.04163
0,0.0010056,0.0019696,0.0029417,0.0039128,0.0048222,0.0056685,0.0064069,0.0070644,0.0075771,0.0079816,0.0083686,0.0086871,0.008943,0.0091393,0.0092936,0.009565,0.0099869,0.010677,0.011394,0.01163
0,0.0013181,0.0026133,0.0038227,0.0050468,0.0062977,0.0075116,0.0087267,0.0099645,0.011086,0.012075,0.013032,0.013843,0.014569,0.015352,0.016361,0.017474,0.018937,0.020975,0.022963,0.023346
0,0.0014439,0.0028378,0.0041866,0.0055076,0.006797,0.0080995,0.0094144,0.010716,0.011848,0.012919,0.014169,0.015356,0.01655,0.017728,0.018987,0.020527,0.022789,0.026223,0.029728,0.030901
0,0.0014214,0.0028355,0.0042044,0.0055469,0.0068643,0.0081805,0.0095611,0.010981,0.01229,0.013457,0.014689,0.015937,0.01733,0.018636,0.02011,0.021793,0.02388,0.026828,0.030251,0.031364
0,0.0019685,0.0039456,0.0059562,0.0080582,0.010168,0.012252,0.014182,0.016031,0.017692,0.019099,0.020367,0.021612,0.022893,0.024173,0.025574,0.027375,0.029756,0.032948,0.036132,0.037407
0,0.00094107,0.0018459,0.0026819,0.0034944,0.0042842,0.0050586,0.0058249,0.0065422,0.0071571,0.0077155,0.0082454,0.0086762,0.0089735,0.0092065,0.0093799,0.0095717,0.0098796,0.010575,0.011503,0.011805
0,0.0012473,0.002437,0.0035879,0.0047625,0.0059263,0.0071027,0.0082644,0.0093559,0.010354,0.011255,0.012112,0.01294,0.013683,0.01441,0.015215,0.016396,0.018347,0.021201,0.02363,0.024018
0,0.0013848,0.0027187,0.0039875,0.0051945,0.0063573,0.00752,0.0086794,0.0098492,0.01098,0.012008,0.013016,0.013906,0.014777,0.015673,0.016774,0.018092,0.019964,0.023108,0.026443,0.027105
0,0.00163,0.0033084,0.0050283,0.0067153,0.0083867,0.010027,0.011661,0.013308,0.014817,0.016137,0.017404,0.018527,0.019605,0.020624,0.021662,0.023133,0.025361,0.028671,0.031788,0.031761
0,0.0018631,0.0037751,0.0057433,0.0076418,0.0095692,0.011468,0.013211,0.014769,0.016189,0.017304,0.018285,0.019063,0.019854,0.020666,0.021656,0.02318,0.025331,0.028721,0.031941,0.03199
0,0.0009452,0.0018854,0.0027695,0.0036338,0.0044531,0.0052278,0.0059857,0.0066877,0.0073251,0.0079089,0.008459,0.0089493,0.0093344,0.0095852,0.0097608,0.01004,0.010547,0.011441,0.01238,0.012516
0,0.0018836,0.0036499,0.0053206,0.0069074,0.008466,0.0098892,0.011206,0.012437,0.013492,0.014357,0.015217,0.015846,0.016349,0.016886,0.017416,0.018031,0.019192,0.021381,0.023564,0.024375
0,0.0015742,0.0031682,0.0047681,0.0063737,0.0080369,0.009741,0.011425,0.013068,0.014576,0.015975,0.017406,0.018611,0.019709,0.020684,0.021596,0.022788,0.024621,0.02762,0.030463,0.030701
0,0.0014039,0.0028068,0.004172,0.0055653,0.0069774,0.0084324,0.009873,0.011308,0.012723,0.014091,0.015647,0.017055,0.018516,0.020091,0.021759,0.023726,0.026011,0.028954,0.032054,0.033162
0,0.0018889,0.0038072,0.0056477,0.007541,0.0094595,0.011402,0.013329,0.015176,0.01698,0.018728,0.020675,0.022715,0.024734,0.026451,0.028199,0.030163,0.032311,0.034513,0.036811,0.038216
0,0.00095562,0.0018788,0.0027793,0.0036433,0.0044387,0.0051636,0.0058354,0.0064666,0.007032,0.0075763,0.0080963,0.0084524,0.008699,0.0088346,0.0089273,0.0090776,0.0095634,0.010473,0.011245,0.011313
0,0.0014445,0.0028538,0.0041442,0.0053786,0.0066247,0.0078353,0.0089922,0.0099837,0.010786,0.011467,0.012187,0.012793,0.013374,0.013954,0.014484,0.015047,0.016016,0.017799,0.019668,0.020469
0,0.0014683,0.0029242,0.0043444,0.0057512,0.0071509,0.0085893,0.0099804,0.011315,0.012503,0.013638,0.014881,0.016032,0.017128,0.01812,0.019148,0.020663,0.02327,0.02762,0.031301,0.031358
0,0.0011909,0.0023939,0.0035884,0.0048107,0.0061094,0.0073667,0.0085606,0.0098199,0.011003,0.01216,0.013508,0.014746,0.016136,0.01776,0.019621,0.021814,0.024567,0.028235,0.031698,0.032637
0,0.0019946,0.0040072,0.0060913,0.0082282,0.010463,0.012677,0.014813,0.016834,0.018588,0.020003,0.021285,0.022464,0.023691,0.025032,0.026498,0.028216,0.030203,0.032477,0.035206,0.037373
0,0.00080632,0.0016137,0.0024106,0.0031731,0.0038707,0.0045288,0.0051917,0.0058165,0.0063326,0.0067859,0.0071843,0.0075086,0.0077055,0.0078433,0.0079179,0.0080067,0.008277,0.0088329,0.0094482,0.009605
0,0.0013381,0.002647,0.0039494,0.0052638,0.0065765,0.0078751,0.0091483,0.010312,0.011292,0.012147,0.012907,0.013546,0.014117,0.014598,0.015161,0.015904,0.017211,0.019225,0.021216,0.021893
0,0.0013244,0.0026594,0.0040174,0.0053773,0.0067462,0.0081635,0.0095888,0.011056,0.012435,0.013761,0.015139,0.016403,0.01756,0.018578,0.019528,0.020854,0.023007,0.026408,0.029676,0.030363
0,0.0013878,0.0027499,0.0040484,0.0053014,0.0065382,0.0078243,0.0091621,0.010492,0.011736,0.012946,0.014228,0.015535,0.016917,0.018496,0.02025,0.022243,0.024781,0.028243,0.0319,0.033108
0,0.0019279,0.0039003,0.0059759,0.0080519,0.010266,0.012626,0.01493,0.017061,0.018845,0.020261,0.021466,0.022325,0.023138,0.024053,0.025241,0.027214,0.030059,0.033863,0.0381,0.041131
0,0.00084412,0.001654,0.0024238,0.0031598,0.0038848,0.004598,0.0052556,0.0058453,0.0063417,0.0067934,0.0072195,0.0075602,0.0078148,0.0079866,0.0080826,0.0082007,0.0084921,0.009086,0.0097633,0.0099287
0,0.0013707,0.0027729,0.0041422,0.0054964,0.0068481,0.0081873,0.0095003,0.010812,0.011966,0.012892,0.013757,0.014516,0.015231,0.016024,0.016989,0.018061,0.019326,0.021363,0.023593,0.024049
0,0.0013851,0.0027236,0.0040094,0.0052995,0.0066002,0.0079351,0.0092827,0.010662,0.011929,0.013139,0.0144,0.015518,0.016524,0.017477,0.018365,0.019596,0.021855,0.025313,0.028398,0.028846
0,0.0013061,0.0025963,0.0038689,0.0051268,0.0063622,0.0076484,0.0090168,0.010423,0.011746,0.01304,0.014378,0.015645,0.016868,0.018176,0.019912,0.021913,0.024475,0.027962,0.031543,0.032513
0,0.0021245,0.0043057,0.0064418,0.0085948,0.010871,0.013087,0.015207,0.01715,0.018828,0.02038,0.021834,0.023084,0.024261,0.025429,0.026711,0.028375,0.030576,0.033506,0.036838,0.03831
0,0.00079426,0.0015745,0.0023156,0.0030466,0.0037778,0.0045117,0.0052292,0.0058781,0.0064487,0.0069579,0.0074223,0.0077959,0.0080554,0.0081756,0.0082169,0.0083605,0.0087171,0.009384,0.0099916,0.01001
0,0.0013785,0.0027265,0.0040474,0.0053593,0.0066247,0.0079043,0.0092315,0.010551,0.011689,0.012715,0.013714,0.014706,0.015647,0.016449,0.017119,0.017969,0.019233,0.021546,0.024093,0.024529
0,0.0013247,0.0026208,0.0038462,0.0049952,0.0061093,0.007233,0.0083666,0.0095134,0.010658,0.011762,0.012876,0.013904,0.014848,0.015794,0.016749,0.017967,0.02,0.023157,0.025966,0.025828
0,0.0013731,0.0027581,0.0042059,0.0057038,0.0071981,0.0086403,0.010126,0.011568,0.012923,0.0142,0.015494,0.016695,0.017894,0.019203,0.020556,0.022459,0.025148,0.028944,0.032824,0.033797
0,0.00228,0.0045315,0.0067514,0.0089426,0.011147,0.013261,0.015166,0.016891,0.018357,0.019479,0.020391,0.021085,0.02171,0.022228,0.02299,0.0243,0.026463,0.029754,0.033564,0.034766
0,0.0012545,0.0025162,0.0036946,0.0048119,0.0058646,0.006863,0.0078366,0.0087417,0.0094954,0.010246,0.011128,0.012112,0.013237,0.01412,0.014828,0.015705,0.017155,0.018829,0.020289,0.020225
0,0.0017454,0.0034863,0.0050874,0.006607,0.0080533,0.0094654,0.010817,0.011994,0.01298,0.013861,0.014826,0.0158,0.016758,0.017528,0.018137,0.018772,0.020211,0.022581,0.024563,0.025392
0,0.0012984,0.0026382,0.0039737,0.0052786,0.0065505,0.0078115,0.0090272,0.010173,0.011237,0.012289,0.01345,0.01455,0.015541,0.016383,0.017133,0.017927,0.019001,0.020798,0.023008,0.024799
0,0.0017143,0.0034389,0.0051273,0.0068711,0.0086654,0.010413,0.012003,0.013492,0.014773,0.015895,0.017009,0.018048,0.019062,0.020072,0.021159,0.022256,0.023617,0.025298,0.027657,0.031099
0,0.0023819,0.0047323,0.0071053,0.0093262,0.011442,0.013419,0.015076,0.01651,0.017636,0.018653,0.019609,0.020424,0.021209,0.022001,0.022779,0.023752,0.025345,0.02777,0.03084,0.03324
0,0.001165,0.0022937,0.0033454,0.0043271,0.005205,0.0060563,0.006845,0.0075092,0.0080211,0.0084745,0.0091217,0.0098891,0.010656,0.011111,0.011409,0.011842,0.012724,0.014264,0.015553,0.015626
0,0.0013221,0.0026446,0.004007,0.0052942,0.0065253,0.0077209,0.0087923,0.0097326,0.010519,0.011205,0.011996,0.012837,0.013672,0.014455,0.01528,0.016143,0.017396,0.019164,0.020897,0.021836
0,0.0014301,0.0028557,0.0041741,0.0053865,0.0065626,0.0076347,0.0085796,0.0094394,0.010239,0.010972,0.011777,0.012623,0.013648,0.014654,0.015739,0.017067,0.018862,0.021471,0.02432,0.026137
0,0.0016624,0.0032881,0.0048578,0.0063606,0.0077871,0.009135,0.010367,0.011435,0.012318,0.013081,0.013798,0.014561,0.015401,0.016335,0.017296,0.018501,0.020122,0.022072,0.024659,0.02744
0,0.0025785,0.0052688,0.0079628,0.010633,0.013242,0.015504,0.017336,0.018806,0.019913,0.020813,0.021657,0.022421,0.023136,0.023807,0.024435,0.025305,0.026659,0.028803,0.03155,0.033341
0,0.0010479,0.0021043,0.003104,0.0040293,0.0049031,0.0057287,0.0064724,0.0071316,0.0076627,0.0082102,0.0088813,0.0095473,0.010072,0.010404,0.01056,0.01087,0.01158,0.01265,0.013488,0.013553
0,0.001384,0.0027479,0.0041288,0.0054742,0.0067629,0.008042,0.009182,0.010151,0.010955,0.011656,0.012448,0.013195,0.013911,0.014606,0.015354,0.0162,0.01742,0.019247,0.0213,0.022282
0,0.0014096,0.002843,0.0042438,0.0055695,0.0068366,0.0081061,0.009247,0.01036,0.011385,0.012406,0.013528,0.014677,0.015799,0.016733,0.017687,0.01886,0.020357,0.022414,0.024829,0.027107
0,0.0015586,0.0030905,0.0045558,0.0059773,0.0073368,0.0086156,0.0098599,0.01106,0.012124,0.013084,0.014116,0.015205,0.016396,0.017557,0.018799,0.020232,0.022018,0.024432,0.027652,0.03177
0,0.0020879,0.0042861,0.006575,0.0087375,0.010736,0.012453,0.013922,0.015196,0.01624,0.017016,0.017642,0.018173,0.018698,0.019152,0.019712,0.020541,0.02221,0.025053,0.02843,0.028571
0,0.0010384,0.0020816,0.0030682,0.0039742,0.0048158,0.0055931,0.0062762,0.0068745,0.0073437,0.0077926,0.0082961,0.0087893,0.0092299,0.0095117,0.0096253,0.0098482,0.010368,0.01138,0.012412,0.012567
0,0.0012774,0.0025141,0.0037688,0.0049779,0.0061448,0.0073267,0.008473,0.0095727,0.010573,0.011464,0.012388,0.01333,0.014236,0.015052,0.015819,0.016647,0.017904,0.01992,0.022496,0.023942
0,0.0012453,0.0024951,0.0037406,0.0049169,0.0060755,0.0072056,0.0082722,0.0093098,0.010324,0.011314,0.012357,0.013393,0.014455,0.015462,0.01643,0.017585,0.01918,0.021247,0.023605,0.02562
0,0.001629,0.0032074,0.0047607,0.0062914,0.0077673,0.0091957,0.010516,0.011683,0.012656,0.01355,0.014485,0.015405,0.016353,0.017377,0.018456,0.019667,0.021191,0.023115,0.02572,0.029445
0,0.0020356,0.0040278,0.0059791,0.0078919,0.0096759,0.011337,0.012793,0.014018,0.014912,0.015549,0.01609,0.016456,0.016683,0.016878,0.017194,0.017738,0.018657,0.020285,0.021922,0.022008
0,0.0010179,0.0020293,0.0030178,0.0039079,0.004749,0.0055651,0.0063375,0.0070991,0.0077481,0.0083228,0.0089143,0.0094608,0.010028,0.010386,0.010547,0.010788,0.011637,0.012993,0.014057,0.014373
0,0.0011828,0.0023386,0.0034957,0.0046368,0.0057413,0.0068335,0.0078496,0.0088116,0.0096809,0.010509,0.011392,0.012228,0.012957,0.01362,0.0142,0.014864,0.015873,0.017877,0.020692,0.021829
0,0.0012436,0.0024743,0.0036546,0.0048158,0.0059776,0.0071436,0.0082561,0.009256,0.010171,0.011134,0.012212,0.013352,0.014467,0.015447,0.016363,0.017434,0.018793,0.020391,0.022032,0.023406
0,0.0016234,0.0031763,0.004708,0.0061985,0.0075769,0.0088921,0.01002,0.010981,0.011788,0.012504,0.013256,0.014037,0.014766,0.01541,0.015994,0.016832,0.018514,0.021438,0.024589,0.026304
0,0.0020861,0.0041337,0.006038,0.007762,0.0093881,0.010876,0.012186,0.013234,0.014033,0.014618,0.015098,0.015382,0.015453,0.015349,0.015133,0.014977,0.015266,0.015928,0.016299,0.016001
0,0.0010991,0.0021829,0.0032435,0.0042931,0.0052597,0.0061486,0.0069776,0.007721,0.0083098,0.0088941,0.0096414,0.01054,0.011348,0.011936,0.012451,0.01331,0.014743,0.016501,0.017735,0.017777
0,0.001477,0.0030218,0.0044896,0.0058799,0.0071834,0.0084463,0.0096633,0.010737,0.011586,0.01235,0.013236,0.014246,0.015266,0.016025,0.016618,0.017302,0.01873,0.021156,0.022998,0.023452
0,0.0014311,0.0028721,0.0042532,0.0056153,0.0069149,0.0081466,0.009364,0.010507,0.011504,0.01253,0.013723,0.014895,0.016037,0.017021,0.017852,0.018756,0.020156,0.022334,0.024878,0.026806
0,0.0016522,0.0033034,0.0049512,0.0066249,0.0082618,0.0098934,0.011409,0.012784,0.01402,0.015188,0.016523,0.017914,0.019284,0.020547,0.02185,0.023317,0.025151,0.027288,0.029827,0.032472
0,0.0021364,0.0043026,0.0064574,0.0085414,0.010672,0.012734,0.014552,0.016164,0.017415,0.018428,0.019404,0.020356,0.021392,0.022557,0.023859,0.02555,0.027698,0.030639,0.034348,0.038237
0,0.0011535,0.0022848,0.0033767,0.0044333,0.0054467,0.0063843,0.0072718,0.0080011,0.0085061,0.0089163,0.0094005,0.010069,0.010699,0.011208,0.011681,0.012302,0.013209,0.014504,0.015576,0.015648
0,0.0012011,0.0024411,0.0036608,0.0048351,0.0059436,0.0069746,0.0079751,0.0088645,0.0095795,0.010235,0.01104,0.011981,0.012944,0.013852,0.014661,0.01556,0.016832,0.018483,0.020289,0.02115
0,0.0013425,0.0026079,0.0038041,0.0049875,0.0061349,0.0071977,0.008202,0.0091404,0.0099662,0.010733,0.011624,0.012569,0.013565,0.014673,0.015863,0.01731,0.019495,0.022642,0.026399,0.02863
0,0.0015073,0.0030141,0.0045378,0.0059696,0.0073546,0.0086855,0.009925,0.011075,0.012102,0.013104,0.014271,0.01556,0.016811,0.018035,0.019375,0.020967,0.022982,0.02551,0.028554,0.031119
0,0.0022957,0.0047598,0.0072773,0.0097373,0.012124,0.0144,0.016331,0.017991,0.01926,0.020239,0.021106,0.02187,0.022623,0.023465,0.024477,0.025797,0.027682,0.030449,0.03383,0.036887
0,0.00094385,0.0018884,0.0028186,0.0036935,0.0044986,0.0052469,0.0059637,0.0065409,0.0069996,0.007477,0.0080057,0.0086281,0.0091088,0.0093696,0.0096121,0.0099813,0.010644,0.011613,0.012339,0.012352
0,0.0012603,0.0024767,0.0036633,0.0048368,0.0059631,0.007079,0.0081552,0.0090571,0.0098087,0.010508,0.011323,0.012147,0.013026,0.013889,0.014707,0.015615,0.017028,0.018935,0.02083,0.021794
0,0.0013854,0.0027485,0.0040853,0.0053883,0.0066371,0.0078025,0.0089057,0.0099545,0.010982,0.012038,0.013265,0.014556,0.015783,0.016882,0.017926,0.019241,0.021021,0.023605,0.026626,0.028811
0,0.0014629,0.0029096,0.0043753,0.0058814,0.0074168,0.0089237,0.010403,0.011797,0.013009,0.014188,0.015504,0.016949,0.018469,0.019983,0.02158,0.023347,0.025391,0.027718,0.030826,0.034056
0,0.0022416,0.0045076,0.0067722,0.0090167,0.011117,0.01306,0.014755,0.016249,0.017352,0.018067,0.018687,0.019375,0.020175,0.020947,0.021874,0.023225,0.025403,0.028732,0.033124,0.035207
0,0.00091902,0.0018096,0.0026645,0.0035096,0.00435,0.0051331,0.0058681,0.0064889,0.0069337,0.007341,0.0078118,0.0083502,0.0088536,0.0092271,0.0094915,0.0098948,0.010569,0.011571,0.012401,0.012542
0,0.0012023,0.0023927,0.0035696,0.0047189,0.0058465,0.0070467,0.0082389,0.0093681,0.010367,0.011283,0.012362,0.01348,0.014547,0.015486,0.01624,0.016974,0.018238,0.020243,0.02246,0.023553
0,0.0011844,0.0023966,0.0036015,0.0047745,0.005914,0.0069859,0.0080044,0.0090088,0.0099907,0.01103,0.012227,0.013469,0.014772,0.015969,0.017105,0.018473,0.020316,0.022866,0.02564,0.027505
0,0.0013808,0.0027946,0.0042875,0.005745,0.0071961,0.0086218,0.009918,0.011116,0.012193,0.013236,0.01446,0.015859,0.017358,0.018895,0.020546,0.022413,0.024449,0.026637,0.029733,0.033215
0,0.002099,0.0041902,0.0063343,0.0085404,0.010782,0.012954,0.014883,0.016469,0.017676,0.018491,0.019004,0.019399,0.019706,0.020005,0.020436,0.021238,0.022823,0.025377,0.02823,0.028204
0,0.00097119,0.0019567,0.002914,0.0038486,0.0047323,0.0055844,0.0063867,0.0071304,0.0077604,0.0083585,0.0089072,0.0094124,0.009718,0.0098525,0.0098953,0.010132,0.010787,0.011956,0.012952,0.013036
0,0.0011191,0.0022043,0.0032385,0.0042301,0.0052015,0.0062019,0.0071744,0.0081015,0.0089089,0.0096635,0.010498,0.011312,0.012086,0.012825,0.013497,0.014322,0.015762,0.018184,0.02108,0.022147
0,0.0012037,0.0024315,0.0036591,0.0048838,0.006078,0.0072582,0.0083778,0.0094241,0.010371,0.011297,0.012269,0.013362,0.014508,0.015626,0.016748,0.018108,0.01982,0.02197,0.024003,0.025011
0,0.0015681,0.0031936,0.0047827,0.0063592,0.0079131,0.0094415,0.010876,0.012244,0.013305,0.01425,0.015296,0.016416,0.017544,0.018772,0.020109,0.02193,0.024253,0.027393,0.030847,0.032693
0,0.001978,0.003892,0.0058179,0.0076884,0.0094602,0.011193,0.012725,0.014034,0.015072,0.015858,0.016426,0.016799,0.017008,0.017064,0.017025,0.017205,0.018055,0.020036,0.021665,0.020338
0,0.0012081,0.0023945,0.0035015,0.0045313,0.0055098,0.0063715,0.0071542,0.0078871,0.008513,0.0091254,0.009895,0.010789,0.011641,0.01231,0.013,0.014056,0.015906,0.018045,0.019296,0.019268
0,0.0014625,0.0030224,0.0045939,0.0061477,0.0076442,0.0091264,0.01054,0.011767,0.012775,0.013703,0.014642,0.015742,0.01674,0.017404,0.017697,0.017982,0.01912,0.021887,0.02451,0.025331
0,0.001366,0.0027062,0.0039826,0.0051991,0.0064612,0.0078102,0.0091215,0.010396,0.011559,0.012758,0.014188,0.015671,0.017087,0.018228,0.019095,0.020145,0.021812,0.024651,0.027899,0.030232
0,0.0016075,0.0032079,0.0047488,0.006323,0.0079174,0.0094351,0.010912,0.01233,0.013599,0.014724,0.016047,0.017413,0.018759,0.019996,0.021391,0.02295,0.024854,0.027269,0.03033,0.033257
0,0.0020504,0.0041788,0.0063493,0.0085556,0.010569,0.012581,0.014573,0.016326,0.01785,0.019374,0.02097,0.022631,0.024479,0.02614,0.027892,0.029894,0.032299,0.035593,0.039823,0.044133
0,0.0012036,0.0023302,0.0033867,0.0043966,0.0053634,0.0062219,0.0069619,0.0075954,0.008037,0.0084293,0.0089685,0.0096482,0.010338,0.01091,0.011534,0.012428,0.013679,0.015008,0.016041,0.016157
0,0.0014016,0.002805,0.0041974,0.0055644,0.0068702,0.0081075,0.0092842,0.01026,0.011065,0.011783,0.012603,0.013528,0.014483,0.015298,0.015959,0.01673,0.018023,0.020254,0.022295,0.023673
0,0.0013253,0.0025992,0.0038021,0.0049742,0.0061291,0.0072401,0.0082916,0.0092508,0.010071,0.010834,0.011696,0.012697,0.013875,0.015058,0.016265,0.017861,0.020434,0.024291,0.028671,0.031092
0,0.0014352,0.0028312,0.0042063,0.0055257,0.0068094,0.0080501,0.0092415,0.010348,0.011409,0.012387,0.013567,0.014937,0.016384,0.017734,0.019122,0.020743,0.0229,0.02554,0.0286,0.03185
0,0.0021869,0.0045274,0.0070131,0.0095606,0.012079,0.01451,0.016625,0.018358,0.019747,0.020995,0.022143,0.023231,0.024357,0.025612,0.027009,0.028802,0.031384,0.034735,0.038356,0.043091
0,0.00098456,0.001892,0.0027165,0.0035028,0.0042782,0.0050144,0.0056706,0.0062292,0.0066661,0.0071442,0.0077362,0.0083645,0.0088939,0.0093362,0.0097168,0.010306,0.011306,0.012427,0.013159,0.01286
0,0.0013796,0.0027899,0.0041722,0.0055288,0.0068088,0.0080065,0.0090995,0.010125,0.01098,0.011763,0.01272,0.013774,0.014889,0.015722,0.016358,0.017182,0.018703,0.021318,0.023689,0.024944
0,0.0013093,0.0025819,0.0038195,0.0050009,0.0061741,0.0073601,0.0085406,0.0096293,0.010679,0.011746,0.013054,0.014514,0.015981,0.017262,0.01847,0.020035,0.022254,0.025377,0.029065,0.032032
0,0.0015726,0.0031555,0.0047412,0.006328,0.0078779,0.0093474,0.010731,0.012022,0.013159,0.014265,0.0155,0.016969,0.018595,0.020079,0.021602,0.023434,0.025659,0.028309,0.031602,0.035392
0,0.0023443,0.0047132,0.007021,0.0093752,0.011501,0.013547,0.015289,0.016614,0.017627,0.018458,0.019441,0.020561,0.021844,0.023115,0.024709,0.027401,0.031105,0.036202,0.041715,0.045167
0,0.0010071,0.0019397,0.0028487,0.0037446,0.0045858,0.0053625,0.006044,0.0065922,0.0070088,0.0074306,0.0079623,0.0085543,0.009163,0.0096335,0.010067,0.010645,0.011549,0.012507,0.013218,0.013241
0,0.0013649,0.0027241,0.0040507,0.0054152,0.0068109,0.0082733,0.0097053,0.011021,0.012062,0.013018,0.014143,0.015313,0.016435,0.017315,0.017938,0.018575,0.020017,0.022463,0.025152,0.026416
0,0.0011856,0.0023579,0.0035409,0.0047318,0.0059283,0.0071483,0.0083339,0.0094558,0.010425,0.011353,0.012466,0.013787,0.015276,0.016697,0.018056,0.019682,0.0222,0.025623,0.029,0.031279
0,0.0014917,0.0030281,0.004564,0.0060431,0.0074553,0.0088278,0.010081,0.011245,0.012348,0.01336,0.014507,0.015733,0.017232,0.018829,0.020486,0.022389,0.024572,0.027193,0.030623,0.034581
0,0.0022346,0.0045179,0.0066875,0.0088046,0.010872,0.012858,0.014785,0.016665,0.018236,0.019444,0.020391,0.021138,0.021827,0.022496,0.02332,0.024702,0.027,0.030735,0.034786,0.035719
0,0.0010718,0.0021177,0.0030697,0.0040138,0.0049301,0.005781,0.0065746,0.0073427,0.0079792,0.0085768,0.0092506,0.0098692,0.010328,0.010577,0.010743,0.011004,0.011524,0.01235,0.013159,0.013224
0,0.0012499,0.0025116,0.0037188,0.0049027,0.0060535,0.007191,0.0083183,0.0094119,0.010385,0.011328,0.012377,0.013405,0.014238,0.014899,0.015421,0.016111,0.017627,0.020469,0.023753,0.024901
0,0.001275,0.0025598,0.003849,0.0051124,0.0063034,0.0075112,0.0086851,0.0098205,0.010907,0.011946,0.013013,0.014135,0.015299,0.016511,0.017783,0.01929,0.021385,0.024141,0.02698,0.028442
0,0.0016225,0.0031727,0.0046593,0.0061292,0.0075402,0.008925,0.010248,0.011555,0.012701,0.01369,0.014796,0.015916,0.017077,0.018204,0.01938,0.021035,0.023325,0.026599,0.030555,0.033124
0,0.0021027,0.0041475,0.0061137,0.0081253,0.010021,0.011709,0.013187,0.014468,0.015468,0.016163,0.01665,0.017006,0.01738,0.017664,0.017983,0.01871,0.020343,0.023398,0.026156,0.02493
0,0.0013902,0.0027334,0.0040121,0.0052378,0.0063606,0.0073568,0.0083078,0.0091388,0.009797,0.01046,0.011377,0.012559,0.013811,0.0147,0.015488,0.016899,0.018966,0.02083,0.022193,0.022417
0,0.0015651,0.0031985,0.0048537,0.0064477,0.0079167,0.0092447,0.010495,0.011588,0.012482,0.013264,0.014053,0.015078,0.016089,0.016816,0.017272,0.017996,0.019697,0.022704,0.025255,0.026406
0,0.0015676,0.0031035,0.0046327,0.0061707,0.0076968,0.0090987,0.010345,0.011491,0.012517,0.013559,0.014776,0.015996,0.017176,0.018247,0.019235,0.020486,0.022392,0.025735,0.029288,0.031247
0,0.0015971,0.0032353,0.0048631,0.006444,0.0080202,0.0095432,0.010957,0.012287,0.013486,0.01469,0.016007,0.01739,0.018869,0.020159,0.021474,0.023151,0.025602,0.029251,0.033093,0.035478
0,0.0016999,0.0034255,0.0052132,0.0070695,0.0090249,0.011092,0.013038,0.014885,0.016538,0.018243,0.020224,0.022369,0.024565,0.026725,0.02911,0.031595,0.034013,0.036431,0.039343,0.043159
0,0.0012818,0.0025381,0.0037476,0.0049114,0.0060238,0.006994,0.0078825,0.0086721,0.0093217,0.0098923,0.010566,0.011548,0.012471,0.01324,0.013845,0.014623,0.015486,0.016881,0.018129,0.018481
0,0.0015036,0.0029917,0.0044561,0.0058951,0.0073082,0.0085724,0.0096758,0.010688,0.011537,0.012243,0.01305,0.014074,0.015096,0.015992,0.016768,0.01772,0.019187,0.021533,0.023592,0.024772
0,0.0015239,0.0030949,0.0046288,0.0060649,0.0075113,0.0088858,0.010136,0.011259,0.012218,0.0131,0.01409,0.015188,0.016339,0.017536,0.018848,0.020506,0.02308,0.027958,0.032949,0.035296
0,0.0014073,0.002868,0.0042953,0.005672,0.0070172,0.0083127,0.0095054,0.0106,0.011542,0.012452,0.013462,0.014608,0.015918,0.017254,0.018672,0.020533,0.02323,0.027092,0.031072,0.03347
0,0.0020684,0.0041888,0.0063295,0.0084377,0.010625,0.012874,0.014907,0.016657,0.018086,0.019431,0.020932,0.022582,0.024439,0.026338,0.028318,0.030285,0.032372,0.034692,0.037895,0.042366
0,0.0010536,0.0020545,0.0030118,0.0039592,0.0048281,0.0056029,0.0063398,0.0069664,0.0074415,0.0078954,0.0084351,0.009069,0.0097007,0.010223,0.010704,0.011388,0.012223,0.013197,0.014108,0.014468
0,0.0016884,0.0033347,0.0048953,0.0063211,0.0076492,0.0088804,0.010044,0.011171,0.012082,0.012793,0.013685,0.014818,0.015872,0.01673,0.017497,0.018518,0.020154,0.022745,0.025293,0.026815
0,0.0015052,0.0030331,0.0044773,0.005873,0.0072193,0.0085059,0.0097476,0.010914,0.012012,0.013118,0.014339,0.015529,0.016687,0.017742,0.018773,0.020374,0.022766,0.026422,0.030654,0.032972
0,0.0015543,0.0031041,0.0046526,0.0062269,0.0077877,0.0092979,0.010789,0.012186,0.013409,0.0146,0.015855,0.017196,0.018751,0.020196,0.021722,0.023794,0.026456,0.029966,0.033924,0.036915
0,0.0017992,0.0036471,0.0056056,0.0076218,0.0095102,0.011416,0.013338,0.014941,0.016229,0.017247,0.018326,0.019587,0.020952,0.02246,0.024346,0.026818,0.030211,0.034295,0.038865,0.042574
0,0.0010124,0.0020098,0.0029938,0.0039039,0.0047734,0.005521,0.0062367,0.0068472,0.0072733,0.0076008,0.0079763,0.0085236,0.0090617,0.0095747,0.010147,0.010876,0.011698,0.012712,0.013664,0.014086
0,0.001427,0.0029088,0.0044376,0.005884,0.0072846,0.0086285,0.009856,0.01101,0.01201,0.013039,0.014263,0.015655,0.016914,0.017953,0.018788,0.019784,0.021663,0.024268,0.026749,0.028165
0,0.0015471,0.0030565,0.0044552,0.0057854,0.0070651,0.0082805,0.0094101,0.010491,0.011489,0.012395,0.013345,0.01438,0.015364,0.016357,0.017417,0.018896,0.021306,0.025018,0.028982,0.031308
0,0.0015557,0.003126,0.00466,0.0061571,0.0076103,0.0090077,0.010389,0.011723,0.012905,0.014003,0.015188,0.016523,0.01808,0.019713,0.021454,0.023476,0.026005,0.029284,0.032944,0.03557
0,0.0020854,0.0041992,0.0062145,0.0081519,0.010134,0.012105,0.014062,0.015926,0.017423,0.018647,0.019913,0.021071,0.022195,0.023333,0.024563,0.026221,0.028517,0.031647,0.035468,0.037652
0,0.0011133,0.0022026,0.003296,0.0043524,0.0054188,0.0064611,0.0074526,0.0083176,0.0090389,0.0098113,0.010731,0.011625,0.012279,0.012567,0.012636,0.012914,0.01367,0.014794,0.015992,0.016392
0,0.0013288,0.0026898,0.0039719,0.0052124,0.0063999,0.0075341,0.008592,0.0096252,0.010538,0.011402,0.012366,0.013377,0.014343,0.015194,0.015872,0.016971,0.019038,0.022334,0.025677,0.027023
0,0.0014394,0.0028061,0.0041199,0.0054342,0.0067095,0.0079072,0.0090306,0.010049,0.010966,0.011861,0.012844,0.013896,0.014916,0.015919,0.016901,0.018189,0.020252,0.023461,0.027162,0.028677
0,0.0016123,0.0032204,0.0049312,0.006747,0.0086002,0.010448,0.012248,0.013929,0.015371,0.016757,0.018334,0.01982,0.021235,0.022502,0.023547,0.024934,0.027283,0.030736,0.034533,0.036213
0,0.0021042,0.004152,0.0060738,0.0078888,0.0096491,0.011372,0.013002,0.014492,0.015695,0.016637,0.017528,0.018382,0.019175,0.019832,0.020639,0.021811,0.023805,0.026973,0.031286,0.032435
0,0.001017,0.0019754,0.0028648,0.0036975,0.00448,0.0052228,0.0059509,0.0065974,0.0071203,0.0075793,0.0081122,0.0087361,0.0094965,0.010171,0.010824,0.011757,0.013174,0.014774,0.016304,0.016515
0,0.0018062,0.0035864,0.0053559,0.0070883,0.0087715,0.010237,0.011442,0.012446,0.013215,0.01383,0.014548,0.01551,0.016411,0.017041,0.017378,0.018179,0.020135,0.023665,0.027022,0.028372
0,0.0015598,0.0031162,0.0046361,0.0060898,0.0075308,0.0089605,0.010362,0.011693,0.012892,0.014035,0.015325,0.016679,0.017889,0.01887,0.019625,0.020612,0.022587,0.02626,0.029965,0.031468
0,0.0013486,0.0027286,0.0041493,0.0055891,0.0070214,0.0084393,0.0098426,0.011221,0.012498,0.013756,0.015148,0.016633,0.018165,0.019622,0.0212,0.023095,0.026023,0.029489,0.033276,0.035962
0,0.0019168,0.0038818,0.0058337,0.0077983,0.0097828,0.011753,0.013662,0.015632,0.017397,0.019102,0.021096,0.023224,0.025282,0.027202,0.029184,0.031381,0.033863,0.036356,0.039126,0.042663
0,0.0010453,0.0020345,0.0029811,0.003861,0.0046399,0.0053399,0.0059603,0.006526,0.0069876,0.0073531,0.0076892,0.0079811,0.008349,0.008711,0.0091038,0.0095985,0.010446,0.011696,0.012881,0.01294
0,0.0015913,0.0031654,0.0047113,0.0061292,0.007397,0.0085675,0.0095547,0.010446,0.011198,0.011773,0.012491,0.013429,0.014377,0.015217,0.015952,0.01693,0.018584,0.021358,0.023828,0.025167
0,0.0014631,0.002893,0.0042725,0.0055828,0.0068642,0.0080847,0.0092255,0.010307,0.011226,0.012056,0.013024,0.014124,0.015313,0.016454,0.01758,0.019161,0.02198,0.026853,0.031809,0.033424
0,0.0013285,0.002654,0.0039902,0.0052954,0.0065628,0.0078371,0.0090658,0.01019,0.011223,0.01219,0.013249,0.014428,0.015708,0.017055,0.018593,0.020706,0.023705,0.027819,0.032224,0.034756
0,0.0021342,0.004357,0.0066173,0.0088356,0.011006,0.013242,0.015322,0.017203,0.01883,0.020209,0.021654,0.023264,0.024898,0.026465,0.028184,0.030078,0.032249,0.034764,0.037732,0.042115
0,0.0008722,0.0017174,0.0025167,0.003262,0.0039562,0.0046102,0.0052034,0.0057411,0.0061569,0.0064989,0.0068198,0.0071265,0.0074722,0.0078015,0.0081037,0.0086083,0.0093972,0.01058,0.011497,0.011606
0,0.0019759,0.0039223,0.0056845,0.0072825,0.0086982,0.0099905,0.011119,0.012125,0.012918,0.013541,0.014287,0.01519,0.016063,0.016819,0.017546,0.018668,0.020496,0.023688,0.026467,0.027936
0,0.0014643,0.0029031,0.0042822,0.005638,0.0069497,0.0082475,0.0094761,0.01068,0.011757,0.012778,0.013918,0.015105,0.016272,0.017266,0.018153,0.019494,0.021685,0.025403,0.029735,0.031778
0,0.0014345,0.0028433,0.00424,0.0055957,0.0069095,0.0082051,0.0094596,0.010708,0.011889,0.013066,0.014303,0.015557,0.01698,0.018412,0.020085,0.022376,0.025488,0.029666,0.034071,0.0368
0,0.0020811,0.0041381,0.0062039,0.0082657,0.010317,0.012386,0.014377,0.016174,0.017595,0.018689,0.019687,0.020719,0.021975,0.023242,0.024544,0.02612,0.028594,0.032228,0.037132,0.042146
0,0.00089997,0.0017666,0.0026021,0.0034009,0.0041142,0.0047544,0.0053546,0.0058474,0.0062138,0.0065348,0.0068478,0.0071792,0.0075602,0.0079033,0.00821,0.0086752,0.0093517,0.010246,0.01108,0.011192
0,0.0017871,0.0036432,0.005434,0.0070256,0.0084874,0.009859,0.011132,0.012263,0.013158,0.014016,0.015247,0.016696,0.01803,0.019018,0.019712,0.020595,0.022457,0.025682,0.028445,0.029925
0,0.001467,0.0029093,0.0043044,0.0056604,0.0069699,0.0082311,0.0094367,0.010585,0.011599,0.012591,0.013635,0.014692,0.015627,0.016508,0.017394,0.018709,0.02116,0.025238,0.029336,0.03072
0,0.0014762,0.0029409,0.0043809,0.0058099,0.0071803,0.0085529,0.0099116,0.011155,0.01227,0.013323,0.014516,0.015712,0.016901,0.018188,0.019832,0.022019,0.025065,0.029011,0.033015,0.035671
0,0.0023482,0.0047307,0.0070622,0.0093378,0.011597,0.01377,0.015761,0.017517,0.019026,0.020324,0.021605,0.022803,0.023908,0.024938,0.025965,0.027389,0.029686,0.032926,0.036913,0.039887
0,0.00088784,0.0017726,0.002629,0.0034358,0.0042277,0.0049427,0.0056064,0.0062262,0.0067614,0.0072419,0.0077594,0.008281,0.0087924,0.0091417,0.0092984,0.0095261,0.010271,0.01132,0.012325,0.012364
0,0.0013955,0.0028409,0.0042682,0.0056834,0.0070361,0.0082713,0.0094574,0.010566,0.011509,0.012408,0.013428,0.014439,0.015328,0.016051,0.016628,0.01783,0.019847,0.022966,0.026395,0.027683
0,0.0014949,0.0029215,0.0042795,0.0055387,0.0067258,0.0078621,0.0089307,0.0099468,0.010898,0.011845,0.012912,0.014047,0.015067,0.015975,0.016872,0.018113,0.020529,0.024371,0.027893,0.02853
0,0.0015194,0.0030218,0.0044996,0.0059873,0.0074784,0.0089761,0.010449,0.011844,0.013142,0.014335,0.01556,0.016759,0.017938,0.01898,0.020002,0.021684,0.024563,0.028646,0.033156,0.035485
0,0.0023254,0.004638,0.0068368,0.0089935,0.011105,0.013138,0.014934,0.016538,0.017867,0.0189,0.019788,0.020492,0.021046,0.02142,0.021803,0.02259,0.024339,0.02745,0.0318,0.034072
0,0.00090959,0.0017968,0.0026408,0.0034333,0.0041628,0.0048708,0.0055812,0.0062598,0.0068504,0.0073886,0.0079057,0.0083299,0.0086948,0.0090327,0.0094303,0.0098867,0.010539,0.0113,0.011837,0.011832
