0,0.059258,0.12541,0.18901,0.17551,0.16769,0.18412,0.21429,0.23916,0.26351,0.2855,0.3066,0.32355,0.34389,0.36614,0.39098,0.4159,0.44355,0.47316,0.50145,0.53149
0,0.14528,0.27761,0.39172,0.46194,0.46372,0.46165,0.45535,0.45736,0.46895,0.52425,0.56408,0.60183,0.69302,0.81103,0.92991,1.0483,1.159,1.2558,1.3431,1.4254
0,0.078155,0.14949,0.20938,0.27571,0.31322,0.29213,0.2707,0.26849,0.27511,0.27912,0.28772,0.30822,0.3335,0.35603,0.37889,0.40228,0.43308,0.47542,0.53167,0.61077
0,0.12607,0.26273,0.38658,0.48704,0.56268,0.62032,0.6271,0.64651,0.64985,0.62228,0.5738,0.5514,0.58094,0.60772,0.62853,0.64383,0.65561,0.69572,0.76806,0.85935
0,0.07967,0.15691,0.22822,0.30255,0.37303,0.36652,0.33697,0.34484,0.34999,0.37419,0.38651,0.38981,0.39422,0.4055,0.42368,0.43612,0.44795,0.46335,0.48857,0.52559
0,0.099122,0.20849,0.32364,0.44248,0.56268,0.67891,0.77944,0.85108,0.88819,0.90972,0.96585,1.0132,1.0426,1.1226,1.2376,1.3201,1.3631,1.3606,1.3393,1.3702
0,0.11637,0.24324,0.38223,0.5097,0.61952,0.67915,0.72818,0.69545,0.65553,0.61955,0.5984,0.58602,0.56615,0.54368,0.54193,0.5596,0.57557,0.58106,0.60525,0.65469
0,0.091458,0.193,0.30921,0.41806,0.50734,0.57351,0.63109,0.66934,0.64062,0.59449,0.57133,0.57346,0.58167,0.5888,0.60785,0.6557,0.73565,0.84642,0.99018,1.138
0,0.12246,0.25267,0.38274,0.50112,0.60828,0.70823,0.80736,0.88469,0.96551,1.0267,1.0297,1.0084,0.99296,0.99173,0.98327,0.97538,0.98086,0.99641,1.0257,1.0699
0,0.12658,0.27823,0.44351,0.59824,0.7184,0.80705,0.84959,0.9002,0.91672,0.86769,0.83514,0.80317,0.8078,0.79617,0.79053,0.83177,0.8962,0.94063,1.0004,1.0734
0,0.19024,0.40356,0.63149,0.79718,0.87327,0.90871,0.96116,0.99845,0.99495,1.0135,1.0718,1.1831,1.3033,1.4011,1.479,1.5582,1.6409,1.7248,1.8298,1.9786
0,0.12851,0.29116,0.50509,0.61134,0.77031,0.75323,0.75235,0.7809,0.84489,0.89944,0.91522,0.93089,0.97789,1.0294,1.0835,1.1723,1.2739,1.4009,1.5273,1.6687
0,0.11576,0.15801,0.17021,0.18815,0.20097,0.22167,0.23991,0.25707,0.27628,0.29715,0.32191,0.3527,0.38613,0.4235,0.45493,0.48149,0.50755,0.53382,0.56162,0.58898
0,0.1418,0.29307,0.43127,0.52512,0.59811,0.67025,0.73168,0.76314,0.75794,0.79456,0.81111,0.81623,0.81814,0.81254,0.82041,0.83962,0.85599,0.86323,0.85551,0.85931
0,0.10711,0.22062,0.33365,0.45595,0.59181,0.74588,0.88988,1.0582,1.1956,1.2962,1.3255,1.2362,1.1731,1.1659,1.1701,1.1602,1.1648,1.195,1.2425,1.2961
0,0.13662,0.26814,0.38557,0.47848,0.55103,0.61392,0.64227,0.68694,0.71248,0.78822,0.84467,0.86059,0.902,1.001,1.0115,1.0309,1.0605,1.1005,1.1456,1.2036
0,0.33047,0.5252,0.64712,1.022,1.1783,1.2094,1.2046,1.1938,1.193,1.196,1.2006,1.218,1.2448,1.2814,1.3322,1.3879,1.4425,1.503,1.5662,1.6291
0,0.2508,0.253,0.31797,0.35966,0.42666,0.50457,0.54581,0.58431,0.64247,0.72918,0.76829,0.81181,0.86107,0.91033,0.95769,1.0118,1.073,1.1349,1.1838,1.2278
0,0.082904,0.1718,0.26394,0.36078,0.4318,0.54463,0.69138,0.85157,0.88629,0.8976,0.89664,0.91134,0.95398,1.0064,1.0725,1.1589,1.2466,1.3252,1.397,1.4431
0,0.10931,0.20826,0.30074,0.39519,0.49433,0.5826,0.65767,0.69767,0.73179,0.78204,0.78915,0.76838,0.75304,0.75622,0.77941,0.81033,0.82122,0.85096,0.8915,0.94852
0,0.15615,0.26407,0.28925,0.30611,0.3251,0.34074,0.35408,0.36767,0.38246,0.40417,0.43064,0.46712,0.51085,0.55933,0.60808,0.65747,0.70766,0.75702,0.80658,0.85565
0,0.27901,0.21235,0.28847,0.33162,0.35414,0.36699,0.37926,0.39598,0.41459,0.4357,0.45542,0.47319,0.49127,0.51127,0.53447,0.55986,0.58552,0.61522,0.65095,0.69003
0,0.085153,0.17626,0.24493,0.3086,0.37184,0.42829,0.50387,0.54244,0.55021,0.56172,0.56431,0.57707,0.62541,0.68875,0.74728,0.77784,0.78573,0.79402,0.80287,0.81306
0,0.12699,0.25339,0.38382,0.50946,0.62211,0.72444,0.79061,0.77693,0.7383,0.71939,0.72081,0.74129,0.75215,0.77568,0.81851,0.83902,0.85362,0.88289,0.92285,0.97783
0,0.058104,0.12008,0.18325,0.25384,0.32903,0.41071,0.50661,0.62618,0.67702,0.58344,0.52952,0.50377,0.50282,0.52153,0.58416,0.64424,0.70235,0.76346,0.81266,0.8482
0,0.13055,0.2509,0.37101,0.49513,0.57746,0.56124,0.61414,0.71909,0.8011,0.84743,0.88722,0.87889,0.93798,1.0519,1.1993,1.2837,1.3187,1.3493,1.3983,1.4501
0,0.1393,0.2443,0.25171,0.32203,0.41164,0.41309,0.4201,0.43879,0.47053,0.50842,0.5498,0.58733,0.62057,0.6534,0.68784,0.72798,0.77153,0.81591,0.86199,0.90677
0,0.050851,0.10981,0.16377,0.20026,0.22113,0.25218,0.3274,0.3793,0.39718,0.40018,0.45295,0.49137,0.52418,0.54545,0.55777,0.56593,0.56457,0.57156,0.60211,0.67028
0,0.067168,0.1477,0.25183,0.35609,0.44934,0.4694,0.46078,0.44431,0.41524,0.37956,0.38235,0.40206,0.43834,0.50109,0.56193,0.6263,0.68967,0.74145,0.78609,0.83066
0,0.12626,0.2926,0.45427,0.45318,0.4154,0.43607,0.42828,0.46065,0.51707,0.5766,0.63342,0.68571,0.72674,0.74609,0.76534,0.80746,0.86173,0.94027,0.99598,1.0015
0,0.10679,0.18145,0.2286,0.24985,0.25891,0.26298,0.25768,0.24947,0.24366,0.24369,0.24357,0.23965,0.23782,0.23677,0.23774,0.24325,0.25246,0.26771,0.28714,0.30859
0,0.11043,0.22754,0.34105,0.46738,0.59329,0.70608,0.73117,0.72722,0.71114,0.67187,0.62883,0.57337,0.57885,0.62626,0.68566,0.74213,0.79588,0.87542,0.97053,1.0798
0,0.14991,0.20374,0.26481,0.34948,0.40563,0.45578,0.5004,0.52773,0.54263,0.54669,0.55084,0.56763,0.58696,0.60872,0.63472,0.6628,0.70326,0.74834,0.79362,0.83293
0,0.11413,0.13145,0.14651,0.15316,0.15945,0.16449,0.16825,0.17206,0.17724,0.18361,0.191,0.19989,0.21035,0.22172,0.23408,0.24702,0.26121,0.277,0.29401,0.31083
0,0.087554,0.19973,0.37509,0.51798,0.62477,0.68348,0.73034,0.78602,0.8171,0.86833,0.9352,1.0292,1.126,1.2159,1.317,1.3946,1.4412,1.488,1.5071,1.5239
0,0.076768,0.14544,0.22956,0.2891,0.34052,0.41383,0.45095,0.49513,0.53774,0.56806,0.60706,0.66417,0.75264,0.84232,0.94594,1.0356,1.119,1.2005,1.2766,1.3439
0,0.12959,0.24193,0.33243,0.47205,0.62848,0.83697,1.0411,1.1093,1.1314,1.1445,1.1678,1.2071,1.2472,1.3149,1.4188,1.5206,1.5933,1.6518,1.7018,1.7292
0,0.08873,0.25666,0.27506,0.35305,0.4252,0.47524,0.51075,0.54965,0.59896,0.63944,0.62574,0.62,0.62531,0.64024,0.64815,0.65687,0.66829,0.69242,0.73017,0.76286
0,0.06948,0.13595,0.20291,0.27551,0.37333,0.49212,0.59218,0.64257,0.67204,0.68432,0.70921,0.74239,0.79953,0.84575,0.87277,0.89702,0.90626,0.91052,0.91545,0.92016
0,0.1909,0.25718,0.32915,0.4249,0.44118,0.41223,0.46995,0.54454,0.61064,0.67361,0.73397,0.79576,0.86151,0.91507,0.96407,1.0094,1.0527,1.0946,1.1352,1.1809
0,0.11555,0.22903,0.35214,0.33412,0.32476,0.35668,0.44344,0.50562,0.55435,0.60516,0.6712,0.73583,0.78493,0.83199,0.85696,0.92144,0.94445,0.97284,1.0064,1.0669
0,0.082815,0.16815,0.25923,0.3572,0.45987,0.56269,0.64115,0.72822,0.83304,0.91404,0.94963,0.96191,1.0238,1.1545,1.2696,1.3191,1.3301,1.3135,1.2965,1.2837
0,0.13972,0.27768,0.4053,0.47705,0.54652,0.56529,0.58705,0.61777,0.6706,0.71852,0.75538,0.80778,0.86194,0.90066,0.93592,0.9733,1.0051,1.0365,1.0786,1.1299
0,0.055709,0.11346,0.16424,0.19378,0.2137,0.23522,0.26098,0.29869,0.34997,0.38263,0.37998,0.35447,0.35679,0.38894,0.41562,0.43551,0.46126,0.48674,0.51343,0.56498
0,0.09577,0.15829,0.19114,0.24177,0.31238,0.35433,0.37786,0.39379,0.38774,0.37803,0.37384,0.38082,0.39848,0.42572,0.45694,0.49072,0.52715,0.56004,0.58508,0.60757
0,0.074561,0.15171,0.22209,0.28468,0.34939,0.38908,0.41009,0.4423,0.49804,0.55998,0.60655,0.61271,0.57215,0.52216,0.51648,0.52486,0.54327,0.56396,0.5974,0.64518
0,0.10066,0.20348,0.27999,0.35636,0.40979,0.45384,0.5035,0.55146,0.57621,0.58751,0.59556,0.61394,0.63806,0.66029,0.69303,0.73122,0.78483,0.848,0.93435,1.0381
0,0.10435,0.15919,0.16934,0.23883,0.33005,0.39503,0.43825,0.47211,0.49831,0.50904,0.51528,0.51577,0.51174,0.50548,0.48831,0.47121,0.45612,0.45483,0.47589,0.50853
0,0.052245,0.12265,0.17842,0.24862,0.26641,0.29635,0.34109,0.39781,0.46349,0.53913,0.58081,0.56628,0.53409,0.53055,0.5458,0.59698,0.64913,0.70618,0.77604,0.84825
0,0.059046,0.12006,0.18665,0.24883,0.31253,0.37901,0.44453,0.49897,0.511,0.53979,0.60205,0.59408,0.52461,0.46642,0.46773,0.49338,0.53414,0.57651,0.63125,0.69427
0,0.13683,0.19941,0.28369,0.36732,0.4747,0.54034,0.55815,0.58126,0.59958,0.61917,0.65588,0.70859,0.77566,0.84163,0.92711,1.0152,1.1059,1.1898,1.2698,1.3478
0,0.098091,0.19965,0.29789,0.39038,0.48569,0.5781,0.67614,0.73559,0.70339,0.65804,0.64396,0.61956,0.68289,0.81641,0.87837,0.92303,0.95325,0.97034,0.97981,0.99129
0,0.31802,0.35785,0.37498,0.38256,0.40383,0.45025,0.5044,0.54753,0.58453,0.60898,0.62311,0.62432,0.62783,0.63126,0.64054,0.66047,0.68246,0.70984,0.74375,0.78198
0,0.21217,0.41846,0.4849,0.4457,0.45811,0.551,0.51917,0.55065,0.64459,0.7254,0.80381,0.87271,0.93703,0.99193,1.0393,1.0959,1.165,1.2452,1.3349,1.4338
0,0.043686,0.090864,0.12571,0.15818,0.20109,0.23335,0.26883,0.28916,0.29066,0.30915,0.33878,0.36933,0.40066,0.41977,0.42378,0.42916,0.43419,0.4497,0.46974,0.49331
0,0.17454,0.28204,0.32827,0.36345,0.45315,0.54238,0.60106,0.6353,0.6496,0.67122,0.70522,0.74046,0.78398,0.82932,0.87567,0.92962,0.99609,1.0672,1.1382,1.2158
0,0.11019,0.22443,0.34053,0.47416,0.62879,0.75939,0.85115,0.95202,0.99695,1.0225,1.0286,1.0234,1.0003,1.0085,1.0488,1.0702,1.0756,1.0665,1.0398,1.0247
0,0.080217,0.15055,0.21075,0.27753,0.35833,0.45997,0.57787,0.69667,0.8009,0.92322,0.95112,0.97296,1.0063,1.0118,0.95248,0.94913,0.97388,0.99646,1.0059,1.0278
0,0.22161,0.26804,0.28515,0.29686,0.30518,0.31478,0.32649,0.33739,0.34857,0.36046,0.37019,0.38202,0.3961,0.41144,0.42659,0.44597,0.46611,0.48842,0.51295,0.53947
0,0.13311,0.18398,0.21695,0.24707,0.28782,0.3124,0.31907,0.31851,0.34258,0.38657,0.43667,0.47685,0.50755,0.53188,0.56145,0.58891,0.62442,0.67358,0.7371,0.78983
0,0.048396,0.098986,0.13644,0.17391,0.20068,0.25631,0.31392,0.33828,0.36003,0.38314,0.41199,0.45543,0.51544,0.58263,0.65215,0.70298,0.74592,0.78558,0.82402,0.862
0,0.059632,0.11974,0.17688,0.22915,0.27698,0.32005,0.36233,0.4014,0.43837,0.47409,0.5112,0.55375,0.61032,0.70005,0.96652,0.82965,0.90205,0.88447,0.85078,0.85206
0,0.087355,0.16839,0.24466,0.31623,0.37781,0.43402,0.49468,0.55652,0.61257,0.66312,0.70573,0.74084,0.78162,0.78397,0.80259,0.85359,0.93276,1.0577,1.1781,1.298
0,0.090961,0.16915,0.22753,0.26056,0.28075,0.29648,0.31214,0.32829,0.34633,0.37181,0.4026,0.43599,0.49138,0.53764,0.59884,0.62285,0.66537,0.72236,0.77455,0.83086
0,0.10199,0.21812,0.34,0.47386,0.56613,0.67855,0.75845,0.85521,0.89242,0.89057,0.91364,0.95329,0.99859,1.0385,1.0844,1.1029,1.0763,1.0978,1.0563,1.1161
0,0.088765,0.17641,0.27251,0.36613,0.42844,0.49174,0.50771,0.53486,0.594,0.659,0.70158,0.74987,0.77131,0.81921,0.89923,0.98365,1.0634,1.156,1.2441,1.3368
0,0.096831,0.20394,0.31241,0.42662,0.5472,0.72099,0.86686,0.99364,1.0474,1.0871,1.106,1.1216,1.1126,1.1128,1.1446,1.1853,1.2061,1.2112,1.2076,1.2087
0,0.1064,0.22769,0.35187,0.46988,0.60445,0.72433,0.80645,0.90855,0.99535,1.0013,0.99028,1.002,1.0169,1.0573,1.1068,1.1458,1.1873,1.2385,1.3084,1.4007
0,0.10985,0.2479,0.37088,0.43952,0.56457,0.62486,0.73929,0.83866,0.87033,0.89379,0.91598,0.93011,0.94601,0.96285,0.99452,1.0362,1.0742,1.1119,1.1465,1.1832
0,0.1239,0.2532,0.37815,0.50738,0.65397,0.74904,0.84539,0.86523,0.84151,0.81313,0.80607,0.81761,0.8466,0.87394,0.9087,0.96295,1.039,1.1165,1.1967,1.2918
0,0.079207,0.16697,0.25757,0.35507,0.47571,0.56489,0.62256,0.62354,0.64715,0.67346,0.67368,0.6787,0.71288,0.75612,0.82163,0.89831,0.9794,1.0269,1.049,1.0815
0,0.10132,0.21145,0.33445,0.47008,0.59683,0.69271,0.7687,0.86046,1.0556,1.4059,1.1329,1.0354,1.0112,1.0123,0.99291,0.95951,0.96217,1.0095,1.0784,1.1615
0,0.1178,0.2371,0.34936,0.45837,0.57015,0.66911,0.74052,0.79448,0.82242,0.82314,0.85526,0.90565,0.95914,0.9877,1.0048,1.0233,1.0001,0.94968,0.94481,0.9989
0,0.093324,0.18945,0.28336,0.37338,0.46792,0.57364,0.67736,0.77187,0.84806,0.92539,0.88775,0.81354,0.75281,0.76659,0.82013,0.89179,0.96845,1.0381,1.1183,1.212
0,0.092566,0.17086,0.25256,0.33284,0.39192,0.41419,0.42692,0.43805,0.44431,0.45423,0.47126,0.50054,0.52538,0.5473,0.57679,0.60703,0.64064,0.67536,0.7098,0.74796
0,0.066488,0.12751,0.18353,0.23982,0.29334,0.33803,0.37283,0.3948,0.40615,0.40251,0.39774,0.39024,0.39112,0.4207,0.46494,0.51435,0.58124,0.65513,0.75835,0.88502
0,0.10249,0.18666,0.26238,0.32034,0.37065,0.43428,0.50075,0.57571,0.64881,0.76391,0.90411,0.9215,0.92213,1.0474,1.2472,1.4474,1.5933,1.6954,1.7757,1.8462
0,0.10535,0.21981,0.34507,0.4792,0.62326,0.78426,0.91809,0.9863,1.0197,1.1218,1.1693,1.1931,1.2236,1.2418,1.2776,1.3387,1.419,1.5029,1.5953,1.7121
0,0.087786,0.17166,0.21655,0.23176,0.2104,0.22252,0.25151,0.26549,0.28444,0.30699,0.31313,0.30667,0.31659,0.32542,0.34442,0.37139,0.39997,0.42875,0.45617,0.48509
0,0.040182,0.087902,0.13362,0.20655,0.26034,0.2816,0.29055,0.29116,0.29188,0.29736,0.30344,0.30791,0.31202,0.31598,0.3221,0.32932,0.34046,0.35313,0.36817,0.38589
0,0.10014,0.19894,0.28619,0.35951,0.42496,0.49923,0.57305,0.64586,0.68589,0.73385,0.77631,0.80014,0.81426,0.8135,0.79599,0.77201,0.74525,0.74785,0.76976,0.81698
0,0.069574,0.14724,0.23427,0.31581,0.41291,0.48076,0.59137,0.6713,0.69523,0.72172,0.74869,0.75099,0.73517,0.70552,0.67931,0.68427,0.70993,0.75291,0.81068,0.87295
0,0.069387,0.14515,0.23387,0.34118,0.42557,0.44281,0.46735,0.53496,0.58268,0.59698,0.61222,0.62976,0.65985,0.69953,0.75841,0.83925,0.90662,0.95044,0.97737,1.0106
0,0,0,0,0,0,0,0,0,0,0,0,0,0,0,0,0,0,0,0,0
0,0.072715,0.14228,0.20838,0.27564,0.34172,0.40225,0.45501,0.50628,0.54617,0.57524,0.61291,0.65752,0.71587,0.75439,0.82528,0.91181,0.92634,0.99849,1.0512,1.0314
0,0.080816,0.15581,0.22281,0.28891,0.35676,0.43041,0.51087,0.5952,0.68619,0.74619,0.81222,0.85318,0.78678,0.75501,0.75012,0.76096,0.79386,0.90748,1.1722,1.4353
0,0.1593,0.32228,0.47198,0.62836,0.77662,0.87299,0.93917,1.0127,1.0801,1.1482,1.1686,1.1866,1.2426,1.2498,1.1827,1.1179,1.057,0.99643,0.95206,0.9417
0,0.074027,0.14745,0.21544,0.27681,0.34057,0.39769,0.45244,0.5091,0.57031,0.62786,0.6821,0.72148,0.76152,0.80243,0.83964,0.86129,0.87016,0.87634,0.88205,0.88705
0,0.084035,0.17262,0.26573,0.35692,0.45351,0.53671,0.57592,0.59796,0.60827,0.57842,0.57167,0.60595,0.67181,0.75144,0.8145,0.87011,0.90997,0.94403,0.97332,1.0031
0,0.14649,0.29685,0.45296,0.51664,0.48554,0.50195,0.51954,0.58151,0.6457,0.72327,0.81436,0.88478,0.92134,0.98027,1.0655,1.149,1.2415,1.35,1.4572,1.5051
0,0.10418,0.20029,0.29349,0.38782,0.47326,0.51433,0.51015,0.51683,0.54469,0.59941,0.66643,0.7341,0.80517,0.83789,0.84282,0.85643,0.87917,0.92098,0.98385,1.0774
0,0.086369,0.18085,0.29339,0.39271,0.4849,0.57253,0.69022,0.77622,0.84271,0.89091,0.94391,1.0453,1.1243,1.1473,1.1299,1.0975,1.1557,1.2591,1.3961,1.5567
0,0.11518,0.25354,0.40949,0.45665,0.39459,0.42291,0.46928,0.50325,0.52928,0.55225,0.57761,0.60033,0.60866,0.61978,0.63467,0.65767,0.68531,0.72068,0.76385,0.80842
0,0.064069,0.13004,0.21424,0.30803,0.40671,0.50927,0.62744,0.69889,0.78448,0.87592,0.90145,0.90882,0.91132,0.90694,0.93073,0.98086,1.0475,1.155,1.2938,1.4476
0,0.26019,0.3722,0.41119,0.45283,0.48592,0.51575,0.54206,0.56459,0.58683,0.60645,0.62755,0.65648,0.68356,0.7165,0.75109,0.78709,0.82287,0.8614,0.90301,0.94598
0,0.090255,0.17929,0.26476,0.34683,0.41941,0.4987,0.5702,0.64046,0.70265,0.75896,0.78016,0.7885,0.78612,0.76351,0.74382,0.70081,0.67979,0.72133,0.80942,0.90946
0,0.10201,0.21101,0.3192,0.43014,0.55001,0.66225,0.75192,0.8066,0.84335,0.90117,0.96593,1.0225,1.0688,1.1074,1.1403,1.1922,1.2494,1.2793,1.2807,1.2214
0,0.17467,0.25129,0.30547,0.36859,0.44396,0.51139,0.56556,0.61194,0.65617,0.69754,0.73848,0.77662,0.81404,0.85137,0.88526,0.91813,0.95555,0.99744,1.0451,1.103
0,0.15119,0.29641,0.4317,0.54215,0.63744,0.73331,0.81935,0.76935,0.7176,0.72842,0.73724,0.75206,0.8092,0.91008,1.0489,1.1673,1.2479,1.2804,1.2945,1.3044
0,0.20075,0.4186,0.64155,0.96977,0.87346,0.79688,0.82244,0.86403,0.88075,0.89279,0.89885,0.91206,0.92781,0.93727,0.94886,0.96599,0.98869,1.02,1.0576,1.1014
0,0.099277,0.14032,0.1573,0.17494,0.18756,0.19762,0.20592,0.21462,0.22332,0.23301,0.24398,0.25441,0.26559,0.27913,0.29576,0.3156,0.3364,0.35788,0.38198,0.40853
0,0.098912,0.20211,0.3056,0.4223,0.50738,0.6071,0.53809,0.4625,0.4119,0.4024,0.42303,0.46684,0.53515,0.61658,0.69936,0.76514,0.81114,0.8384,0.84646,0.86615
0,0.06198,0.12514,0.1886,0.25525,0.33055,0.40549,0.47092,0.49566,0.51414,0.56168,0.62267,0.68593,0.74421,0.79577,0.84243,0.88144,0.92188,1.0108,1.0832,1.2677
0,0.10704,0.21633,0.34888,0.49078,0.59525,0.7256,0.84708,0.88595,0.81793,0.79343,0.84158,0.89267,0.95419,1.0476,1.1319,1.2058,1.2716,1.3278,1.3806,1.4176
0,0.23921,0.37229,0.50176,0.57783,0.61704,0.64977,0.67288,0.68908,0.71132,0.74105,0.76939,0.78984,0.80877,0.82851,0.84519,0.86443,0.89134,0.91758,0.94153,0.99512
0,0.21745,0.29169,0.28517,0.53833,0.88573,1.1286,1.2581,1.3417,1.401,1.453,1.5025,1.5573,1.5971,1.6341,1.6618,1.6767,1.6852,1.6963,1.7132,1.7323
0,0.073008,0.14442,0.2165,0.2913,0.36733,0.44813,0.5244,0.59428,0.66615,0.73992,0.80888,0.86434,0.86322,0.81678,0.80823,0.79613,0.83717,0.90887,1.0076,1.0841
0,0.10642,0.20875,0.30871,0.35297,0.38313,0.37575,0.36035,0.32339,0.31475,0.33955,0.39138,0.46583,0.54372,0.61261,0.6826,0.74234,0.80084,0.85721,0.91043,0.95685
0,0.091231,0.18822,0.29815,0.43234,0.58283,0.72889,0.81222,0.79052,0.74968,0.71382,0.6738,0.65078,0.64075,0.64885,0.67646,0.73116,0.79732,0.87602,0.96579,1.0672
0,0.12323,0.25655,0.4043,0.56503,0.67232,0.72168,0.70592,0.68938,0.6765,0.67485,0.68579,0.68966,0.69454,0.6975,0.71013,0.73407,0.77046,0.82618,0.89382,0.96933
0,0.095081,0.13011,0.20223,0.27396,0.33683,0.40293,0.47153,0.54487,0.60899,0.64366,0.6556,0.65212,0.67459,0.69492,0.70742,0.71908,0.69346,0.674,0.68949,0.70996
0,0.11699,0.22661,0.32369,0.37634,0.35598,0.33435,0.32593,0.32255,0.3153,0.31096,0.30519,0.29806,0.29488,0.30645,0.32693,0.35735,0.39357,0.42682,0.46438,0.50536
0,0.10869,0.24154,0.42057,0.43937,0.44857,0.44276,0.43614,0.41635,0.40871,0.4398,0.47826,0.50973,0.52055,0.52444,0.52891,0.56769,0.62607,0.69876,0.7732,0.87065
0,0.16447,0.34115,0.51349,0.63915,0.68231,0.72023,0.76298,0.79206,0.84346,0.92712,1.0269,1.1102,1.1721,1.2363,1.2975,1.3601,1.4252,1.4924,1.5543,1.6029
0,0.15362,0.30573,0.45671,0.6112,0.76837,0.92478,1.0459,1.1808,1.3299,1.3301,1.4027,1.4243,1.4565,1.4895,1.4975,1.4917,1.469,1.4313,1.3925,1.3829
0,0.14405,0.18659,0.21328,0.29661,0.36549,0.42161,0.45734,0.47488,0.49404,0.51638,0.54295,0.57595,0.61644,0.65952,0.69896,0.73774,0.77561,0.81136,0.84769,0.88257
0,0.10656,0.25878,0.3659,0.43302,0.48111,0.5235,0.56539,0.61235,0.66045,0.70749,0.75312,0.79412,0.83112,0.8649,0.89721,0.92812,0.95579,0.98019,1.005,1.0292
0,0.068856,0.14772,0.20531,0.24936,0.30163,0.35222,0.37591,0.38756,0.3835,0.38963,0.39818,0.38994,0.40112,0.41182,0.42438,0.4405,0.46192,0.49253,0.53191,0.58695
0,0.080597,0.16339,0.24527,0.32751,0.41751,0.53269,0.61563,0.67097,0.7083,0.72749,0.73033,0.73948,0.76349,0.78432,0.78191,0.75735,0.72504,0.70201,0.69616,0.69856
0,0.1081,0.24444,0.44613,0.60103,0.57799,0.53105,0.51252,0.51927,0.51751,0.54347,0.58388,0.62548,0.66365,0.69159,0.71403,0.73019,0.73934,0.74345,0.75011,0.76332
0,0.12218,0.26758,0.32062,0.3823,0.4422,0.48294,0.50766,0.52665,0.54019,0.55084,0.56676,0.61027,0.69135,0.69552,0.64218,0.60568,0.60436,0.64275,0.68903,0.75122
0,0.28573,0.36384,0.45945,0.50251,0.52939,0.58224,0.63327,0.6886,0.73474,0.76933,0.8024,0.83551,0.86515,0.89023,0.91787,0.94429,0.96858,0.99064,1.0124,1.032
0,0.11622,0.23706,0.36626,0.50901,0.59437,0.64449,0.6779,0.71056,0.70355,0.72039,0.75703,0.80387,0.84679,0.89349,0.92738,0.94824,0.97217,1.0011,1.0482,1.1154
0,0.071341,0.139,0.20478,0.31736,0.37924,0.42902,0.47341,0.50425,0.50547,0.51946,0.53358,0.54388,0.55054,0.55049,0.55795,0.59532,0.64559,0.69786,0.75374,0.83122
0,0.063002,0.12037,0.16638,0.22628,0.28342,0.34219,0.39946,0.45758,0.51559,0.57014,0.62671,0.67429,0.72158,0.77304,0.82234,0.87437,0.94399,1.0158,1.14,1.0011
0,0.13213,0.24874,0.34646,0.44532,0.53739,0.62698,0.71101,0.76992,0.77551,0.76937,0.76776,0.75774,0.74196,0.72852,0.69292,0.72535,0.84393,0.98282,1.0887,1.1629
0,0.073493,0.14507,0.21911,0.31253,0.39211,0.52292,0.51644,0.61504,0.68279,0.71388,0.71603,0.70314,0.69525,0.67227,0.64272,0.62115,0.60446,0.59246,0.58352,0.5886
0,0.096905,0.18561,0.2375,0.28997,0.34659,0.41054,0.48366,0.52862,0.59929,0.66128,0.68854,0.67408,0.67888,0.72061,0.78096,0.83855,0.89034,0.9315,0.96758,1.0073
0,0.17809,0.21007,0.27817,0.33007,0.38879,0.41065,0.40837,0.40344,0.40403,0.41087,0.42846,0.45587,0.48713,0.52086,0.55661,0.5932,0.63032,0.6755,0.72768,0.78371
0,0.076968,0.13606,0.21234,0.29475,0.35518,0.46262,0.55671,0.60746,0.60467,0.57485,0.54391,0.53391,0.53824,0.55387,0.56297,0.56011,0.56209,0.58545,0.62897,0.68429
0,0.075173,0.15253,0.19663,0.23954,0.27996,0.27577,0.30819,0.36595,0.42419,0.45917,0.47962,0.49546,0.52499,0.58196,0.65075,0.70726,0.74493,0.77872,0.80685,0.82653
0,0.11244,0.22176,0.33565,0.45117,0.55452,0.6588,0.76216,0.87706,1.0199,1.1525,1.2464,1.4061,1.435,1.308,1.1953,1.1364,1.1604,1.2083,1.3281,1.4783
0,0.059591,0.11853,0.17724,0.23723,0.30073,0.36878,0.44041,0.50903,0.56917,0.59751,0.63862,0.64253,0.62617,0.60137,0.59415,0.60331,0.6506,0.72876,0.84687,0.99186
0,0.070449,0.1393,0.20594,0.28173,0.34614,0.38427,0.42905,0.50292,0.55632,0.62449,0.66655,0.66421,0.71279,0.74765,0.73192,0.7065,0.69716,0.73102,0.82388,0.92595
0,0.12125,0.24622,0.38738,0.54888,0.75417,0.96437,1.0366,1.0105,1.0462,1.0487,1.0587,1.0805,1.0716,1.0486,1.0602,1.1303,1.2478,1.3846,1.5385,1.6987
0,0.085621,0.17045,0.25672,0.35114,0.46732,0.53992,0.62791,0.67413,0.69431,0.70619,0.72082,0.73859,0.73829,0.7276,0.72741,0.74981,0.79437,0.82164,0.85614,0.90453
0,0.079771,0.15006,0.23395,0.32052,0.35514,0.35929,0.35676,0.37082,0.37586,0.38383,0.39631,0.40801,0.41682,0.42643,0.43985,0.45478,0.47336,0.4993,0.5347,0.57959
0,0.10601,0.22727,0.37586,0.55987,0.62669,0.75967,0.87323,0.9397,0.9899,1.0428,1.0735,1.0901,1.0919,1.0712,1.0473,1.0227,1.0034,0.98876,0.9865,0.99941
0,0.10938,0.21516,0.31744,0.43744,0.54313,0.63414,0.68988,0.71527,0.76043,0.85863,1.03,1.1696,1.2048,1.237,1.2303,1.2587,1.3187,1.3693,1.4487,1.5219
0,0.14352,0.23682,0.35531,0.48779,0.65039,0.78269,0.87877,0.85629,0.77833,0.73563,0.72887,0.75472,0.79475,0.8397,0.87847,0.9366,0.99587,1.0497,1.0976,1.1416
0,0.055652,0.10976,0.16617,0.23083,0.28847,0.32262,0.3642,0.36894,0.3711,0.36843,0.36081,0.36538,0.37486,0.37054,0.36727,0.38007,0.41962,0.48013,0.55924,0.65414
0,0.15553,0.29504,0.47073,0.54742,0.61827,0.67275,0.73125,0.80196,0.87821,0.95218,1.0249,1.0913,1.1538,1.2187,1.2771,1.3296,1.3804,1.4294,1.4769,1.5288
0,0.13614,0.29432,0.47913,0.63776,0.65745,0.65727,0.64548,0.65008,0.66453,0.70395,0.7436,0.79741,0.84523,0.89509,0.93401,0.9694,0.99985,1.0326,1.0681,1.0965
0,0.058258,0.11926,0.18449,0.25226,0.33698,0.39894,0.41419,0.39292,0.35259,0.32395,0.34987,0.40436,0.45859,0.50327,0.54248,0.58486,0.6309,0.68026,0.73178,0.77875
0,0.10201,0.20315,0.32058,0.36404,0.39785,0.44661,0.48576,0.52086,0.55555,0.57446,0.58626,0.60639,0.65869,0.72347,0.80716,0.88632,0.94118,0.98919,1.0574,1.1359
0,0.089346,0.18668,0.29772,0.38973,0.40769,0.42813,0.41978,0.41828,0.457,0.49654,0.54201,0.5969,0.64936,0.69021,0.72353,0.7573,0.79374,0.83842,0.89017,0.94681
0,0.12665,0.23201,0.24319,0.29194,0.32629,0.329,0.32016,0.33406,0.36602,0.41426,0.44944,0.47337,0.51302,0.55438,0.59495,0.6267,0.65639,0.70487,0.74606,0.79591
0,0.094007,0.19305,0.31427,0.42153,0.49838,0.55265,0.56425,0.57939,0.62267,0.65935,0.73858,0.84623,0.96753,1.038,1.072,1.0999,1.1231,1.1594,1.2056,1.2616
0,0.054581,0.10939,0.16435,0.2321,0.2946,0.36065,0.40245,0.42849,0.46105,0.4808,0.47613,0.45002,0.43628,0.44219,0.45988,0.48849,0.53129,0.5863,0.65211,0.72305
0,0.13784,0.30094,0.27936,0.31121,0.33354,0.33769,0.35684,0.39001,0.42905,0.46922,0.51702,0.56607,0.6157,0.66714,0.71683,0.76403,0.80863,0.856,0.8998,0.94203
0,0.083579,0.16303,0.23768,0.30171,0.36902,0.43869,0.50192,0.56182,0.61224,0.66651,0.7074,0.73312,0.75218,0.72693,0.70037,0.6868,0.67796,0.66896,0.66862,0.64967
0,0.082481,0.17095,0.26746,0.36861,0.46765,0.54983,0.6264,0.69918,0.76573,0.77742,0.75238,0.72311,0.72235,0.76077,0.79695,0.86708,0.96642,1.0206,1.07,1.1248
0,0.090909,0.18439,0.27841,0.37476,0.47505,0.54754,0.58134,0.58691,0.56687,0.5711,0.60361,0.6175,0.65856,0.72398,0.76686,0.79338,0.8335,0.87364,0.92907,0.98748
0,0.095521,0.19194,0.28332,0.36205,0.43333,0.50015,0.56094,0.61965,0.66977,0.71478,0.74118,0.76604,0.77014,0.76158,0.74144,0.74728,0.78313,0.79034,0.795,0.81577
0,0.10446,0.2132,0.33095,0.46239,0.60811,0.76294,0.91813,1.0693,1.1993,1.3169,1.3756,1.3852,1.3544,1.287,1.2449,1.2585,1.2825,1.308,1.3435,1.3853
0,0.11624,0.19447,0.24664,0.29652,0.35143,0.4049,0.41258,0.42757,0.46166,0.47343,0.5047,0.55956,0.64131,0.74403,0.86228,0.98058,1.0908,1.1991,1.2928,1.3794
0,0.079196,0.15852,0.22247,0.28193,0.35374,0.42411,0.47833,0.53329,0.59979,0.64528,0.66677,0.66211,0.66684,0.67227,0.67014,0.66404,0.71277,0.78835,0.79813,0.76456
0,0.15852,0.18684,0.2079,0.21212,0.24595,0.29565,0.34336,0.40001,0.50051,0.62786,0.70242,0.77559,0.85523,0.92375,0.98556,1.0301,1.0457,1.0466,1.0553,1.0832
0,0.12449,0.21023,0.27562,0.33419,0.37942,0.41844,0.45124,0.49463,0.53763,0.5688,0.584,0.59344,0.59775,0.60912,0.62139,0.63374,0.65407,0.68383,0.71693,0.7534
0,0.089309,0.18003,0.24439,0.26584,0.3061,0.34105,0.37038,0.38739,0.40986,0.43087,0.4592,0.46904,0.47735,0.49396,0.51547,0.54261,0.56581,0.57937,0.58892,0.59425
0,0.081629,0.17161,0.26581,0.35162,0.42815,0.51498,0.55576,0.57254,0.55335,0.50956,0.48899,0.48662,0.4972,0.5025,0.51555,0.5379,0.56957,0.60825,0.64739,0.69326
0,0.18643,0.45429,0.60624,0.58706,0.5153,0.49347,0.5049,0.50386,0.5023,0.50464,0.51368,0.52229,0.54639,0.56392,0.57527,0.58691,0.59859,0.61217,0.63182,0.65527
0,0.096942,0.20966,0.35483,0.43755,0.5097,0.50144,0.47781,0.47125,0.49276,0.52208,0.55731,0.59715,0.63642,0.66562,0.69138,0.7047,0.69943,0.68537,0.67092,0.66811
0,0.058257,0.11371,0.17459,0.22589,0.26587,0.29754,0.32777,0.35496,0.37227,0.39129,0.40925,0.42813,0.41696,0.41213,0.43179,0.48944,0.5671,0.63159,0.69375,0.75849
0,0.078803,0.15625,0.22865,0.2982,0.36315,0.41435,0.45638,0.49743,0.54257,0.58819,0.63251,0.67701,0.72293,0.76979,0.80153,0.87294,0.90615,0.88785,0.82715,0.76658
0,0.084386,0.16746,0.25366,0.33486,0.41017,0.46903,0.52237,0.56574,0.59778,0.62145,0.63563,0.62263,0.60012,0.60509,0.63524,0.62622,0.62042,0.65185,0.6969,0.71829
0,0,0,0,0,0,0,0,0,0,0,0,0,0,0,0,0,0,0,0,0
0,0.068625,0.14147,0.21139,0.2826,0.34913,0.42609,0.51549,0.5975,0.65331,0.66,0.71426,0.74278,0.74377,0.74639,0.73152,0.73839,0.76109,0.83606,0.97166,1.0569
0,0.064806,0.12682,0.19193,0.25887,0.32133,0.3769,0.42746,0.47464,0.52605,0.53169,0.50116,0.47176,0.45992,0.46722,0.48271,0.50466,0.52369,0.53984,0.55668,0.57803
0,0.11376,0.23223,0.33742,0.42605,0.4963,0.55506,0.60398,0.64424,0.63583,0.60774,0.59263,0.55679,0.52455,0.54511,0.63338,0.84601,1.0816,1.2821,1.434,1.5627
0,0.10194,0.217,0.3371,0.46013,0.57973,0.69285,0.79309,0.79116,0.75804,0.71441,0.67254,0.65122,0.63428,0.63676,0.66123,0.69905,0.74986,0.82786,0.94022,1.0673
0,0.18264,0.19303,0.30311,0.3465,0.38221,0.41499,0.46559,0.4754,0.49408,0.51112,0.52273,0.53254,0.54506,0.54945,0.55625,0.57386,0.5988,0.62261,0.64146,0.66166
0,0.11522,0.23402,0.38229,0.49019,0.51978,0.54359,0.59006,0.66757,0.76384,0.86034,0.96167,1.0735,1.1884,1.2868,1.3636,1.418,1.4506,1.4777,1.4992,1.515
0,0.055621,0.12017,0.17681,0.21798,0.21142,0.20023,0.21009,0.23452,0.26178,0.28316,0.30514,0.32105,0.33471,0.34085,0.34365,0.34654,0.3502,0.34973,0.35078,0.35702
0,0.11908,0.24765,0.32724,0.43294,0.4871,0.54238,0.59809,0.65769,0.73734,0.82187,0.90143,0.98075,1.0664,1.1326,1.1787,1.2315,1.2477,1.2585,1.3068,1.3881
0,0.088888,0.18906,0.30812,0.45258,0.6019,0.73704,0.82845,0.89138,0.88463,0.89268,0.9161,0.90761,0.83134,0.71931,0.66591,0.65978,0.66941,0.69004,0.73531,0.80624
0,0.097768,0.19595,0.29708,0.38639,0.47674,0.59076,0.7387,0.8646,0.94208,1.0387,1.1021,1.1564,1.2009,1.2391,1.2836,1.3253,1.3614,1.397,1.4493,1.5035
0,0.15316,0.27145,0.34053,0.41105,0.4844,0.54888,0.6167,0.69763,0.74907,0.78374,0.80947,0.83693,0.88407,0.95258,1.0385,1.1178,1.1882,1.2628,1.3264,1.3884
0,0.047026,0.087289,0.12497,0.16639,0.21355,0.27323,0.31823,0.32122,0.32472,0.3236,0.3232,0.32713,0.33934,0.36389,0.37035,0.36946,0.37608,0.39631,0.42733,0.4702
0,0.20324,0.36448,0.40313,0.45376,0.47305,0.43717,0.46482,0.53618,0.59355,0.64746,0.70544,0.75955,0.77556,0.78946,0.80653,0.82311,0.84211,0.85887,0.87632,0.91347
0,0.1131,0.23983,0.35518,0.4592,0.53683,0.58735,0.60854,0.64926,0.69289,0.71212,0.72206,0.74721,0.77683,0.81254,0.85382,0.89977,0.9536,1.015,1.0974,1.1922
0,0.10748,0.20566,0.30086,0.39642,0.5053,0.76415,0.94502,0.78595,0.76549,0.76577,0.7535,0.73932,0.71426,0.69529,0.68932,0.70446,0.74713,0.80653,0.88551,0.98327
0,0.14173,0.21331,0.24454,0.28194,0.36698,0.47386,0.53791,0.5884,0.64545,0.70214,0.75492,0.79776,0.83951,0.88116,0.92049,0.96219,1.0109,1.0624,1.12,1.1777
0,0.077989,0.14807,0.16277,0.19382,0.25916,0.27607,0.29519,0.30395,0.29843,0.29893,0.31292,0.3408,0.37443,0.40711,0.44034,0.47731,0.5144,0.54357,0.56589,0.58795
0,0.18339,0.35482,0.507,0.61021,0.67054,0.70114,0.68848,0.6847,0.7111,0.72096,0.72345,0.73315,0.73769,0.73245,0.73096,0.74228,0.77571,0.85647,0.97292,1.1261
0,0.058539,0.11458,0.16209,0.19444,0.23011,0.28418,0.34349,0.39459,0.42549,0.44379,0.46148,0.48439,0.51839,0.55472,0.59256,0.62882,0.66112,0.68921,0.71377,0.73769
0,0.19902,0.37063,0.49692,0.61418,0.67089,0.6636,0.6433,0.65643,0.70081,0.72723,0.78427,0.83886,0.88534,0.91016,0.93657,0.96325,1.0068,1.0547,1.1038,1.1597
0,0.033423,0.065519,0.098168,0.13071,0.1641,0.19544,0.22723,0.26225,0.29836,0.33547,0.37633,0.42565,0.49045,0.57825,0.72513,0.87492,1.009,1.0478,1.0919,1.1477
0,0.2487,0.34128,0.42366,0.51769,0.59295,0.66297,0.73201,0.80264,0.86605,0.92398,0.97115,1.0109,1.0565,1.0974,1.1305,1.1558,1.1759,1.1956,1.2159,1.2342
0,0.12524,0.24768,0.37504,0.52488,0.68609,0.85776,1.0322,1.1029,1.1253,1.1455,1.1391,1.1354,1.1256,1.1137,1.0987,1.0791,1.0667,1.0621,1.0718,1.1013
0,0.1524,0.31504,0.45443,0.51478,0.55768,0.60909,0.60816,0.60327,0.60808,0.58927,0.58461,0.58478,0.57536,0.5644,0.55214,0.55786,0.59646,0.65314,0.72344,0.80005
0,0.036205,0.071045,0.10831,0.14892,0.19612,0.25157,0.30815,0.35396,0.41531,0.44906,0.46309,0.47021,0.49352,0.52505,0.54574,0.55816,0.56199,0.57249,0.59552,0.62217
0,0.078915,0.15762,0.23586,0.30919,0.37398,0.42993,0.49333,0.57822,0.65453,0.62511,0.62109,0.69899,0.82523,0.93258,0.99254,1.0301,1.0241,0.97154,0.97317,1.0314
0,0.11691,0.23813,0.36296,0.4866,0.63466,0.80363,0.95055,1.0333,1.0801,1.0536,1.0355,1.06,1.1077,1.1814,1.2537,1.3257,1.3874,1.438,1.4569,1.4615
0,0.080378,0.16546,0.24872,0.32851,0.40742,0.48862,0.56379,0.62657,0.69168,0.75043,0.76845,0.76989,0.77361,0.77557,0.786,0.82854,0.85006,0.87244,0.88407,0.83152
0,0.15352,0.32284,0.30872,0.23351,0.21368,0.21156,0.2219,0.24482,0.27039,0.29842,0.32438,0.35108,0.37802,0.39835,0.41887,0.43929,0.46043,0.47987,0.50774,0.54414
0,0.13262,0.21619,0.31994,0.44178,0.51615,0.58671,0.61972,0.64673,0.73544,0.79184,0.75199,0.74649,0.81396,0.88665,0.96753,1.053,1.1287,1.2132,1.2883,1.3656
0,0.077808,0.13943,0.17981,0.22104,0.24935,0.28632,0.33292,0.37154,0.40517,0.44106,0.47555,0.50627,0.53921,0.56561,0.59281,0.61789,0.6461,0.68388,0.73304,0.79333
0,0.10384,0.19781,0.29062,0.36809,0.42309,0.46016,0.50883,0.56762,0.61207,0.66108,0.69534,0.70953,0.67796,0.62871,0.60549,0.60417,0.62485,0.63925,0.65374,0.70104
0,0.10255,0.21987,0.3363,0.45603,0.49892,0.56341,0.64148,0.69894,0.75499,0.78596,0.76537,0.71912,0.6665,0.63317,0.62921,0.63741,0.65827,0.69382,0.72944,0.7771
0,0.10702,0.14979,0.19278,0.23422,0.26843,0.31319,0.34179,0.3913,0.43611,0.48309,0.51898,0.54792,0.5876,0.6195,0.63768,0.6504,0.6599,0.68344,0.72548,0.77769
0,0.075742,0.14646,0.16015,0.17854,0.18856,0.16553,0.16805,0.18092,0.18991,0.19849,0.2083,0.22362,0.2419,0.26401,0.28977,0.31636,0.34796,0.38856,0.43593,0.4927
0,0.056854,0.11853,0.18301,0.23413,0.33957,0.4705,0.56892,0.63904,0.63883,0.6482,0.67014,0.65433,0.6187,0.61628,0.65308,0.69807,0.74966,0.78789,0.8105,0.80793
0,0.047252,0.094286,0.15545,0.21576,0.24196,0.26102,0.26372,0.25444,0.24932,0.24606,0.24651,0.25604,0.27313,0.29143,0.3083,0.32161,0.32846,0.33551,0.34506,0.35707
0,0.10062,0.21098,0.33099,0.44929,0.57763,0.69505,0.76772,0.8029,0.84965,0.91174,0.9497,0.97777,1.0281,1.0331,1.0336,1.173,1.3167,1.3753,1.3553,1.2588
0,0.16129,0.33516,0.5129,0.68023,0.82974,0.94042,0.99956,0.98818,0.9528,0.94166,0.98234,1.0295,1.078,1.1332,1.1802,1.2594,1.3711,1.4822,1.5835,1.6652
0,0.20182,0.3636,0.49408,0.62948,0.68035,0.68743,0.69463,0.67301,0.64341,0.63946,0.66054,0.68392,0.70661,0.72405,0.74607,0.77371,0.80043,0.82141,0.8411,0.8631
0,0.091668,0.19162,0.2995,0.3972,0.48713,0.56206,0.62092,0.60929,0.61601,0.55341,0.49714,0.47895,0.48678,0.49868,0.50038,0.51255,0.53279,0.56111,0.58676,0.62067
0,0.070665,0.142,0.22105,0.31676,0.44941,0.49088,0.47745,0.50191,0.48511,0.4705,0.50178,0.5522,0.59013,0.6197,0.6459,0.66986,0.6958,0.73403,0.77907,0.83135
0,0.10812,0.20703,0.28105,0.36538,0.50072,0.54674,0.58318,0.62725,0.65171,0.65596,0.72396,0.77727,0.79953,0.82013,0.83574,0.85951,0.8805,0.9133,0.91267,0.88207
0,0.12114,0.26042,0.38736,0.47922,0.54968,0.61414,0.66408,0.68064,0.67621,0.66066,0.65019,0.67165,0.70871,0.74591,0.77612,0.80563,0.82516,0.85594,0.89642,0.94006
0,0.099734,0.19586,0.28923,0.37929,0.46092,0.53448,0.57118,0.58508,0.60218,0.6026,0.59481,0.59968,0.62968,0.70873,0.79526,0.89285,1.0001,1.0835,1.1444,1.2071
0,0.057948,0.13143,0.22909,0.2333,0.21705,0.24131,0.26426,0.28005,0.29477,0.30962,0.32483,0.3429,0.3632,0.38808,0.41616,0.4441,0.46648,0.4859,0.50384,0.52164
0,0.080385,0.1834,0.25225,0.31176,0.34143,0.33384,0.33641,0.3694,0.46723,0.48257,0.41674,0.43013,0.4808,0.43272,0.45067,0.48583,0.54057,0.62175,0.72349,0.82652
0,0.078217,0.14889,0.20603,0.24748,0.32103,0.39095,0.44816,0.4857,0.4823,0.48611,0.51971,0.55027,0.58021,0.61958,0.64994,0.67674,0.70271,0.7328,0.76935,0.80744
0,0.067686,0.13178,0.17974,0.23221,0.27478,0.31322,0.35201,0.38511,0.42474,0.46045,0.48231,0.51985,0.55506,0.54747,0.64541,0.70532,0.74706,0.81148,0.91847,1.063
0,0.11762,0.2369,0.35358,0.46838,0.56748,0.6296,0.66215,0.66319,0.67136,0.6705,0.68836,0.70283,0.72848,0.81825,0.95958,1.0386,1.061,1.0802,1.1121,1.1643
0,0.15758,0.3358,0.48283,0.62021,0.72239,0.7599,0.75202,0.74776,0.74476,0.76596,0.78152,0.79147,0.82566,0.85073,0.88903,0.91668,0.9432,0.96192,1.0035,1.0645
0,0.20012,0.26931,0.30337,0.33704,0.38494,0.43631,0.4939,0.54007,0.59125,0.64076,0.6859,0.72274,0.75795,0.79174,0.83456,0.88798,0.95771,1.0354,1.1202,1.2103
0,0.21817,0.23324,0.28632,0.45647,0.57756,0.67284,0.73839,0.79599,0.83258,0.86368,0.89429,0.91757,0.93987,0.95095,0.94568,0.92563,0.92289,0.91911,0.92193,0.92597
0,0.095994,0.19638,0.29215,0.39667,0.52668,0.73719,0.83528,0.70106,0.73231,0.75892,0.75861,0.72763,0.7203,0.72437,0.7311,0.7512,0.779,0.82016,0.8674,0.9258
0,0.40451,0.81191,1.0066,1.1061,1.1785,1.2245,1.2599,1.2804,1.297,1.3127,1.3332,1.3655,1.3992,1.44,1.4889,1.543,1.6035,1.6644,1.7249,1.7847
0,0.08396,0.16804,0.23659,0.32261,0.35756,0.3593,0.40534,0.4409,0.47235,0.49503,0.50724,0.51135,0.52035,0.53674,0.55624,0.57292,0.58689,0.60521,0.62993,0.66304
0,0.053137,0.10406,0.15665,0.2112,0.2626,0.30867,0.33692,0.34253,0.33195,0.32403,0.33814,0.38428,0.45072,0.52666,0.57022,0.60819,0.6223,0.65057,0.68133,0.72193
0,0.064366,0.1403,0.23707,0.31511,0.37996,0.4454,0.50727,0.55707,0.57674,0.59267,0.62537,0.67806,0.70258,0.7211,0.73801,0.77147,0.83296,0.89834,0.95991,1.0148
0,0.078202,0.1544,0.21502,0.24828,0.24434,0.24694,0.26147,0.30143,0.3619,0.44042,0.51162,0.57045,0.61864,0.67731,0.74281,0.79925,0.83334,0.85114,0.87011,0.91407
0,0.11141,0.19266,0.28206,0.34541,0.38199,0.39395,0.40138,0.41023,0.43253,0.45996,0.48806,0.51061,0.53048,0.5535,0.57916,0.60733,0.63555,0.66484,0.69511,0.72635
0,0.048927,0.10401,0.1693,0.25232,0.32375,0.33826,0.32153,0.32124,0.3435,0.37798,0.42038,0.45846,0.49728,0.54476,0.59405,0.64811,0.70238,0.75566,0.80793,0.86254
0,0.15357,0.24093,0.33126,0.41849,0.50423,0.58035,0.64103,0.67072,0.67028,0.64514,0.61735,0.62216,0.65064,0.67732,0.70211,0.74099,0.75526,0.74794,0.72335,0.70606
0,0.10853,0.23165,0.35786,0.44904,0.57226,0.6207,0.72512,0.8209,0.83788,0.88998,0.89968,0.96233,1.0673,1.1938,1.3068,1.3943,1.4905,1.6127,1.7501,1.8799
0,0.056906,0.10566,0.15487,0.21168,0.28082,0.32193,0.34612,0.37538,0.40426,0.43469,0.47702,0.52536,0.57367,0.61923,0.64538,0.63383,0.63018,0.64876,0.65072,0.63299
0,0.11458,0.19429,0.26542,0.34886,0.42413,0.50354,0.56542,0.60387,0.60585,0.58356,0.58092,0.58816,0.57994,0.56669,0.54189,0.53223,0.54551,0.59804,0.67282,0.76824
0,0.041973,0.11294,0.099649,0.11499,0.14314,0.14826,0.16302,0.17749,0.19872,0.22007,0.23775,0.23904,0.23724,0.24295,0.26127,0.28926,0.30977,0.33096,0.3481,0.35849
0,0.06101,0.11053,0.16076,0.21475,0.2735,0.3205,0.36066,0.40021,0.44362,0.48089,0.49274,0.48873,0.50089,0.49431,0.50886,0.56443,0.64498,0.73034,0.81989,0.88244
0,0.094219,0.187,0.28341,0.37099,0.41378,0.45556,0.48992,0.51719,0.55586,0.60963,0.66539,0.66438,0.65956,0.67976,0.70432,0.75377,0.84395,0.90702,0.91928,0.93507
0,0.056235,0.11138,0.15485,0.20217,0.25065,0.29974,0.33606,0.37298,0.41639,0.44191,0.48611,0.54263,0.60001,0.65312,0.70547,0.74845,0.78316,0.81501,0.85264,0.90083
0,0.10616,0.20491,0.30054,0.39287,0.4919,0.60473,0.70534,0.79662,0.87706,0.92171,0.96233,0.95092,0.93062,0.93517,1.0095,1.1242,1.2041,1.2423,1.265,1.2986
0,0.11181,0.24377,0.4307,0.59121,0.7191,0.83328,0.91067,0.94913,0.9654,0.99811,1.0345,1.0654,1.0366,1.0215,1.0664,1.1669,1.2928,1.4095,1.5242,1.6335
0,0.10716,0.21497,0.25837,0.32981,0.38921,0.45141,0.49613,0.54448,0.61199,0.67838,0.68841,0.71185,0.71729,0.72582,0.77047,0.83517,0.92428,1.0189,1.117,1.221
0,0.082377,0.16636,0.22125,0.26298,0.31093,0.37233,0.42185,0.49176,0.5191,0.5421,0.58441,0.60486,0.61033,0.61574,0.618,0.60566,0.62383,0.69291,0.78853,0.89964
0,0.089682,0.17811,0.26697,0.36484,0.47033,0.54904,0.60211,0.65765,0.72832,0.78222,0.81782,0.80302,0.82564,0.91921,1.0313,1.0784,1.0628,1.0425,1.0278,1.0538
0,0.1227,0.29088,0.33528,0.4306,0.52828,0.59831,0.65368,0.70015,0.71852,0.71199,0.71323,0.75642,0.77267,0.80782,0.82125,0.84803,0.8853,0.92644,0.97309,1.0435
0,0.072108,0.14106,0.20809,0.27798,0.34456,0.40781,0.4706,0.5365,0.60186,0.66904,0.72957,0.78285,0.81943,0.86265,0.93743,1.0222,1.1249,1.1295,1.0564,1.0562
0,0.10563,0.21858,0.34421,0.50053,0.70114,0.8677,0.92908,0.98254,1.0816,1.0771,1.0288,0.9876,0.98432,1.005,1.0339,1.0506,1.0755,1.1183,1.183,1.2624
0,0.07355,0.15205,0.23942,0.33234,0.43293,0.5562,0.66508,0.66614,0.66196,0.69214,0.76452,0.85224,0.97576,1.1082,1.1972,1.2602,1.3055,1.3415,1.3988,1.4844
0,0.11035,0.22915,0.35742,0.48928,0.60582,0.7049,0.79048,0.88155,0.92152,1.0205,1.0818,1.1364,1.2241,1.2823,1.3043,1.3074,1.3127,1.3414,1.389,1.434
0,0.077437,0.14918,0.22006,0.28857,0.35271,0.42088,0.49721,0.58619,0.67994,0.7668,0.78003,0.74133,0.72477,0.7039,0.70812,0.73957,0.80308,0.86004,0.91699,0.98702
0,0.080852,0.162,0.24074,0.32594,0.42124,0.53185,0.66423,0.79385,0.90117,0.94103,1.0007,0.94702,0.88073,0.88392,0.88066,0.87432,0.85318,0.81696,0.78969,0.78982
0,0.047013,0.098631,0.15659,0.21467,0.27213,0.32435,0.37597,0.42728,0.4797,0.5311,0.57625,0.62209,0.66959,0.6998,0.6973,0.68529,0.68008,0.7051,0.74764,0.79009
0,0.10976,0.21966,0.32346,0.41944,0.53619,0.67616,0.7563,0.78392,0.78201,0.75209,0.75009,0.79512,0.87109,0.94273,1.0099,1.0773,1.1335,1.1598,1.1904,1.244
0,0.11376,0.22916,0.31297,0.27695,0.30067,0.35495,0.43192,0.51942,0.58603,0.64437,0.69147,0.73253,0.77884,0.83606,0.89709,0.95799,1.0163,1.0694,1.1139,1.1516
0,0.060268,0.12373,0.1765,0.24165,0.29563,0.24684,0.23054,0.228,0.22925,0.22992,0.23057,0.24676,0.29791,0.36528,0.43101,0.47932,0.50797,0.5251,0.53236,0.54143
0,0.11434,0.19415,0.20743,0.25699,0.30778,0.37308,0.43042,0.48778,0.54474,0.57065,0.58797,0.60417,0.62276,0.64842,0.67213,0.68229,0.69333,0.71366,0.74653,0.78559
0,0.033471,0.066695,0.099768,0.13034,0.16142,0.19877,0.24391,0.29224,0.31196,0.34556,0.36217,0.37648,0.38958,0.4036,0.41678,0.4291,0.44212,0.45904,0.48408,0.51817
0,0.13011,0.26694,0.4009,0.52746,0.64085,0.72858,0.78882,0.76319,0.75913,0.80682,0.85897,0.88485,0.89295,0.87908,0.86258,0.86062,0.88402,0.92491,0.9978,1.078
0,0.068046,0.13799,0.20682,0.27287,0.33162,0.38818,0.44019,0.4945,0.53245,0.5861,0.61414,0.62173,0.64903,0.68024,0.73059,0.80715,0.86724,0.90409,0.87418,0.87523
0,0.15045,0.29857,0.44875,0.60445,0.7711,0.91438,0.99076,1.005,0.98986,0.96988,0.98563,1.0173,1.0339,1.0665,1.0678,1.0804,1.0952,1.1164,1.1627,1.2261
0,0.10906,0.23142,0.28699,0.32097,0.35328,0.3802,0.41075,0.44777,0.48671,0.52538,0.56043,0.59828,0.69748,0.86265,0.89605,0.91844,0.92698,0.90943,0.92701,0.96711
0,0.15185,0.3108,0.46705,0.60905,0.75137,0.85346,0.88556,0.81728,0.80822,0.81496,0.827,0.83925,0.85639,0.87304,0.87614,0.89295,0.92659,0.97982,1.0419,1.1025
0,0.12146,0.23448,0.33675,0.43597,0.53788,0.62741,0.70583,0.78694,0.91648,1.068,1.1594,1.1708,1.2392,1.2565,1.2503,1.243,1.2566,1.293,1.3456,1.4038
0,0.053987,0.1072,0.15152,0.19382,0.24264,0.29941,0.37383,0.46832,0.54054,0.5507,0.5162,0.52004,0.53131,0.53923,0.54538,0.55014,0.57912,0.63937,0.70907,0.79422
0,0.055915,0.11649,0.16151,0.20752,0.24476,0.27513,0.30235,0.31379,0.31101,0.3033,0.30141,0.30578,0.31226,0.31931,0.33309,0.36312,0.40777,0.4515,0.49675,0.54203
0,0.15266,0.14449,0.23683,0.31543,0.3573,0.3915,0.41889,0.45388,0.48318,0.50597,0.52482,0.54656,0.57019,0.59339,0.61397,0.63007,0.64445,0.65637,0.66685,0.67991
0,0.14577,0.26349,0.39845,0.35712,0.34692,0.39636,0.41711,0.42501,0.42623,0.42904,0.44463,0.4695,0.5144,0.57116,0.63675,0.70323,0.76617,0.82707,0.8934,0.96088
0,0.080554,0.1467,0.18392,0.21508,0.24388,0.26796,0.28812,0.30416,0.31826,0.33099,0.34379,0.35787,0.37308,0.3897,0.40781,0.4282,0.45278,0.47999,0.51003,0.54172
0,0.10073,0.14934,0.20089,0.26151,0.3276,0.38206,0.41198,0.41874,0.41843,0.41716,0.42203,0.42716,0.43755,0.456,0.47472,0.48895,0.5044,0.51846,0.53852,0.56323
0,0.082418,0.16725,0.25495,0.33865,0.41313,0.47635,0.53068,0.57752,0.62922,0.68843,0.71196,0.72765,0.72667,0.75025,0.80578,0.86711,0.92886,0.9904,1.0231,1.0513
0,0.11981,0.26565,0.43748,0.65043,0.87499,0.95322,0.91018,0.86439,0.80976,0.83256,0.89872,0.93259,0.94213,0.98779,1.0442,1.0887,1.0936,1.1155,1.1528,1.2105
0,0.21389,0.16371,0.20918,0.2457,0.28325,0.31759,0.3476,0.38206,0.42921,0.48897,0.49645,0.49448,0.50923,0.50959,0.49837,0.50946,0.53226,0.55698,0.60914,0.69788
0,0.052321,0.10617,0.1073,0.15078,0.19382,0.19793,0.21112,0.22229,0.23957,0.25991,0.28508,0.31303,0.34726,0.37876,0.41976,0.45374,0.4816,0.51186,0.53563,0.55713
0,0.063482,0.12443,0.18676,0.25119,0.31898,0.38185,0.43464,0.48207,0.53958,0.59878,0.65595,0.68852,0.73391,0.75921,0.75899,0.78124,0.76658,0.77891,0.79771,0.80932
0,0.095591,0.19195,0.28655,0.39094,0.5282,0.6374,0.6538,0.59002,0.60597,0.61546,0.61962,0.6186,0.61571,0.62044,0.62295,0.65211,0.67002,0.68795,0.73221,0.7767
0,0.08092,0.16172,0.23577,0.30264,0.3633,0.42329,0.49033,0.55408,0.60345,0.6272,0.66445,0.71368,0.77202,0.8198,0.85548,0.93027,1.003,1.0524,0.99216,0.95168
0,0.11465,0.23473,0.36004,0.48304,0.59752,0.74362,0.9101,1.034,1.06,1.0689,1.0549,1.0682,1.062,1.0837,1.1062,1.1178,1.1208,1.1139,1.1087,1.1241
0,0.089585,0.17654,0.24854,0.29694,0.32025,0.34317,0.36352,0.38504,0.42477,0.46601,0.51016,0.55511,0.60998,0.65532,0.70226,0.74829,0.79991,0.87548,0.95368,1.0671
0,0.29931,0.52678,0.66348,0.66651,0.64669,0.68579,0.71876,0.75304,0.78487,0.81106,0.83977,0.87548,0.90414,0.9233,0.93459,0.94001,0.94621,0.95511,0.96611,0.98697
0,0.081582,0.1593,0.23229,0.29695,0.35667,0.41421,0.47664,0.55564,0.62566,0.69664,0.78766,0.78477,0.85889,0.93962,1.0393,1.1348,1.2171,1.2875,1.3632,1.4383
0,0.084168,0.17828,0.27218,0.35437,0.41745,0.45817,0.50514,0.53188,0.54379,0.53753,0.53274,0.535,0.55918,0.59941,0.62695,0.63765,0.63949,0.65721,0.7082,0.7961
0,0.083306,0.15817,0.22067,0.2855,0.34301,0.36992,0.35417,0.34487,0.34951,0.35448,0.35583,0.38063,0.40338,0.41894,0.42246,0.4225,0.42088,0.42531,0.44516,0.48851
0,0.1657,0.27763,0.37242,0.47491,0.55763,0.62248,0.69094,0.7562,0.82392,0.88806,0.94852,1,1.0421,1.0822,1.1242,1.1694,1.2191,1.2726,1.3251,1.3867
0,0.13951,0.28411,0.4177,0.54647,0.56631,0.53302,0.57675,0.65275,0.70777,0.76541,0.83668,0.9065,0.96492,1.0161,1.0614,1.0989,1.1338,1.1661,1.1979,1.2249
0,0.11565,0.23097,0.3518,0.46179,0.55737,0.61252,0.62849,0.63128,0.67067,0.70635,0.71751,0.74568,0.78449,0.83951,0.89994,0.96873,1.0425,1.1122,1.169,1.2187
0,0,0,0,0,0,0,0,0,0,0,0,0,0,0,0,0,0,0,0,0
0,0.1239,0.22251,0.30044,0.35545,0.42965,0.47145,0.49434,0.50977,0.51332,0.50961,0.49719,0.48925,0.48958,0.49912,0.51307,0.52868,0.54176,0.55506,0.56894,0.59993
0,0.12861,0.25287,0.37069,0.48145,0.57087,0.66761,0.74491,0.78206,0.82095,0.84334,0.85347,0.84445,0.81667,0.79817,0.80331,0.84131,0.89212,0.92639,0.9719,1.0314
0,0.10057,0.19918,0.30769,0.41125,0.51742,0.63117,0.7594,0.8915,1.0058,1.0904,1.1499,1.1837,1.207,1.2385,1.2243,1.2053,1.2007,1.2048,1.2075,1.2112
0,0.09237,0.18722,0.28756,0.39155,0.4848,0.59031,0.66916,0.70449,0.67306,0.64628,0.64717,0.65994,0.66844,0.68425,0.70553,0.72245,0.74892,0.77872,0.81497,0.85879
0,0.57191,0.4167,0.45245,0.51641,0.56626,0.59823,0.6305,0.66733,0.7018,0.73307,0.75864,0.78328,0.80345,0.81986,0.83313,0.84659,0.8621,0.8798,0.90248,0.92954
0,0.11169,0.17251,0.21291,0.25102,0.28515,0.32153,0.35701,0.3962,0.43266,0.47144,0.50474,0.52459,0.52021,0.52602,0.5435,0.56235,0.58937,0.61205,0.62074,0.60603
0,0.09539,0.20148,0.30032,0.36872,0.41538,0.45721,0.47509,0.53396,0.62795,0.69677,0.78181,0.76289,0.70503,0.67014,0.65007,0.65085,0.65685,0.66915,0.69783,0.75029
0,0.078024,0.15527,0.25736,0.28926,0.34768,0.38451,0.42382,0.44317,0.45853,0.47113,0.48587,0.49815,0.51262,0.52861,0.54215,0.56586,0.5918,0.61533,0.6455,0.67697
0,0.11682,0.24319,0.37597,0.54967,0.74619,0.91854,1.0511,1.1272,1.163,1.1759,1.1783,1.2111,1.1936,1.183,1.2194,1.294,1.4422,1.6074,1.7781,1.9526
0,0.050148,0.10323,0.15434,0.20481,0.26935,0.33883,0.41245,0.47507,0.52926,0.57224,0.61495,0.65983,0.65164,0.604,0.59486,0.59418,0.62216,0.64532,0.68128,0.72709
0,0.065728,0.12811,0.18632,0.24155,0.29766,0.35508,0.41572,0.48261,0.60028,0.63441,0.62157,0.609,0.61268,0.62324,0.63854,0.66566,0.69108,0.71867,0.7445,0.78925
0,0.087936,0.2033,0.30844,0.34688,0.36586,0.39998,0.43006,0.45394,0.48432,0.51416,0.54189,0.55881,0.57414,0.5887,0.60687,0.63034,0.66153,0.69222,0.72678,0.7596
0,0.1389,0.31526,0.53829,0.79522,1.0455,1.191,1.2605,1.2055,1.117,1.0662,1.0328,1.051,1.105,1.1541,1.194,1.2344,1.2761,1.3336,1.4114,1.4969
0,0.081872,0.14044,0.17889,0.20895,0.28414,0.37152,0.38503,0.37258,0.3579,0.36564,0.36968,0.36885,0.38073,0.40798,0.45975,0.52721,0.60594,0.67556,0.74322,0.80412
0,0.099714,0.20072,0.29639,0.39024,0.48292,0.56759,0.64251,0.71438,0.79825,0.91101,1.0886,1.2787,1.3153,1.2726,1.296,1.3189,1.3164,1.3238,1.3429,1.3693
0,0.13195,0.27961,0.41735,0.52354,0.64482,0.75712,0.82853,0.83545,0.83778,0.8487,0.84495,0.85774,0.90267,0.97631,1.0838,1.2334,1.3984,1.526,1.618,1.6737
0,0.12919,0.26008,0.40759,0.53585,0.60819,0.6651,0.72603,0.75622,0.82188,0.92349,0.96026,0.96945,0.97906,1.0087,1.0367,1.0403,1.0532,1.1149,1.2159,1.3434
0,0.08328,0.16527,0.24583,0.31142,0.36544,0.40763,0.43649,0.45985,0.46137,0.46774,0.48529,0.49512,0.51616,0.55577,0.6029,0.64908,0.70684,0.76175,0.81072,0.85284
0,0.11189,0.21236,0.30687,0.39333,0.46863,0.52622,0.57539,0.62469,0.67796,0.71094,0.73386,0.74067,0.7238,0.70674,0.68475,0.68042,0.69038,0.71545,0.72888,0.72751
0,0.13389,0.26987,0.40094,0.53025,0.59666,0.58409,0.59197,0.62067,0.65392,0.6867,0.72264,0.77151,0.82384,0.87514,0.92527,0.97641,1.0108,1.0423,1.0744,1.1434
0,0.080171,0.16446,0.24639,0.31473,0.3343,0.38563,0.38635,0.33153,0.30119,0.34552,0.44462,0.54552,0.63595,0.69369,0.72664,0.74073,0.74881,0.75326,0.76077,0.77005
0,0.067472,0.13487,0.19672,0.26541,0.3374,0.34308,0.40524,0.46901,0.50276,0.50526,0.52574,0.56524,0.61923,0.6824,0.74328,0.80019,0.85661,0.91239,0.97194,1.0253
0,0.14945,0.30941,0.4775,0.65946,0.84614,1.0047,1.1816,1.3414,1.4072,1.4075,1.3879,1.3599,1.3435,1.3117,1.3204,1.35,1.3968,1.4616,1.5307,1.5958
0,0.05202,0.10244,0.1526,0.20288,0.25353,0.30322,0.35584,0.40737,0.4577,0.5057,0.5504,0.60048,0.63917,0.66355,0.67319,0.72235,0.82064,0.97022,1.1339,1.0286
0,0.14554,0.28771,0.2635,0.2569,0.26734,0.29364,0.31983,0.34544,0.37905,0.41998,0.45865,0.49117,0.52712,0.55852,0.58796,0.61809,0.65202,0.69736,0.74976,0.8065
0,0.070837,0.13767,0.19764,0.25563,0.32272,0.37479,0.44347,0.52505,0.60656,0.67833,0.68809,0.68072,0.67794,0.67185,0.6428,0.62438,0.62774,0.66363,0.73091,0.82556
0,0.063102,0.1292,0.20253,0.23829,0.26952,0.31006,0.31255,0.31532,0.32484,0.34136,0.35083,0.35805,0.37009,0.38833,0.39132,0.39109,0.40256,0.41653,0.44234,0.49178
0,0.025059,0.056833,0.08263,0.096733,0.1208,0.155,0.17918,0.18529,0.18808,0.19368,0.1998,0.19969,0.20463,0.2143,0.22651,0.24062,0.25655,0.27385,0.29265,0.31165
0,0.10822,0.24851,0.34202,0.45377,0.50905,0.5382,0.54801,0.54911,0.55316,0.55509,0.55623,0.55473,0.54745,0.54411,0.54531,0.54251,0.54344,0.56024,0.58538,0.61503
0,0.050304,0.10534,0.14666,0.20186,0.28681,0.32296,0.31848,0.31157,0.30677,0.30031,0.30041,0.31418,0.3368,0.3639,0.39868,0.43239,0.45581,0.47344,0.50003,0.5321
0,0.081651,0.15043,0.23404,0.31901,0.4061,0.47973,0.55228,0.61537,0.67696,0.74309,0.80397,0.86559,0.91582,0.93824,0.95089,0.95299,0.89478,0.89225,0.90873,0.90177
0,0.10015,0.19724,0.28816,0.37556,0.45933,0.53687,0.61296,0.68135,0.73593,0.78752,0.84698,0.86335,0.85523,0.88326,0.94328,1.0047,1.0434,1.015,0.97851,1.0062
0,0.089235,0.20274,0.36729,0.4833,0.40174,0.40188,0.48542,0.58941,0.67198,0.72089,0.74847,0.76465,0.77904,0.79054,0.8012,0.81317,0.82625,0.84569,0.86323,0.88759
0,0.098111,0.18891,0.2732,0.35035,0.42337,0.51435,0.58257,0.62101,0.64467,0.67011,0.70107,0.70724,0.71058,0.70019,0.68482,0.69919,0.76422,0.87407,1.0062,1.1662
0,0.10454,0.21302,0.32266,0.40917,0.44582,0.46232,0.52581,0.60425,0.63501,0.68172,0.72285,0.74006,0.75828,0.79016,0.82522,0.86334,0.91939,0.9955,1.0761,1.1739
0,0.12485,0.27011,0.28039,0.29344,0.3226,0.36186,0.41488,0.46362,0.49971,0.54461,0.60042,0.65659,0.70323,0.74307,0.771,0.78409,0.78589,0.78363,0.78698,0.80339
0,0.084336,0.17057,0.22899,0.26956,0.29977,0.32453,0.34866,0.3787,0.41606,0.44385,0.46814,0.51924,0.54043,0.56037,0.59325,0.64487,0.70186,0.75583,0.81381,0.87606
0,0.081845,0.16947,0.2747,0.38289,0.4914,0.60159,0.68446,0.75549,0.81529,0.87692,0.94846,0.97316,1.0152,1.0902,1.1553,1.1721,1.1736,1.1542,1.1537,1.1687
0,0.12363,0.25299,0.394,0.53794,0.64732,0.73404,0.79327,0.80315,0.82349,0.83665,0.83695,0.85068,0.8713,0.87766,0.87451,0.89234,0.92393,0.97026,1.0358,1.1143
0,0.068056,0.14202,0.21904,0.31662,0.44696,0.65831,0.94286,0.93331,0.90281,0.87297,0.85405,0.83487,0.81779,0.81522,0.83004,0.85924,0.88245,0.90531,0.92659,0.93892
0,0.084975,0.17204,0.25443,0.33057,0.39985,0.46556,0.5252,0.58034,0.6282,0.67311,0.6992,0.68269,0.64073,0.6479,0.6258,0.65248,0.69881,0.74556,0.75852,0.77867
0,0.15587,0.31958,0.49915,0.59053,0.66755,0.67378,0.68098,0.7266,0.78737,0.85842,0.90167,0.9897,1.1109,1.2506,1.4201,1.5795,1.686,1.819,1.9431,2.0684
0,0.080014,0.086746,0.10102,0.1154,0.13887,0.16083,0.17819,0.2056,0.23191,0.25375,0.27604,0.291,0.30411,0.31669,0.33234,0.34664,0.36825,0.39461,0.42699,0.46796
0,0.18866,0.34878,0.4705,0.58957,0.62924,0.68106,0.75764,0.84448,0.91054,0.97763,1.0506,1.1194,1.1766,1.226,1.2637,1.2948,1.3254,1.3593,1.3947,1.4308
0,0.11963,0.25423,0.41857,0.61997,0.75647,0.81468,0.82885,0.87609,0.91907,0.94606,0.97862,1.019,1.0595,1.0936,1.1031,1.1141,1.1265,1.1441,1.1488,1.1598
0,0.053995,0.10913,0.16486,0.22501,0.26447,0.30257,0.29869,0.33186,0.37538,0.43892,0.50451,0.58101,0.67048,0.75352,0.82124,0.85937,0.87874,0.90028,0.92813,0.95845
0,0.075606,0.17634,0.31047,0.39644,0.46586,0.4672,0.4898,0.5013,0.5396,0.59074,0.61199,0.64287,0.66962,0.69339,0.69815,0.70215,0.70506,0.70614,0.69579,0.6948
0,0.15362,0.29576,0.40961,0.50718,0.53768,0.55555,0.61003,0.68258,0.76928,0.83579,0.88754,0.93928,1.0061,1.0632,1.1223,1.1675,1.2059,1.2436,1.2843,1.3296
0,0.1447,0.25683,0.38678,0.51678,0.65039,0.68859,0.77403,0.85272,0.91109,0.95078,0.99551,1.0319,1.0778,1.1439,1.2097,1.2686,1.3153,1.3552,1.4017,1.459
0,0.079341,0.16574,0.25894,0.35809,0.46094,0.57373,0.69718,0.82841,0.92646,1.0023,1.0271,1.0686,1.1583,1.1469,1.1194,1.1074,1.1259,1.1429,1.1591,1.1823
0,0.10492,0.1649,0.22442,0.28467,0.34421,0.40347,0.46064,0.49747,0.52158,0.52522,0.5184,0.52096,0.53079,0.53652,0.53571,0.5426,0.56076,0.57072,0.57535,0.58593
0,0.1233,0.26612,0.36999,0.3298,0.36352,0.41024,0.42291,0.44263,0.46957,0.50134,0.52552,0.54415,0.54836,0.54968,0.55901,0.5752,0.59768,0.6267,0.66444,0.70565
0,0.084485,0.15895,0.22872,0.29588,0.38183,0.48762,0.59498,0.67888,0.75,0.79375,0.82003,0.83979,0.8334,0.81891,0.83207,0.87129,0.89275,0.87075,0.81008,0.7475
0,0.081236,0.16023,0.24918,0.3258,0.3921,0.4326,0.49049,0.51121,0.55052,0.57803,0.61064,0.64799,0.68457,0.71023,0.73423,0.74942,0.73152,0.72071,0.71849,0.76972
0,0.074181,0.14847,0.21828,0.28473,0.34647,0.40949,0.46571,0.49369,0.5196,0.54825,0.55647,0.54349,0.55055,0.56633,0.56111,0.5636,0.56828,0.55894,0.54912,0.546
0,0.13226,0.27044,0.40831,0.58662,0.7838,0.96394,1.0287,1.0824,1.1183,1.1718,1.2366,1.2607,1.2411,1.1955,1.1731,1.1877,1.2251,1.2862,1.3446,1.4072
0,0.10372,0.21353,0.33479,0.46621,0.55904,0.55689,0.55456,0.54688,0.5426,0.53456,0.51731,0.52924,0.5511,0.56839,0.57755,0.58531,0.59564,0.60477,0.61841,0.64815
0,0.10243,0.19943,0.29708,0.39719,0.49195,0.58097,0.66018,0.73811,0.79807,0.82099,0.83178,0.85607,0.87964,0.89816,0.88429,0.92712,1.0037,1.0923,1.2393,1.3948
0,0.12737,0.24561,0.34196,0.39013,0.38442,0.37236,0.38,0.39429,0.42592,0.47456,0.52162,0.5582,0.56942,0.58834,0.63091,0.66338,0.68765,0.74519,0.83966,1.0071
0,0.070868,0.14637,0.22307,0.32004,0.37378,0.44041,0.52355,0.64193,0.81085,0.9244,0.92972,0.90764,0.86554,0.83993,0.81477,0.79429,0.77326,0.75841,0.74327,0.7326
0,0.091676,0.20934,0.35871,0.31753,0.29851,0.33399,0.39311,0.4569,0.52635,0.59207,0.65479,0.72071,0.78731,0.84237,0.88231,0.90456,0.91951,0.9373,0.9555,0.97486
0,0.12112,0.25418,0.39143,0.52493,0.63062,0.59077,0.54227,0.49989,0.45175,0.44506,0.44358,0.43994,0.44068,0.44281,0.44253,0.44798,0.46645,0.49178,0.52204,0.55739
0,0.047842,0.071822,0.097596,0.12247,0.14791,0.16866,0.19638,0.23056,0.26207,0.28864,0.31105,0.32812,0.35112,0.37397,0.39548,0.41525,0.4305,0.44261,0.4588,0.48011
0,0.09794,0.2011,0.31859,0.46006,0.58255,0.67033,0.69089,0.72202,0.76218,0.79471,0.83457,0.87517,0.90358,0.94779,0.99927,1.0667,1.1153,1.122,1.1355,1.1619
0,0.10547,0.24115,0.38486,0.47685,0.48674,0.50265,0.56134,0.60103,0.64995,0.70583,0.7624,0.81111,0.86182,0.89967,0.93198,0.96574,0.99983,1.0352,1.0716,1.1114
0,0.076619,0.17828,0.28557,0.34362,0.37267,0.39592,0.43889,0.48453,0.51652,0.55382,0.60692,0.67269,0.68552,0.63359,0.62436,0.64002,0.66008,0.7163,0.81106,0.92918
0,0.10739,0.23636,0.39648,0.41481,0.42972,0.28809,0.34483,0.39507,0.42046,0.44105,0.46573,0.47823,0.48472,0.48569,0.49164,0.5043,0.52021,0.53986,0.56554,0.59637
0,0.14381,0.23271,0.29403,0.3317,0.36452,0.39468,0.41989,0.44622,0.46849,0.47942,0.48593,0.48893,0.48539,0.46966,0.45683,0.46377,0.49171,0.5528,0.62884,0.70033
0,0.078703,0.16931,0.27408,0.35393,0.44676,0.50978,0.55541,0.59934,0.65318,0.71343,0.77661,0.83703,0.9023,0.96605,1.028,1.0854,1.1384,1.1897,1.2327,1.2671
0,0.13622,0.23579,0.33574,0.34948,0.37568,0.44592,0.52679,0.57534,0.62217,0.6626,0.6958,0.71864,0.74223,0.76174,0.77819,0.79918,0.83149,0.87061,0.92124,0.98495
0,0.1255,0.25192,0.42378,0.59811,0.70292,0.74025,0.74382,0.77231,0.82337,0.85127,0.89207,0.92894,0.98534,1.044,1.1193,1.1879,1.2426,1.2756,1.2968,1.3163
0,0.09324,0.1855,0.28682,0.39737,0.52061,0.65587,0.83558,1.0681,1.1409,1.1661,1.1461,1.146,1.172,1.166,1.1514,1.1611,1.2196,1.275,1.336,1.3991
0,0.080847,0.17495,0.18959,0.21602,0.24719,0.26355,0.27259,0.2812,0.29823,0.31772,0.33506,0.34198,0.35774,0.39267,0.4375,0.48734,0.53979,0.59,0.64054,0.68969
0,0.11406,0.1887,0.25528,0.3381,0.36877,0.39649,0.4134,0.42503,0.43984,0.4663,0.49257,0.52277,0.55087,0.56918,0.59227,0.61771,0.64118,0.67799,0.71731,0.76111
0,0.12879,0.25714,0.28258,0.3456,0.47224,0.57427,0.68139,0.77932,0.85804,0.89756,0.92959,0.97219,1.0185,1.0723,1.1178,1.153,1.1745,1.1948,1.2168,1.2467
0,0.15692,0.33391,0.43531,0.4391,0.4136,0.42373,0.45366,0.49382,0.49517,0.50376,0.51314,0.52064,0.53681,0.56931,0.60849,0.66086,0.72142,0.7798,0.84104,0.90871
0,0.088843,0.18641,0.33881,0.46004,0.4961,0.49679,0.50806,0.52912,0.55078,0.58833,0.63175,0.68811,0.74884,0.80026,0.84194,0.886,0.93227,0.98618,1.0352,1.0973
0,0.090147,0.16494,0.23632,0.32952,0.39332,0.42569,0.45017,0.44915,0.43534,0.46063,0.4898,0.50713,0.52299,0.53494,0.54294,0.54802,0.58515,0.6722,0.80172,0.95669
0,0.11772,0.2244,0.32396,0.42472,0.54769,0.67633,0.785,0.84713,0.86955,0.90243,0.91713,0.95536,1.0026,1.0151,1.012,1.0061,1.0353,1.1108,1.169,1.2017
0,0.072835,0.16045,0.26781,0.39409,0.52795,0.56212,0.6204,0.60253,0.58077,0.56547,0.57658,0.60764,0.61898,0.63874,0.70398,0.78266,0.88364,0.97831,1.0543,1.123
0,0.084688,0.1614,0.23251,0.29913,0.36329,0.42962,0.51441,0.62661,0.62125,0.60662,0.59363,0.59227,0.596,0.59532,0.59872,0.60783,0.6118,0.61531,0.62322,0.63027
0,0,0,0,0,0,0,0,0,0,0,0,0,0,0,0,0,0,0,0,0
0,0.098527,0.193,0.27902,0.33665,0.38394,0.47322,0.56374,0.61632,0.6542,0.65512,0.65368,0.63749,0.6262,0.63735,0.66614,0.70613,0.7596,0.82115,0.88356,0.94824
0,0.084547,0.17468,0.27015,0.362,0.45521,0.55216,0.66392,0.78799,0.91791,1.0236,1.0861,1.1224,1.1313,1.1193,1.1022,1.1011,1.1092,1.0777,1.0117,0.94212
0,0.092343,0.19294,0.29383,0.38852,0.39228,0.3782,0.38065,0.42102,0.47569,0.52002,0.54533,0.55459,0.56596,0.58181,0.60013,0.62375,0.63767,0.65687,0.67321,0.68974
0,0.049154,0.095609,0.14096,0.18941,0.23911,0.2724,0.30861,0.35182,0.40624,0.45417,0.50881,0.54222,0.53799,0.55567,0.60437,0.67275,0.72993,0.77928,0.82872,0.88624
0,0.11,0.22538,0.35378,0.49737,0.66358,0.82726,1.0022,1.0837,1.0615,1.0586,1.0776,1.0711,1.081,1.1035,1.0928,1.0618,1.0295,1.0024,0.98975,1.0027
0,0.15591,0.33157,0.45182,0.5734,0.69055,0.79441,0.90806,1.0157,1.138,1.2541,1.3155,1.3553,1.3449,1.3441,1.3931,1.4746,1.5555,1.6364,1.7067,1.7863
0,0.058969,0.10885,0.13676,0.20347,0.32345,0.23938,0.26053,0.30475,0.3467,0.38152,0.40094,0.41493,0.43105,0.45297,0.48269,0.51548,0.54696,0.57577,0.6012,0.62603
0,0.069403,0.13739,0.20283,0.26713,0.33923,0.41876,0.50011,0.5645,0.61482,0.65092,0.68433,0.71797,0.75872,0.83463,0.91317,0.93831,1.0028,1.0906,1.1497,1.2181
0,0.085867,0.16417,0.24517,0.31654,0.38252,0.45027,0.5081,0.54087,0.56572,0.59729,0.6236,0.63539,0.65141,0.67843,0.68872,0.686,0.71207,0.74622,0.82417,0.95367
0,0.056919,0.11506,0.17674,0.24203,0.31025,0.36693,0.41486,0.45691,0.50187,0.54707,0.58987,0.62553,0.64658,0.63236,0.61334,0.59079,0.56242,0.52997,0.48999,0.52795
