0,0.0041652,0.0090809,0.012184,0.012705,0.011521,0.010941,0.010399,0.010089,0.010386,0.011049,0.011948,0.012972,0.013795,0.014278,0.015054,0.016996,0.019413,0.022823,0.027071,0.031847
0,0.0033462,0.006051,0.0082018,0.010388,0.013015,0.014842,0.01592,0.017813,0.020123,0.021849,0.023368,0.025239,0.02676,0.028475,0.030963,0.035185,0.040925,0.047107,0.052359,0.056556
0,0.0052464,0.010521,0.015182,0.020011,0.024398,0.027093,0.028888,0.029966,0.030934,0.031788,0.032414,0.033169,0.033802,0.035077,0.03672,0.039164,0.04318,0.047811,0.052169,0.055642
0,0.004989,0.009693,0.014487,0.018704,0.022066,0.024397,0.026044,0.026879,0.026943,0.026312,0.025059,0.0236,0.023486,0.024451,0.026065,0.027368,0.028669,0.030404,0.031891,0.03297
0,0.003584,0.0070828,0.010893,0.015793,0.021117,0.025442,0.027367,0.027368,0.02681,0.026095,0.025345,0.023975,0.02152,0.019317,0.017497,0.016472,0.01685,0.019463,0.024307,0.030175
0,0.0027849,0.0056646,0.0085271,0.01103,0.01315,0.014891,0.01641,0.017682,0.018849,0.019888,0.020868,0.021448,0.021277,0.021161,0.021224,0.021257,0.02206,0.02612,0.035663,0.046572
0,0.0058411,0.011946,0.018371,0.025013,0.029902,0.032503,0.033997,0.034396,0.034687,0.035657,0.037261,0.038455,0.038519,0.038417,0.03968,0.041801,0.043823,0.046183,0.048594,0.050719
0,0.0065873,0.012216,0.017124,0.02219,0.026712,0.030356,0.033219,0.035118,0.035959,0.036002,0.035447,0.034803,0.034631,0.035091,0.037739,0.041192,0.045551,0.050487,0.055852,0.061454
0,0.0052224,0.0107,0.016358,0.022019,0.027008,0.03102,0.034627,0.03745,0.03885,0.038938,0.038446,0.038651,0.038221,0.038132,0.03778,0.037837,0.038176,0.03861,0.039056,0.039842
0,0.0016916,0.003418,0.0048589,0.0061668,0.0074316,0.008398,0.0090334,0.0096011,0.010097,0.010601,0.011082,0.011161,0.011088,0.011402,0.013302,0.016627,0.0203,0.023736,0.026446,0.02877
0,0.004028,0.0082409,0.01226,0.01617,0.019686,0.022178,0.024132,0.025427,0.025601,0.024689,0.023347,0.021421,0.020783,0.02233,0.026166,0.031396,0.038043,0.045004,0.051969,0.058344
0,0.011588,0.020759,0.025624,0.028224,0.029407,0.028915,0.027835,0.02598,0.02354,0.022891,0.024267,0.027688,0.035733,0.045997,0.052938,0.057212,0.060945,0.064486,0.067222,0.069557
0,0.0045568,0.0096031,0.01502,0.018565,0.021232,0.023589,0.024934,0.024482,0.023456,0.022634,0.02203,0.021536,0.021183,0.021019,0.021241,0.022082,0.023672,0.025477,0.027316,0.029652
0,0.0045463,0.0092073,0.014448,0.020316,0.027213,0.029592,0.028648,0.028148,0.028759,0.029585,0.030043,0.030724,0.031548,0.032459,0.033768,0.035489,0.037274,0.039418,0.042107,0.045179
0,0.0023677,0.0045883,0.0066605,0.00867,0.010461,0.011959,0.012787,0.013332,0.013415,0.013214,0.01292,0.012417,0.011921,0.011669,0.011982,0.012959,0.014309,0.016532,0.020091,0.023884
0,0.0037966,0.0078687,0.011818,0.015429,0.01881,0.021582,0.023817,0.026255,0.028509,0.030603,0.03196,0.033577,0.035896,0.037962,0.039457,0.040523,0.041591,0.043254,0.04535,0.047331
0,0.0074576,0.016151,0.0252,0.029988,0.031072,0.031713,0.034147,0.036648,0.038769,0.041108,0.04359,0.04648,0.049941,0.053294,0.056568,0.060003,0.063516,0.06714,0.070546,0.073698
0,0.0059326,0.0098349,0.013834,0.017771,0.02009,0.021531,0.023394,0.024922,0.026285,0.027326,0.027801,0.027907,0.028178,0.029306,0.031744,0.035095,0.039166,0.043444,0.047568,0.050856
0,0.0047285,0.0099015,0.015312,0.021761,0.022655,0.023204,0.022898,0.022957,0.023403,0.024407,0.025754,0.027366,0.029442,0.03171,0.034161,0.03616,0.037879,0.040149,0.043149,0.045803
0,0.0025591,0.00529,0.0083895,0.011501,0.014431,0.017033,0.018503,0.019007,0.019162,0.019491,0.02011,0.020651,0.021503,0.023157,0.024977,0.025409,0.025455,0.026883,0.029268,0.032682
0,0.002324,0.0043935,0.0063359,0.0082342,0.0099056,0.011756,0.013305,0.014673,0.015905,0.017055,0.01782,0.018136,0.018073,0.017811,0.018159,0.019438,0.021002,0.022833,0.025527,0.029679
0,0.0027093,0.0052577,0.0073093,0.0091298,0.010287,0.01075,0.010966,0.01118,0.011844,0.012786,0.013794,0.014941,0.015929,0.016815,0.017512,0.018135,0.018854,0.019973,0.021407,0.023287
0,0.0027326,0.0055953,0.0082454,0.010404,0.012623,0.014842,0.017242,0.019284,0.020718,0.021922,0.023255,0.024345,0.025001,0.025806,0.027624,0.029525,0.030705,0.032734,0.035194,0.037967
0,0.0072394,0.013204,0.018566,0.023726,0.028839,0.033451,0.037074,0.039375,0.041583,0.042829,0.041637,0.040039,0.039147,0.039768,0.040741,0.04217,0.044232,0.045625,0.04768,0.050832
0,0.001708,0.0034221,0.0049994,0.006519,0.0079425,0.0091405,0.010105,0.010733,0.010951,0.010882,0.010876,0.011139,0.011511,0.011994,0.012762,0.013582,0.014512,0.01591,0.018012,0.02045
0,0.0015956,0.0030841,0.0045831,0.0061021,0.007657,0.0088436,0.0099194,0.010769,0.011125,0.011226,0.011305,0.011426,0.012293,0.014067,0.016588,0.019521,0.022489,0.025649,0.029116,0.032478
0,0.0048239,0.009228,0.012512,0.01491,0.01612,0.015527,0.015278,0.015588,0.017293,0.019833,0.022774,0.025183,0.027591,0.030116,0.03294,0.035959,0.039129,0.042283,0.045193,0.047969
0,0.0029378,0.0053871,0.0075297,0.0096201,0.011477,0.013034,0.014385,0.015341,0.015819,0.015549,0.014591,0.01353,0.012454,0.012225,0.013524,0.016048,0.019265,0.023525,0.028508,0.034158
0,0.0058071,0.011535,0.016386,0.020209,0.022012,0.023044,0.024343,0.025245,0.025341,0.024975,0.02455,0.024744,0.025675,0.027334,0.029393,0.031926,0.034712,0.037537,0.040582,0.043648
0,0.0011112,0.0021133,0.002649,0.0027265,0.0029915,0.0034228,0.003703,0.003859,0.0039176,0.0038884,0.003902,0.0039647,0.0042419,0.0048828,0.0056765,0.0064912,0.0075168,0.0087192,0.010107,0.011713
0,0.0023996,0.0043751,0.0060045,0.0074889,0.0088253,0.010225,0.011498,0.012635,0.013515,0.014192,0.014695,0.015005,0.015112,0.015242,0.01541,0.015662,0.016159,0.017422,0.019925,0.023609
0,0.0036869,0.0070199,0.0098743,0.012296,0.014397,0.016139,0.017666,0.018155,0.017937,0.017778,0.017628,0.017991,0.019204,0.021055,0.023203,0.026569,0.030876,0.036338,0.042787,0.048631
0,0.0058494,0.0098252,0.012403,0.015466,0.019293,0.022473,0.02433,0.024994,0.025551,0.025727,0.024715,0.024249,0.025091,0.027253,0.030695,0.033742,0.037407,0.041586,0.045988,0.049589
0,0.0058658,0.010947,0.015362,0.019408,0.023454,0.027371,0.030707,0.03309,0.03473,0.035404,0.035003,0.033276,0.030235,0.026488,0.023779,0.023571,0.027249,0.034762,0.043452,0.051302
0,0.0021743,0.004275,0.0056015,0.0066585,0.0075304,0.0079892,0.0080656,0.0074942,0.007249,0.0078129,0.0087481,0.010228,0.012135,0.014421,0.017474,0.020197,0.022983,0.025746,0.028486,0.030986
0,0.003097,0.0063528,0.008885,0.010748,0.012662,0.014237,0.01566,0.01696,0.018475,0.020526,0.022985,0.026123,0.02977,0.033489,0.038195,0.043787,0.049879,0.055345,0.060319,0.065625
0,0.0038061,0.0075232,0.01107,0.014694,0.017731,0.020379,0.022125,0.022931,0.022965,0.022571,0.022311,0.022798,0.024143,0.026452,0.028668,0.030464,0.031483,0.032018,0.032399,0.033837
0,0.0056318,0.0097873,0.013303,0.016775,0.019933,0.023391,0.027575,0.032156,0.03646,0.039082,0.040384,0.040493,0.04117,0.043361,0.046425,0.049263,0.051243,0.052746,0.053907,0.054785
0,0.0032675,0.0063718,0.0094567,0.012483,0.015236,0.017417,0.018933,0.020323,0.021439,0.021479,0.021185,0.020635,0.019512,0.018946,0.019803,0.021844,0.024718,0.028552,0.032568,0.036543
0,0.0012122,0.002811,0.0051102,0.003937,0.0042958,0.0055462,0.0065654,0.007421,0.008449,0.0093109,0.010103,0.010829,0.011666,0.012539,0.01354,0.014559,0.01556,0.016595,0.017695,0.018919
0,0.0046124,0.010251,0.015474,0.014855,0.012024,0.010934,0.011273,0.012935,0.01492,0.016702,0.018448,0.020584,0.02299,0.025359,0.027715,0.030209,0.032514,0.034614,0.036571,0.038371
0,0.0032614,0.006517,0.0097233,0.012486,0.015744,0.018319,0.018892,0.018254,0.017565,0.017323,0.018045,0.019896,0.022648,0.026936,0.032431,0.038012,0.042729,0.046528,0.04931,0.051578
0,0.0059026,0.010392,0.014189,0.0174,0.021002,0.024921,0.028585,0.031325,0.032015,0.030641,0.026891,0.024141,0.025809,0.028538,0.030002,0.031323,0.033408,0.036657,0.03933,0.042371
0,0.0057052,0.010821,0.015427,0.019673,0.023224,0.026211,0.028879,0.030894,0.032838,0.035294,0.037682,0.039471,0.040226,0.038932,0.036089,0.03535,0.044564,0.058923,0.067645,0.072162
0,0.0010521,0.0020888,0.0030445,0.0039334,0.0047797,0.0054919,0.0059803,0.006366,0.0068306,0.0072837,0.0077384,0.0081128,0.0085082,0.0094765,0.010621,0.011743,0.01317,0.015124,0.017519,0.020461
0,0.0020762,0.0041303,0.0062399,0.0083171,0.010203,0.011813,0.012979,0.014013,0.015079,0.015716,0.015959,0.015793,0.01524,0.014995,0.015396,0.016358,0.018406,0.021521,0.024875,0.028264
0,0.0033978,0.0066688,0.0098171,0.012768,0.015437,0.017901,0.020301,0.022319,0.02327,0.023306,0.022772,0.021963,0.021434,0.021784,0.023162,0.024656,0.027453,0.03192,0.037249,0.041737
0,0.003212,0.0063755,0.0087109,0.010806,0.012418,0.013465,0.014121,0.014535,0.014863,0.015407,0.016044,0.017108,0.019019,0.022543,0.026496,0.029475,0.032318,0.034035,0.035346,0.036867
0,0.0043666,0.0091757,0.014211,0.018867,0.022638,0.026989,0.030996,0.034788,0.037726,0.039138,0.038867,0.037394,0.034765,0.032224,0.031117,0.032755,0.036208,0.040369,0.04495,0.049374
0,0.0012205,0.0024634,0.0037107,0.0050414,0.0064603,0.0077774,0.0089688,0.0099145,0.01059,0.011042,0.011346,0.011454,0.011109,0.010507,0.011031,0.012726,0.014952,0.01769,0.02083,0.024184
0,0.0030187,0.0061714,0.010038,0.011958,0.011929,0.011061,0.012869,0.015927,0.019052,0.022072,0.025267,0.029282,0.035004,0.042258,0.049768,0.05685,0.063467,0.069844,0.07565,0.080973
0,0.0041072,0.0085614,0.012935,0.017106,0.021234,0.024782,0.027373,0.027993,0.027801,0.027493,0.027286,0.026966,0.02604,0.025297,0.025545,0.027206,0.029698,0.032687,0.03574,0.038659
0,0.005306,0.0080866,0.010155,0.012233,0.013312,0.014435,0.015426,0.016701,0.018345,0.02079,0.023565,0.026341,0.029143,0.031319,0.033166,0.034978,0.036936,0.039042,0.041076,0.042978
0,0.0091407,0.021237,0.034356,0.044704,0.051294,0.056564,0.060093,0.059135,0.055905,0.053124,0.051491,0.05072,0.049974,0.047988,0.045987,0.045794,0.046495,0.047874,0.049775,0.051803
0,0.0011212,0.0021184,0.0030508,0.0040001,0.0048342,0.0054886,0.0059582,0.0063791,0.0066218,0.0068068,0.0069701,0.0071655,0.0073452,0.0075953,0.0078281,0.0080368,0.0084268,0.0089402,0.0096137,0.010707
0,0.0021378,0.0041866,0.0058753,0.0078787,0.0099908,0.011621,0.012566,0.013137,0.012917,0.012427,0.012345,0.012943,0.013979,0.01558,0.01761,0.020271,0.023384,0.026742,0.030858,0.035484
0,0.0038276,0.0074421,0.01084,0.014084,0.016611,0.018153,0.018894,0.01925,0.019516,0.019932,0.020496,0.02133,0.022791,0.025446,0.029836,0.034922,0.039815,0.043294,0.04712,0.050629
0,0.0046594,0.0089494,0.013164,0.016889,0.02049,0.023792,0.026436,0.028108,0.028937,0.02923,0.028884,0.027995,0.027026,0.026454,0.026407,0.027397,0.029979,0.033572,0.03784,0.042315
0,0.0053106,0.011106,0.01627,0.019216,0.021714,0.023607,0.024629,0.025069,0.025522,0.026367,0.027725,0.028871,0.030197,0.031566,0.033186,0.035178,0.037394,0.040321,0.044057,0.0485
0,0.0016881,0.0033938,0.0050871,0.0067084,0.0083138,0.0097959,0.011113,0.012131,0.012737,0.012948,0.012692,0.012391,0.012055,0.011734,0.012071,0.013018,0.014743,0.017188,0.020216,0.023407
0,0.0032022,0.0060228,0.0076873,0.0090134,0.010675,0.012905,0.015165,0.017644,0.020183,0.02254,0.024683,0.026232,0.027338,0.028609,0.029461,0.029668,0.031128,0.034936,0.039895,0.045514
0,0.0035529,0.0069919,0.010363,0.013573,0.016449,0.018924,0.021019,0.022711,0.024081,0.02511,0.025938,0.026873,0.027933,0.028978,0.02983,0.030014,0.029947,0.030537,0.031171,0.031929
0,0.0066528,0.01275,0.018877,0.02505,0.031423,0.037184,0.041027,0.042795,0.042266,0.040855,0.038482,0.03685,0.036088,0.03564,0.036735,0.038494,0.04069,0.042901,0.04538,0.047951
0,0.0068771,0.012481,0.018016,0.023029,0.027372,0.031178,0.034654,0.037542,0.039694,0.040554,0.040023,0.039072,0.038507,0.038228,0.037901,0.038547,0.042067,0.047906,0.05349,0.058823
0,0.0026308,0.0057164,0.0093042,0.012672,0.014575,0.015237,0.016524,0.016883,0.017049,0.017617,0.018376,0.019321,0.020805,0.023335,0.026554,0.029773,0.033086,0.035829,0.038252,0.040791
0,0.0024613,0.0046869,0.0068517,0.0092176,0.011211,0.013101,0.014683,0.015643,0.016122,0.015983,0.015296,0.015511,0.020672,0.027896,0.034389,0.040464,0.047302,0.05349,0.059358,0.064192
0,0.0026038,0.0048784,0.0070574,0.008982,0.010823,0.0124,0.013256,0.013634,0.013669,0.013359,0.012944,0.012553,0.012788,0.013441,0.014774,0.016634,0.018355,0.019933,0.021528,0.023605
0,0.0034125,0.0068453,0.0099816,0.012569,0.014635,0.016063,0.016767,0.017262,0.017462,0.017556,0.017474,0.018186,0.020306,0.023711,0.028165,0.032243,0.035613,0.038745,0.041488,0.044017
0,0.0070289,0.014532,0.021868,0.026325,0.029567,0.031,0.032769,0.034815,0.03649,0.038118,0.039764,0.042005,0.044056,0.046217,0.048153,0.049256,0.04987,0.050468,0.05144,0.052443
0,0.0018416,0.0038361,0.0060497,0.0084781,0.011151,0.01432,0.016995,0.017135,0.015599,0.013679,0.011358,0.010059,0.010637,0.012564,0.014933,0.017408,0.019709,0.021914,0.023951,0.025785
0,0.0063194,0.013424,0.021226,0.025495,0.028581,0.028986,0.027869,0.02741,0.027259,0.027122,0.027937,0.02889,0.030371,0.032178,0.034002,0.036289,0.038988,0.042473,0.046323,0.050101
0,0.0029349,0.0058428,0.0083247,0.010468,0.012403,0.013992,0.015742,0.017325,0.018196,0.018362,0.018585,0.018988,0.019406,0.019385,0.019092,0.019115,0.019677,0.021308,0.023991,0.026984
0,0.0032759,0.0063695,0.0090373,0.011378,0.013412,0.01509,0.016531,0.017692,0.018593,0.019454,0.020006,0.02056,0.021193,0.02144,0.021598,0.022449,0.02427,0.028282,0.032403,0.035909
0,0.0032218,0.0063146,0.0091202,0.011586,0.014092,0.016443,0.018494,0.020134,0.021097,0.023422,0.027613,0.031452,0.034127,0.036807,0.041193,0.047081,0.052809,0.058708,0.065533,0.07243
0,0.00097505,0.0019439,0.0028861,0.0037227,0.0043843,0.0049096,0.0051833,0.0052343,0.0051829,0.0051322,0.0051309,0.0051157,0.0050694,0.0048921,0.0046692,0.0044653,0.0048144,0.0059016,0.0074432,0.0091544
0,0.0013214,0.0025363,0.003611,0.0045097,0.0052024,0.0058066,0.006325,0.0067951,0.0072868,0.0077313,0.0080745,0.008334,0.0086705,0.0091139,0.010707,0.013255,0.016667,0.020314,0.023501,0.026696
0,0.002673,0.005101,0.0070871,0.0087956,0.010737,0.012781,0.01386,0.014248,0.014269,0.013974,0.013751,0.013853,0.015498,0.019484,0.024417,0.029917,0.035909,0.042388,0.04841,0.054495
0,0.0043204,0.008703,0.013333,0.01807,0.023304,0.028664,0.031415,0.031892,0.031527,0.030844,0.030439,0.029715,0.029652,0.030384,0.032738,0.035633,0.039502,0.043124,0.046778,0.05074
0,0.0040236,0.0077781,0.011906,0.015944,0.019885,0.024239,0.028604,0.032377,0.035006,0.036665,0.03682,0.035711,0.034489,0.03337,0.032844,0.032788,0.033813,0.035225,0.036653,0.037931
0,0.0023108,0.0043739,0.0061186,0.0076358,0.009106,0.010491,0.011658,0.012169,0.011976,0.011569,0.011347,0.011992,0.013614,0.015486,0.017685,0.02,0.023128,0.026607,0.030222,0.03398
0,0.0028067,0.0054381,0.0081201,0.010889,0.013592,0.015915,0.018065,0.020503,0.023143,0.025649,0.027782,0.029041,0.029403,0.029167,0.028676,0.029912,0.034425,0.039807,0.044973,0.050658
0,0.0036378,0.0069869,0.0099037,0.01238,0.014918,0.016705,0.018037,0.019022,0.01983,0.020256,0.020302,0.020209,0.02005,0.020039,0.020216,0.020894,0.022885,0.026311,0.030231,0.034301
0,0.0028693,0.0054396,0.0075548,0.0092644,0.011144,0.012815,0.013906,0.01438,0.015097,0.015908,0.017239,0.01898,0.02073,0.022236,0.023941,0.026381,0.031327,0.039042,0.046806,0.054503
0,0.0093071,0.012246,0.012919,0.013769,0.015003,0.01651,0.017979,0.019405,0.02083,0.022259,0.023794,0.025486,0.027191,0.02886,0.03058,0.032675,0.03532,0.038667,0.042463,0.046629
0,0.00078532,0.0015373,0.0022477,0.0029375,0.0035854,0.0042001,0.0047183,0.0051579,0.0055285,0.005876,0.0061998,0.0065402,0.0069546,0.0073597,0.0077305,0.0079908,0.0082603,0.0088051,0.0096796,0.01073
0,0.0034634,0.0069813,0.010429,0.013861,0.017081,0.020147,0.022956,0.025065,0.026427,0.027122,0.027295,0.02706,0.026635,0.027325,0.029458,0.034064,0.039753,0.046979,0.05628,0.065122
0,0.0025065,0.0051902,0.0079526,0.010472,0.012898,0.015101,0.017093,0.018226,0.018898,0.018855,0.018479,0.0185,0.019934,0.023339,0.028053,0.032574,0.036172,0.039021,0.041467,0.044118
0,0.0029611,0.006033,0.008838,0.011365,0.013495,0.015052,0.016355,0.017505,0.018375,0.018967,0.01961,0.020281,0.020655,0.02133,0.022286,0.023312,0.024515,0.026639,0.029079,0.031649
0,0.0038617,0.0077648,0.011428,0.014628,0.017908,0.021064,0.023457,0.025252,0.026393,0.026715,0.026228,0.025993,0.026028,0.027183,0.03125,0.037995,0.045301,0.052477,0.059944,0.067183
0,0.00080376,0.0017843,0.0029871,0.0042889,0.0045912,0.0049244,0.0053619,0.0060711,0.0069887,0.0079705,0.0089496,0.010106,0.011417,0.012718,0.014261,0.01584,0.017524,0.019512,0.021746,0.024493
0,0.0013562,0.0026695,0.0037654,0.0049276,0.006157,0.0073464,0.008569,0.0098573,0.010897,0.011727,0.012323,0.01262,0.012891,0.013128,0.013556,0.014129,0.014978,0.016058,0.018619,0.022987
0,0.0038438,0.0076342,0.011219,0.014874,0.018402,0.022106,0.025256,0.028307,0.030747,0.032482,0.033761,0.033751,0.032832,0.031126,0.030653,0.031976,0.03571,0.041443,0.048225,0.055197
0,0.0080394,0.017127,0.02765,0.037868,0.031942,0.032181,0.032482,0.032617,0.032721,0.033012,0.033806,0.035467,0.037366,0.038736,0.039967,0.040833,0.041863,0.043274,0.045038,0.046776
0,0.0073687,0.013401,0.019173,0.025462,0.031117,0.035269,0.038494,0.040286,0.040723,0.040789,0.040507,0.040323,0.039274,0.039523,0.041775,0.045657,0.048304,0.050055,0.052302,0.055808
0,0.00071799,0.0014417,0.002029,0.002494,0.0030365,0.0035486,0.0038781,0.0040676,0.0042812,0.0044703,0.0046782,0.0048872,0.0051128,0.0054966,0.0062011,0.0069965,0.0078764,0.0087241,0.009905,0.011715
0,0.0028984,0.0058013,0.0087363,0.011492,0.014071,0.016639,0.019344,0.021761,0.023594,0.02494,0.025802,0.026154,0.025811,0.025511,0.024967,0.025027,0.025199,0.02545,0.026887,0.029805
0,0.0030795,0.0064502,0.010287,0.014484,0.019643,0.025008,0.029887,0.033218,0.035594,0.036873,0.035531,0.03105,0.02567,0.023929,0.025254,0.028822,0.033287,0.03774,0.04202,0.046195
0,0.0035278,0.0059925,0.0079907,0.009723,0.011342,0.012892,0.014371,0.015641,0.016721,0.017706,0.018486,0.019604,0.021354,0.024295,0.028388,0.03208,0.035074,0.038179,0.041111,0.044156
0,0.0030504,0.0069721,0.012861,0.020317,0.027821,0.033846,0.038743,0.041425,0.042803,0.043596,0.043913,0.040622,0.035566,0.031423,0.031931,0.034672,0.037172,0.040913,0.045891,0.052147
0,0.0046213,0.0079887,0.011217,0.015522,0.013796,0.011028,0.010429,0.011037,0.012131,0.013314,0.01465,0.016259,0.017988,0.019733,0.021539,0.023444,0.025439,0.027487,0.029639,0.03197
0,0.0015825,0.00308,0.0045011,0.0059891,0.0074215,0.008626,0.0095903,0.010235,0.010607,0.010681,0.010479,0.010176,0.0098267,0.0097228,0.010244,0.011654,0.014084,0.017008,0.020159,0.023529
0,0.0028211,0.005494,0.0080503,0.010363,0.011682,0.01244,0.012604,0.012883,0.01306,0.012931,0.012586,0.012075,0.01147,0.011051,0.011043,0.011381,0.01244,0.013891,0.016161,0.019517
0,0.0026771,0.0053149,0.0080986,0.010923,0.01407,0.017032,0.018982,0.020011,0.021213,0.022263,0.023086,0.023527,0.023708,0.024119,0.024513,0.025222,0.02669,0.028805,0.030523,0.031218
0,0.005283,0.010903,0.017303,0.023383,0.028733,0.031664,0.032898,0.032391,0.031391,0.030429,0.02916,0.028792,0.030643,0.034049,0.038053,0.041791,0.044674,0.048305,0.051826,0.055634
0,0.0011214,0.0020896,0.0031211,0.0039178,0.0045561,0.0052278,0.0058335,0.0063075,0.0066852,0.0069244,0.0071009,0.0072583,0.0075218,0.0078451,0.0082254,0.0088314,0.0096523,0.011196,0.013933,0.016845
0,0.0026736,0.00437,0.0055591,0.0073083,0.0084389,0.0088629,0.00798,0.0084393,0.010222,0.012653,0.015713,0.020167,0.025604,0.031268,0.037049,0.043805,0.050625,0.057091,0.063129,0.068714
0,0.0026787,0.0054251,0.0081893,0.011094,0.014064,0.01677,0.019063,0.020736,0.021552,0.021518,0.020877,0.019738,0.018559,0.017522,0.017102,0.017549,0.018639,0.02015,0.022099,0.024142
0,0.0038306,0.0076008,0.011155,0.013905,0.016297,0.018718,0.020881,0.022187,0.02282,0.022896,0.022664,0.022333,0.022034,0.021872,0.022034,0.022987,0.024162,0.025466,0.026916,0.02878
0,0.0067725,0.013235,0.019149,0.023904,0.027735,0.031111,0.034071,0.035469,0.035576,0.03489,0.033835,0.032889,0.032567,0.033134,0.035079,0.037229,0.039627,0.042723,0.046766,0.050429
0,0.0011076,0.00224,0.0033985,0.0047127,0.0057971,0.0058368,0.0059447,0.0060905,0.0060686,0.0060437,0.0059802,0.0059736,0.0059119,0.0059082,0.0061235,0.0068963,0.0082436,0.010075,0.01236,0.014686
0,0.0019722,0.0038819,0.0056547,0.0072641,0.008803,0.01024,0.011505,0.012426,0.012929,0.013317,0.013614,0.013792,0.013931,0.014107,0.014544,0.015253,0.016901,0.01934,0.021899,0.024579
0,0.0030888,0.0056838,0.0078906,0.0096111,0.010946,0.012137,0.013137,0.014053,0.014696,0.015294,0.016351,0.018156,0.020544,0.023616,0.027821,0.032503,0.036626,0.041642,0.046939,0.051569
0,0.0043894,0.0090981,0.013804,0.018489,0.021497,0.022926,0.0238,0.024397,0.024237,0.023208,0.022306,0.021259,0.020791,0.021367,0.022711,0.024775,0.027707,0.030534,0.033088,0.035756
0,0.0085653,0.016103,0.019673,0.02076,0.022359,0.023513,0.024716,0.026022,0.027286,0.028586,0.030029,0.031534,0.033607,0.037013,0.041316,0.046212,0.05088,0.054808,0.060691,0.066672
0,0.001342,0.0026635,0.0038915,0.0049962,0.0060402,0.00724,0.0087205,0.01073,0.012889,0.01423,0.015292,0.016393,0.017374,0.01865,0.020454,0.022711,0.025409,0.028706,0.032467,0.036501
0,0.0031543,0.0060392,0.0082849,0.0079961,0.0073713,0.0075365,0.008571,0.010465,0.012321,0.013919,0.015647,0.017668,0.019958,0.022399,0.025044,0.027753,0.030445,0.033385,0.036214,0.039148
0,0.0050457,0.0082579,0.0093946,0.010386,0.012044,0.015368,0.020844,0.027319,0.033665,0.038907,0.043173,0.047019,0.05073,0.05403,0.056692,0.05915,0.061528,0.063823,0.066051,0.068348
0,0.0026904,0.005468,0.0083141,0.010324,0.012976,0.01604,0.018649,0.020274,0.02096,0.021053,0.020857,0.020701,0.020493,0.020326,0.02054,0.021518,0.023351,0.02565,0.02829,0.031402
0,0.0036687,0.0070592,0.010339,0.013231,0.015656,0.01772,0.019399,0.020781,0.021751,0.022602,0.023222,0.0237,0.023891,0.023785,0.023559,0.02338,0.023627,0.02528,0.028886,0.034408
0,0.0013235,0.002467,0.0034206,0.0036977,0.0040663,0.0044248,0.0054592,0.0066732,0.007732,0.0085256,0.0091825,0.01004,0.01119,0.012645,0.01432,0.016427,0.01862,0.020797,0.023199,0.025753
0,0.002399,0.0044018,0.0062611,0.0078811,0.0094415,0.010937,0.012348,0.01363,0.014629,0.01541,0.016122,0.017068,0.018545,0.020082,0.02152,0.023303,0.025425,0.027327,0.029497,0.031157
0,0.0071879,0.012347,0.018182,0.018892,0.020168,0.021995,0.02346,0.024862,0.026143,0.027284,0.028287,0.02923,0.030108,0.030761,0.031345,0.032042,0.032706,0.033387,0.034104,0.034891
0,0.0058164,0.011069,0.01596,0.020174,0.023851,0.025252,0.025628,0.025317,0.024265,0.022821,0.021478,0.020049,0.018578,0.017894,0.018264,0.01904,0.019961,0.021223,0.02347,0.026376
0,0.0040902,0.0082618,0.011659,0.01501,0.017444,0.019498,0.020953,0.021637,0.022055,0.022814,0.0235,0.024211,0.025391,0.02671,0.028409,0.029891,0.03118,0.032471,0.033773,0.035098
0,0.0011304,0.0021879,0.0031702,0.0041535,0.0054166,0.0069088,0.0080757,0.0089729,0.0097328,0.01039,0.010948,0.011556,0.012049,0.012371,0.012716,0.013297,0.014088,0.014968,0.015767,0.016677
0,0.0069542,0.014683,0.022947,0.03256,0.041936,0.048905,0.053028,0.054604,0.055229,0.05565,0.054978,0.053969,0.052841,0.051115,0.048833,0.046712,0.045836,0.048441,0.053245,0.059043
0,0.0032604,0.0066166,0.0097628,0.012485,0.016583,0.019507,0.020158,0.019992,0.019938,0.020186,0.020921,0.022405,0.024557,0.027351,0.03086,0.034467,0.037933,0.040823,0.044634,0.049339
0,0.0043518,0.0090076,0.013939,0.018982,0.023922,0.028264,0.031788,0.03394,0.034838,0.035517,0.03663,0.038425,0.040619,0.043708,0.04775,0.051922,0.055365,0.05902,0.062727,0.066077
0,0.0083496,0.018117,0.029883,0.037193,0.033692,0.028328,0.024953,0.025376,0.027424,0.030285,0.033584,0.037374,0.041539,0.045455,0.049126,0.051674,0.053693,0.055035,0.056389,0.057879
0,0.0024975,0.005296,0.0085002,0.012574,0.017527,0.022213,0.025448,0.027461,0.02819,0.028213,0.028166,0.027943,0.027292,0.026118,0.023818,0.020837,0.019058,0.018116,0.017674,0.017901
0,0.0032131,0.0063593,0.0091612,0.011723,0.013434,0.014076,0.013739,0.01337,0.013196,0.0126,0.012371,0.012905,0.014214,0.016238,0.019167,0.02251,0.025876,0.029183,0.032527,0.035348
0,0.0049687,0.010064,0.015073,0.019446,0.022775,0.024296,0.025154,0.025529,0.026731,0.027834,0.027925,0.027302,0.026393,0.027923,0.032793,0.038949,0.045093,0.049921,0.054472,0.059489
0,0.0074712,0.014368,0.020986,0.027471,0.032975,0.037187,0.039811,0.040954,0.041498,0.042042,0.042078,0.040944,0.038505,0.035296,0.032284,0.031962,0.037357,0.045961,0.052904,0.057886
0,0.0052141,0.010994,0.016633,0.021637,0.026233,0.030605,0.034573,0.03821,0.041267,0.04348,0.045157,0.046036,0.046507,0.046052,0.044757,0.043453,0.041913,0.040987,0.04135,0.042464
0,0.0042848,0.0090277,0.013952,0.019001,0.024617,0.029855,0.033715,0.03635,0.03852,0.038508,0.036196,0.03313,0.030959,0.030865,0.032466,0.035663,0.040883,0.04708,0.053761,0.060147
0,0.0029706,0.0061004,0.0095408,0.012937,0.017007,0.019825,0.020924,0.020224,0.019187,0.018468,0.01797,0.017585,0.017383,0.01772,0.018581,0.020264,0.022595,0.025685,0.028683,0.03128
0,0.0030557,0.0060067,0.0088941,0.011358,0.013408,0.015075,0.016393,0.017473,0.018117,0.018439,0.018542,0.018522,0.018318,0.018138,0.018201,0.019223,0.021739,0.02451,0.026796,0.028977
0,0.0041554,0.0089115,0.014147,0.018555,0.022434,0.02484,0.026238,0.027194,0.028287,0.029676,0.031084,0.032322,0.033868,0.035582,0.037659,0.040604,0.043459,0.046284,0.049179,0.051917
0,0.0049381,0.0094341,0.014012,0.017293,0.020224,0.023478,0.026383,0.028521,0.030348,0.031583,0.032363,0.032611,0.032729,0.032728,0.033694,0.037556,0.044534,0.052478,0.059965,0.065965
0,0.0028803,0.0043156,0.0050745,0.0060257,0.0069337,0.0082448,0.0098497,0.011636,0.013529,0.015411,0.017388,0.018782,0.019039,0.018234,0.017123,0.01698,0.018864,0.023057,0.027572,0.03229
0,0.002795,0.0056884,0.0084077,0.010944,0.013148,0.014917,0.01625,0.017444,0.018523,0.019075,0.019075,0.018738,0.018123,0.01724,0.016906,0.01762,0.01928,0.022272,0.026629,0.031657
0,0.0051309,0.010439,0.016456,0.022499,0.026819,0.027093,0.024838,0.02299,0.023101,0.023185,0.023196,0.023635,0.025016,0.027209,0.029473,0.031693,0.033859,0.035981,0.038459,0.041309
0,0.0039589,0.008343,0.013721,0.018268,0.019572,0.021397,0.022783,0.023849,0.024431,0.024838,0.025872,0.027481,0.029266,0.031055,0.03248,0.03376,0.034544,0.035135,0.035821,0.037122
0,0.0038737,0.0079687,0.01209,0.017084,0.023649,0.029873,0.032188,0.030882,0.029023,0.029565,0.030723,0.031443,0.031437,0.031243,0.031503,0.032213,0.033245,0.034613,0.036201,0.037952
0,0.0019987,0.0038916,0.0053998,0.0068941,0.0081849,0.0091977,0.0097135,0.0096215,0.0096853,0.0096194,0.0096621,0.010037,0.010755,0.011907,0.013431,0.015181,0.017177,0.019838,0.022718,0.026023
0,0.003269,0.0068348,0.01021,0.01313,0.015682,0.017607,0.019253,0.0212,0.023299,0.024986,0.026331,0.027313,0.028168,0.029264,0.030594,0.031863,0.033576,0.036077,0.040276,0.048162
0,0.0030312,0.005777,0.0080031,0.010045,0.011989,0.013671,0.015115,0.01621,0.01686,0.017188,0.017132,0.017197,0.017338,0.017532,0.017362,0.016984,0.0168,0.017886,0.02048,0.023183
0,0.002371,0.0046386,0.0067516,0.0087735,0.010616,0.01216,0.01325,0.013838,0.014416,0.015161,0.016023,0.016874,0.017972,0.019338,0.021137,0.022962,0.024639,0.026017,0.027168,0.028346
0,0.0035762,0.0073164,0.011678,0.017148,0.025172,0.034001,0.043044,0.047442,0.047219,0.045963,0.043836,0.04257,0.040932,0.040249,0.039926,0.039791,0.039944,0.040225,0.040614,0.041146
0,0.0016484,0.0030901,0.0042041,0.0048177,0.0050136,0.0049266,0.0047196,0.0045114,0.0042429,0.0040642,0.0039739,0.0039587,0.0039195,0.0038313,0.0037602,0.0042156,0.0052312,0.0065527,0.0080131,0.0097076
0,0.0016836,0.0033935,0.0051177,0.0067781,0.0084107,0.010029,0.011418,0.012618,0.013582,0.014389,0.015194,0.01577,0.016322,0.017126,0.018281,0.019852,0.021684,0.023658,0.025826,0.028095
0,0.0035936,0.0068864,0.0096728,0.012013,0.013972,0.015388,0.016362,0.017304,0.018105,0.018511,0.018472,0.018091,0.017595,0.016767,0.015733,0.015579,0.020415,0.02875,0.036858,0.044642
0,0.003558,0.007089,0.010677,0.013631,0.016024,0.01819,0.02029,0.022146,0.023649,0.024684,0.025232,0.02531,0.024854,0.024052,0.023469,0.024049,0.025692,0.028343,0.032136,0.037536
0,0.0032776,0.0065661,0.009825,0.012995,0.016092,0.018852,0.021161,0.022917,0.023894,0.024408,0.024852,0.025327,0.025894,0.026627,0.027988,0.030662,0.034581,0.039126,0.045128,0.050357
0,0.0029822,0.0060422,0.0089307,0.011584,0.014019,0.016148,0.018075,0.019531,0.020742,0.021585,0.022413,0.023084,0.023837,0.024748,0.026275,0.028122,0.029819,0.030827,0.030995,0.031173
0,0.0024864,0.0047526,0.0069313,0.0089236,0.010643,0.012301,0.013597,0.014349,0.014523,0.014418,0.014237,0.014278,0.014891,0.016852,0.021773,0.029213,0.0362,0.042005,0.046901,0.051552
0,0.0018451,0.0035217,0.0050796,0.0068329,0.0086906,0.010522,0.012134,0.013454,0.014666,0.015466,0.016011,0.016089,0.015756,0.015195,0.014637,0.014262,0.015351,0.017579,0.020085,0.022802
0,0.0036586,0.0070545,0.010534,0.013288,0.015278,0.017031,0.019106,0.022102,0.025623,0.029737,0.033835,0.037843,0.041026,0.043609,0.046296,0.049027,0.051829,0.054236,0.056495,0.058432
0,0.0085866,0.016173,0.022291,0.02754,0.0317,0.035766,0.039908,0.043583,0.04689,0.049146,0.050273,0.050609,0.050263,0.048897,0.045706,0.042896,0.042434,0.042579,0.043098,0.044957
0,0.0019489,0.0037643,0.0055519,0.0073844,0.0090642,0.010623,0.012222,0.012991,0.013387,0.013544,0.013462,0.013379,0.013154,0.01281,0.012467,0.01248,0.012813,0.013726,0.014811,0.016162
0,0.0018993,0.0040923,0.0066127,0.0096156,0.013132,0.016643,0.018985,0.019977,0.02051,0.020335,0.0198,0.019205,0.018901,0.019156,0.019851,0.020545,0.021505,0.022786,0.024129,0.025678
0,0.00616,0.012381,0.019309,0.026791,0.031777,0.033688,0.031009,0.030165,0.030321,0.03144,0.033059,0.035168,0.037966,0.040682,0.042904,0.044185,0.045199,0.046328,0.047536,0.049099
0,0.0037917,0.0073301,0.01038,0.012977,0.015096,0.01679,0.018203,0.019445,0.020317,0.020765,0.02096,0.021235,0.021532,0.022025,0.022865,0.024379,0.026725,0.030139,0.034369,0.038605
0,0.0032647,0.0064532,0.009927,0.013352,0.016329,0.01879,0.020843,0.02265,0.024181,0.025181,0.025902,0.026338,0.027073,0.028835,0.031569,0.035198,0.038235,0.041506,0.044312,0.047286
0,0.0014258,0.0028568,0.0042329,0.0056748,0.0071834,0.0086701,0.010198,0.011719,0.013036,0.014195,0.014933,0.015194,0.014846,0.013931,0.012802,0.011846,0.01124,0.010763,0.010224,0.010692
0,0.0033994,0.0065907,0.0094478,0.012207,0.014628,0.016652,0.018327,0.01972,0.020729,0.021477,0.021935,0.022319,0.022633,0.02275,0.023108,0.02504,0.029603,0.034898,0.040111,0.044239
0,0.0056078,0.0089827,0.011728,0.014819,0.017177,0.016946,0.016886,0.01814,0.019989,0.021659,0.023329,0.024856,0.026461,0.02826,0.030141,0.031836,0.033354,0.034839,0.036236,0.037534
0,0.0038778,0.0084065,0.014068,0.020397,0.027301,0.033525,0.039048,0.043615,0.046086,0.046779,0.046192,0.043926,0.040792,0.037876,0.035594,0.033343,0.032207,0.031382,0.031106,0.031656
0,0.0056838,0.011042,0.01629,0.02139,0.025613,0.028756,0.0321,0.034956,0.038441,0.040975,0.040607,0.038233,0.033195,0.02651,0.02413,0.026169,0.029415,0.033412,0.039538,0.045438
0,0.0012971,0.0024475,0.0035371,0.0044134,0.0050787,0.0055696,0.0057421,0.0056403,0.005395,0.0051311,0.0048068,0.0044692,0.0043583,0.0047713,0.0057323,0.0070522,0.008722,0.011358,0.015218,0.020671
0,0.003025,0.0055319,0.0078397,0.010517,0.013899,0.017457,0.019839,0.021779,0.023149,0.022942,0.020457,0.018381,0.02109,0.026831,0.031216,0.035627,0.040802,0.046204,0.051424,0.056523
0,0.0040607,0.0083842,0.012101,0.015335,0.018471,0.02121,0.023333,0.025334,0.026837,0.028229,0.029714,0.031651,0.033939,0.035995,0.037737,0.039038,0.040024,0.040851,0.041663,0.042202
0,0.0079602,0.016285,0.023379,0.03021,0.029352,0.028161,0.027872,0.027401,0.02723,0.027538,0.028741,0.030639,0.033148,0.035659,0.038003,0.040245,0.04238,0.044833,0.047514,0.05096
0,0.005058,0.010627,0.017076,0.022075,0.026946,0.032019,0.035725,0.038166,0.038891,0.038564,0.038488,0.039209,0.040898,0.042137,0.043546,0.045163,0.046983,0.048209,0.049245,0.052285
0,0.0015072,0.0028953,0.0041817,0.005469,0.0066753,0.0077942,0.0088679,0.0097232,0.010582,0.011323,0.011827,0.012189,0.012534,0.012865,0.013348,0.013687,0.013914,0.01496,0.017519,0.021306
0,0.0041533,0.0076255,0.010685,0.012871,0.01455,0.016312,0.017532,0.018156,0.018578,0.018829,0.018632,0.018369,0.018219,0.017959,0.019093,0.022329,0.026112,0.030646,0.03606,0.0418
0,0.0030093,0.0058749,0.0086059,0.010887,0.012412,0.013601,0.014529,0.014902,0.014866,0.014896,0.015302,0.015953,0.017042,0.018749,0.020853,0.023423,0.026453,0.029821,0.033579,0.037466
0,0.0043929,0.0089974,0.013814,0.018223,0.021816,0.023541,0.022453,0.020684,0.019433,0.018961,0.019844,0.023055,0.028726,0.034535,0.039554,0.043513,0.047181,0.051009,0.054238,0.056827
0,0.0089138,0.017328,0.024303,0.029392,0.032599,0.034647,0.036443,0.038018,0.038858,0.038587,0.037111,0.034898,0.033066,0.033301,0.034812,0.035851,0.036487,0.038964,0.046967,0.056042
0,0.0020209,0.0039516,0.0056573,0.0073723,0.0090705,0.010753,0.012281,0.013175,0.013695,0.014167,0.014609,0.014778,0.01477,0.014702,0.014782,0.014792,0.014542,0.014631,0.01569,0.018665
0,0.0039645,0.0076254,0.010976,0.013404,0.015891,0.017184,0.017713,0.017951,0.018347,0.019005,0.019885,0.021309,0.024481,0.02947,0.035559,0.041834,0.047405,0.051611,0.055141,0.058443
0,0.0042498,0.0082176,0.011976,0.015339,0.018483,0.022725,0.028462,0.031463,0.0324,0.03288,0.033287,0.033797,0.034543,0.035564,0.037095,0.039173,0.042129,0.045643,0.049445,0.053167
0,0.004456,0.0082549,0.012349,0.015006,0.016748,0.01744,0.017412,0.016883,0.016204,0.015621,0.01572,0.017356,0.019762,0.023022,0.027706,0.034276,0.042801,0.04988,0.054555,0.058631
0,0.0073208,0.014445,0.02191,0.025773,0.030089,0.033333,0.036872,0.038635,0.038663,0.038089,0.037329,0.036427,0.035325,0.03401,0.032848,0.032803,0.033849,0.035679,0.038284,0.041286
0,0.0013935,0.0028691,0.0043631,0.0056166,0.0066239,0.0075147,0.0083349,0.0092702,0.010145,0.010897,0.011491,0.011866,0.012125,0.012188,0.012137,0.012522,0.013787,0.016294,0.020224,0.025754
0,0.0025809,0.004702,0.0066804,0.0081543,0.009126,0.0097321,0.0096148,0.0091089,0.009117,0.0097698,0.010344,0.011037,0.013136,0.016903,0.021651,0.02694,0.032345,0.037549,0.042492,0.047554
0,0.0047266,0.008489,0.01118,0.01449,0.016864,0.017001,0.015827,0.015116,0.015387,0.01573,0.016737,0.019061,0.022527,0.026535,0.029926,0.033229,0.036171,0.039642,0.043104,0.047309
0,0.0031698,0.0064002,0.0095599,0.012594,0.015644,0.0188,0.021768,0.024699,0.027418,0.030111,0.032163,0.032822,0.033114,0.034564,0.036079,0.034266,0.034851,0.036466,0.03985,0.043516
0,0.0069826,0.017949,0.028848,0.036574,0.04169,0.045598,0.048155,0.05055,0.054895,0.059921,0.065142,0.069487,0.073573,0.076639,0.079005,0.080693,0.082151,0.083224,0.084122,0.085113
0,0.0013227,0.0026834,0.0040369,0.0054351,0.0069595,0.008606,0.0099398,0.010727,0.011045,0.011049,0.010979,0.011017,0.011089,0.011923,0.013917,0.016575,0.019627,0.022949,0.026339,0.030186
0,0.002419,0.004473,0.006363,0.0079744,0.0092244,0.010104,0.011157,0.011815,0.01194,0.011848,0.012171,0.013239,0.015148,0.017617,0.01983,0.022389,0.025333,0.028595,0.031633,0.034556
0,0.0028963,0.0057544,0.008377,0.010962,0.01356,0.016494,0.019524,0.021865,0.023139,0.023697,0.023841,0.024834,0.025629,0.025346,0.024913,0.024859,0.025382,0.026501,0.027631,0.029245
0,0.0029528,0.0057676,0.0084614,0.0113,0.0145,0.017935,0.021315,0.023483,0.02416,0.024089,0.023502,0.022776,0.02174,0.020944,0.020474,0.020174,0.020551,0.022572,0.026464,0.030411
0,0.0051534,0.010016,0.01447,0.018444,0.022222,0.025422,0.027769,0.029224,0.029543,0.029572,0.029921,0.030955,0.033379,0.037423,0.042748,0.047747,0.051547,0.054815,0.058543,0.061191
0,0.001753,0.0034717,0.0049926,0.0062912,0.0073805,0.0083681,0.0092248,0.0097771,0.010123,0.010445,0.010754,0.010984,0.011003,0.01097,0.011027,0.011235,0.011751,0.012932,0.014531,0.016574
0,0.0018022,0.0035707,0.0050565,0.0061471,0.0071469,0.0080253,0.0086035,0.0091444,0.0099656,0.01079,0.011629,0.012282,0.012682,0.012965,0.013544,0.014911,0.016789,0.019549,0.023138,0.027581
0,0.0088581,0.017054,0.024338,0.029568,0.032352,0.033719,0.031824,0.027429,0.023876,0.022685,0.023671,0.026784,0.032073,0.038877,0.045545,0.051953,0.056999,0.06105,0.064304,0.067234
0,0.0035053,0.006866,0.010474,0.014598,0.018652,0.022446,0.025589,0.027167,0.02773,0.027777,0.027892,0.027681,0.027039,0.026148,0.025687,0.026045,0.028128,0.031103,0.032919,0.034653
0,0.005373,0.010742,0.015489,0.019899,0.024861,0.030281,0.034693,0.037883,0.039715,0.040402,0.040615,0.041627,0.041901,0.042147,0.043013,0.044211,0.045752,0.048247,0.052178,0.056445
0,0.0017581,0.0034533,0.005125,0.0068692,0.0087368,0.010306,0.011396,0.011898,0.012077,0.012157,0.01232,0.012367,0.012339,0.012785,0.012816,0.012849,0.012666,0.012719,0.013857,0.016071
0,0.0028795,0.0054969,0.0079133,0.010252,0.011542,0.012551,0.013268,0.01364,0.013766,0.013656,0.013592,0.013816,0.014162,0.014666,0.015443,0.016405,0.017476,0.019001,0.021213,0.023759
0,0.0042814,0.0086799,0.012714,0.016831,0.020788,0.024665,0.028194,0.031075,0.032807,0.033437,0.033741,0.033834,0.033339,0.032331,0.035822,0.043692,0.049847,0.053426,0.055373,0.05657
0,0.0063458,0.011674,0.01595,0.021249,0.026757,0.031445,0.034391,0.036083,0.037203,0.038188,0.039127,0.040303,0.041689,0.043011,0.043808,0.044792,0.04605,0.047741,0.049352,0.050927
0,0.0055728,0.010748,0.015993,0.021175,0.026668,0.03151,0.034577,0.036758,0.038212,0.039392,0.040069,0.040312,0.039767,0.038406,0.036585,0.035273,0.034561,0.035075,0.035902,0.037798
0,0.0026858,0.0053425,0.0079722,0.010245,0.012458,0.014283,0.015509,0.01624,0.016589,0.016782,0.017171,0.017769,0.019086,0.02039,0.021583,0.022704,0.024009,0.024343,0.024047,0.026954
0,0.0058699,0.012238,0.019644,0.026903,0.033224,0.038758,0.042955,0.044344,0.045121,0.045474,0.045226,0.043673,0.041775,0.040417,0.039772,0.040331,0.043646,0.051131,0.061088,0.070417
0,0.0050226,0.0092237,0.013626,0.017292,0.018284,0.019598,0.020414,0.020964,0.021577,0.022315,0.022977,0.023736,0.024738,0.025663,0.026556,0.027245,0.027789,0.028372,0.029092,0.029923
0,0.0051789,0.010475,0.015859,0.021509,0.026464,0.031023,0.03427,0.035736,0.036602,0.037052,0.03749,0.037307,0.036829,0.03612,0.035941,0.03634,0.036763,0.037236,0.038632,0.040978
0,0.0056975,0.011949,0.018486,0.025733,0.033982,0.039748,0.040597,0.040306,0.039197,0.037697,0.036435,0.034892,0.033893,0.03415,0.035176,0.036519,0.037324,0.0385,0.040561,0.042225
0,0.0014348,0.0029118,0.0041054,0.0050691,0.0058894,0.006916,0.0078172,0.0084541,0.0090404,0.0094886,0.010018,0.010729,0.012046,0.013558,0.014747,0.015982,0.017363,0.018447,0.019919,0.021513
0,0.0023139,0.004144,0.0055853,0.0069278,0.0080774,0.009122,0.01005,0.011021,0.011852,0.012504,0.013043,0.013483,0.014,0.015083,0.016552,0.018652,0.022092,0.0268,0.031425,0.035316
0,0.0064401,0.012826,0.019209,0.025042,0.030723,0.035679,0.039174,0.041041,0.042399,0.042848,0.042325,0.04162,0.040838,0.039966,0.037721,0.03733,0.039336,0.043116,0.047193,0.051589
0,0.0042666,0.0081928,0.012052,0.015053,0.019104,0.021537,0.022692,0.023607,0.024462,0.025389,0.026356,0.0274,0.028834,0.030361,0.032002,0.033653,0.035237,0.036909,0.038753,0.040669
0,0.0040262,0.0086968,0.015174,0.019289,0.016923,0.017153,0.018915,0.021048,0.023222,0.024446,0.025484,0.025998,0.025965,0.025623,0.025593,0.0264,0.027751,0.029205,0.02969,0.029622
0,0.0039319,0.0079028,0.011674,0.015085,0.016758,0.016372,0.015165,0.014624,0.014449,0.014384,0.014659,0.015198,0.015632,0.016347,0.017189,0.018525,0.020297,0.022507,0.025438,0.028883
0,0.0022521,0.0043436,0.0062914,0.008204,0.0099502,0.011299,0.01223,0.013266,0.014172,0.014908,0.015501,0.015931,0.01631,0.017179,0.018701,0.021723,0.026581,0.032456,0.038453,0.04398
0,0.0054727,0.011211,0.016515,0.021042,0.024546,0.026898,0.027802,0.027716,0.027189,0.026004,0.024396,0.022455,0.022407,0.025348,0.028534,0.03233,0.036324,0.039768,0.042482,0.044761
0,0.006971,0.013964,0.020074,0.024561,0.027167,0.029261,0.032546,0.035746,0.038355,0.040427,0.042292,0.043416,0.043811,0.044604,0.045566,0.046554,0.047941,0.049694,0.052602,0.055373
0,0.0070036,0.011429,0.015934,0.01943,0.022086,0.024406,0.025783,0.02627,0.026335,0.026809,0.027755,0.028851,0.029588,0.031243,0.035165,0.040272,0.046757,0.05366,0.060409,0.065637
0,0.0037207,0.0068103,0.0089241,0.010717,0.012555,0.014231,0.01558,0.016151,0.01614,0.015712,0.01528,0.015491,0.016175,0.016969,0.017923,0.018567,0.018606,0.019558,0.022605,0.027116
0,0.0033027,0.0064785,0.0096309,0.012636,0.015464,0.01801,0.020072,0.02092,0.020168,0.020881,0.022338,0.024223,0.026706,0.028901,0.030813,0.032083,0.033197,0.034279,0.035412,0.036588
0,0.0048893,0.0076863,0.0090643,0.010601,0.012254,0.013915,0.015484,0.016785,0.017827,0.018638,0.019318,0.019811,0.020242,0.020755,0.021158,0.021787,0.02323,0.025979,0.029361,0.032773
0,0.0048162,0.009982,0.015996,0.02329,0.026941,0.030975,0.033755,0.03534,0.036224,0.036565,0.036954,0.038246,0.039605,0.040016,0.040066,0.03944,0.039735,0.040556,0.042693,0.044852
0,0.0040278,0.0079089,0.011991,0.016068,0.019284,0.021901,0.023782,0.025264,0.026413,0.027352,0.027885,0.028005,0.027337,0.02636,0.024931,0.023369,0.022683,0.022952,0.024995,0.02712
0,0.0011248,0.0022292,0.0034254,0.00441,0.0051721,0.0064308,0.0073208,0.0081419,0.0088965,0.009573,0.010183,0.010829,0.011557,0.012263,0.012974,0.013648,0.014483,0.01542,0.016206,0.017183
0,0.0029091,0.0060036,0.0090627,0.011644,0.012965,0.013284,0.012756,0.012454,0.012192,0.012068,0.012047,0.012488,0.013589,0.015138,0.017372,0.019973,0.02271,0.025423,0.028386,0.031041
0,0.002104,0.0052817,0.0082615,0.011249,0.014282,0.016807,0.019353,0.021991,0.024299,0.026373,0.028519,0.030669,0.032926,0.034933,0.036891,0.039176,0.041373,0.04384,0.047291,0.051484
0,0.0045689,0.0097456,0.015649,0.022538,0.027772,0.028829,0.030647,0.032842,0.035479,0.037838,0.0395,0.04075,0.041871,0.043037,0.044979,0.047382,0.050063,0.053138,0.056318,0.059632
0,0.0070093,0.013632,0.020243,0.026518,0.03202,0.036913,0.040885,0.044631,0.047354,0.04843,0.048353,0.047374,0.045023,0.042742,0.041225,0.041444,0.043316,0.048233,0.053698,0.05871
0,0.002981,0.0061239,0.0089555,0.01146,0.013695,0.015467,0.016635,0.016593,0.016714,0.017227,0.01794,0.018486,0.018555,0.019059,0.02184,0.027456,0.033817,0.040164,0.045723,0.051285
0,0.0023908,0.0046353,0.0065728,0.0082324,0.0093305,0.010229,0.011216,0.012211,0.012889,0.013378,0.0138,0.01412,0.014527,0.015105,0.015888,0.016689,0.01762,0.019027,0.021649,0.026175
0,0.0054642,0.0095196,0.012952,0.01613,0.017222,0.017431,0.017962,0.019391,0.020584,0.020945,0.021446,0.022825,0.025275,0.028917,0.033566,0.038671,0.044065,0.049933,0.055535,0.060407
0,0.0050341,0.0093973,0.012251,0.013926,0.015577,0.017599,0.019867,0.022032,0.023661,0.024723,0.024941,0.024787,0.024379,0.024298,0.025083,0.026123,0.026181,0.026354,0.028735,0.031526
0,0.0032019,0.0060758,0.008432,0.010443,0.012018,0.013355,0.014188,0.014851,0.015569,0.016485,0.017447,0.018515,0.019522,0.020223,0.020836,0.02119,0.02167,0.022637,0.02459,0.026984
0,0.0025326,0.0051813,0.0077908,0.010369,0.012755,0.014871,0.016602,0.018032,0.018931,0.019062,0.018641,0.017964,0.01704,0.016208,0.016457,0.01823,0.021276,0.024583,0.028398,0.032579
0,0.0021651,0.0034619,0.0041178,0.0052475,0.0059303,0.0062236,0.0064694,0.0067298,0.0071578,0.0078209,0.008884,0.010269,0.011615,0.013527,0.015636,0.01762,0.019579,0.021568,0.023407,0.025434
0,0.0042022,0.0081335,0.011995,0.015653,0.019327,0.02283,0.02559,0.027453,0.02854,0.029038,0.029414,0.028959,0.027735,0.025987,0.024831,0.024277,0.023975,0.02391,0.024978,0.027276
0,0.0063879,0.013225,0.02006,0.026846,0.033729,0.038761,0.042625,0.042923,0.040439,0.037966,0.035656,0.035197,0.035653,0.036733,0.039906,0.044412,0.048245,0.051712,0.054891,0.058044
0,0.0030837,0.0062927,0.0098309,0.013324,0.017107,0.020774,0.023669,0.025506,0.026134,0.026309,0.02677,0.027481,0.027433,0.026568,0.025639,0.025699,0.028082,0.032173,0.036774,0.041508
0,0.002022,0.0041143,0.0060419,0.007281,0.0078889,0.0083257,0.0084938,0.0083607,0.0080022,0.0075976,0.0075673,0.0082822,0.010826,0.015474,0.021245,0.026988,0.032417,0.036842,0.040524,0.043705
0,0.0051644,0.010438,0.01554,0.020716,0.02568,0.030052,0.033866,0.036484,0.038583,0.040024,0.04106,0.041961,0.042712,0.042061,0.040155,0.037256,0.034497,0.035658,0.041262,0.047783
0,0.0054474,0.011487,0.015639,0.018479,0.021387,0.024219,0.02694,0.029187,0.030917,0.032593,0.034291,0.036268,0.038653,0.04114,0.044079,0.047464,0.050446,0.052669,0.053782,0.054988
0,0.0030556,0.0059751,0.008812,0.011733,0.014644,0.017461,0.020107,0.022503,0.024588,0.026212,0.027329,0.027562,0.027022,0.025754,0.025045,0.025501,0.026958,0.028897,0.033481,0.038414
0,0.0060023,0.0121,0.018519,0.026102,0.032813,0.037091,0.037742,0.036883,0.035769,0.034786,0.033838,0.033032,0.03247,0.033344,0.035003,0.037052,0.03964,0.042517,0.045248,0.047679
0,0.0012792,0.0025539,0.0043664,0.005125,0.0058761,0.006766,0.0076318,0.0084062,0.0089334,0.0092062,0.0094212,0.0097467,0.010295,0.011283,0.012877,0.014774,0.017173,0.020308,0.023854,0.027437
0,0.003301,0.0063721,0.0093375,0.012413,0.015546,0.018412,0.020764,0.022404,0.023686,0.025017,0.026447,0.027782,0.027882,0.029379,0.032237,0.036281,0.041808,0.047923,0.054479,0.062341
0,0.001545,0.0030315,0.0043997,0.0056458,0.0068637,0.0083206,0.0099321,0.011504,0.012543,0.013201,0.013938,0.014453,0.0146,0.014044,0.013163,0.012555,0.014245,0.017518,0.021445,0.026003
0,0.0036826,0.0075453,0.011364,0.014869,0.017953,0.020853,0.023252,0.024849,0.025783,0.026501,0.02708,0.027574,0.028141,0.029221,0.030672,0.032317,0.033683,0.03503,0.036241,0.037217
0,0.0037569,0.0075772,0.0097087,0.010822,0.012712,0.015147,0.017204,0.01863,0.019254,0.019529,0.019834,0.020857,0.022398,0.024715,0.028382,0.033534,0.038393,0.042485,0.045729,0.048054
0,0.0016735,0.0031441,0.0043155,0.0052254,0.0060566,0.006794,0.0072953,0.0075318,0.007641,0.00774,0.007865,0.0083756,0.010016,0.013049,0.016412,0.020171,0.023558,0.026511,0.029218,0.031796
0,0.0026809,0.0052369,0.0084285,0.010296,0.0096547,0.0086313,0.0073969,0.0076297,0.0091758,0.011375,0.013993,0.016547,0.019315,0.022022,0.024514,0.027541,0.030915,0.034515,0.037976,0.041318
0,0.0060806,0.013358,0.020896,0.027224,0.030524,0.032176,0.033399,0.0342,0.034446,0.033922,0.03287,0.031566,0.030687,0.03023,0.030635,0.032101,0.034839,0.038414,0.042137,0.045485
0,0.0051852,0.010527,0.016314,0.022388,0.028395,0.03285,0.034721,0.035569,0.035884,0.034282,0.031626,0.029077,0.027009,0.02727,0.028716,0.030751,0.033663,0.037257,0.041388,0.045015
0,0.003061,0.0061544,0.009187,0.012037,0.014738,0.017299,0.019501,0.021058,0.022723,0.024384,0.025551,0.026556,0.027232,0.027287,0.026832,0.026324,0.026873,0.028919,0.031022,0.033108
0,0.0078525,0.015219,0.020616,0.023413,0.024477,0.02459,0.024792,0.025387,0.025991,0.025609,0.023585,0.018919,0.013916,0.015684,0.020259,0.024983,0.028464,0.031044,0.033276,0.035003
0,0.002251,0.0045062,0.0067143,0.0088184,0.01069,0.012314,0.013801,0.014981,0.01589,0.016483,0.016791,0.016923,0.01678,0.016833,0.016944,0.017265,0.01807,0.019541,0.021476,0.024975
0,0.0045277,0.0092322,0.014371,0.019432,0.023737,0.027069,0.029876,0.031499,0.031683,0.031049,0.030106,0.028721,0.026989,0.027159,0.031289,0.038559,0.044892,0.050045,0.054001,0.058041
0,0.0036555,0.0069348,0.010294,0.013664,0.016921,0.019865,0.022679,0.025012,0.026498,0.027398,0.027841,0.028539,0.029392,0.03076,0.032447,0.033795,0.034582,0.035942,0.03751,0.039198
0,0.0055373,0.011585,0.018129,0.025867,0.035112,0.041495,0.046187,0.048368,0.048977,0.048482,0.046538,0.04445,0.042838,0.042903,0.043999,0.044546,0.044246,0.043381,0.042875,0.043058
0,0.0013006,0.0025664,0.0037465,0.0049666,0.0062207,0.0074613,0.0085395,0.0091787,0.0095221,0.0097076,0.0098047,0.0098272,0.0096853,0.0098312,0.010227,0.011011,0.012439,0.014232,0.016569,0.019262
0,0.0024625,0.0048581,0.00721,0.009172,0.010847,0.012299,0.013504,0.014613,0.015646,0.016567,0.017272,0.018035,0.018638,0.018983,0.01886,0.019164,0.020002,0.021824,0.02468,0.026989
0,0.0053619,0.010366,0.014973,0.019289,0.023106,0.026414,0.028825,0.029667,0.029704,0.029154,0.028627,0.028884,0.028335,0.027526,0.027874,0.028757,0.030371,0.03442,0.041409,0.049442
0,0.0037868,0.0075207,0.011072,0.014184,0.016519,0.018507,0.020272,0.021566,0.022173,0.02212,0.021987,0.022268,0.022594,0.022692,0.022826,0.023145,0.024353,0.026723,0.029795,0.03272
0,0.0066581,0.014364,0.022364,0.025932,0.023517,0.023036,0.022062,0.021345,0.022318,0.02339,0.024025,0.024693,0.025664,0.026762,0.028387,0.030551,0.032952,0.03538,0.037835,0.040401
0,0.0050035,0.0090463,0.010894,0.010409,0.0084848,0.0070248,0.0062292,0.0053825,0.005,0.0056161,0.0073075,0.0095922,0.012446,0.015317,0.018181,0.021311,0.024561,0.027761,0.030861,0.033986
0,0.0028535,0.0058759,0.0083234,0.010107,0.011537,0.012714,0.013888,0.015005,0.015894,0.01645,0.016847,0.017112,0.01699,0.017038,0.018038,0.020628,0.024783,0.029614,0.034177,0.037897
0,0.0056392,0.011492,0.016969,0.021866,0.026103,0.029738,0.032384,0.033387,0.033429,0.033724,0.034021,0.034276,0.034433,0.034483,0.034413,0.034754,0.035322,0.035404,0.035597,0.036681
0,0.0051743,0.0098915,0.014098,0.018087,0.022223,0.026228,0.029218,0.031022,0.031954,0.032511,0.031954,0.03064,0.02957,0.029024,0.030198,0.031696,0.033344,0.035946,0.038964,0.042309
0,0.0089407,0.016804,0.022103,0.025498,0.027028,0.027138,0.028528,0.02998,0.030186,0.029944,0.029837,0.031063,0.033187,0.036216,0.039233,0.041024,0.042451,0.042555,0.042675,0.042313
0,0.0015703,0.0029937,0.0043475,0.0066355,0.0059428,0.0064523,0.0071186,0.0078619,0.0085552,0.009011,0.0094274,0.0098993,0.010215,0.010555,0.011015,0.011303,0.011275,0.010174,0.0098648,0.016094
0,0.0032043,0.0065443,0.0098657,0.013302,0.016602,0.019654,0.022035,0.024011,0.025491,0.026268,0.026768,0.027152,0.027004,0.026754,0.026659,0.027159,0.027834,0.02848,0.028855,0.029568
0,0.0040708,0.0085771,0.013394,0.018238,0.023177,0.028257,0.030192,0.029919,0.028665,0.02743,0.026583,0.026488,0.025884,0.025398,0.025067,0.025329,0.026215,0.027103,0.027702,0.028782
0,0.0039594,0.0076001,0.010831,0.013499,0.015886,0.017858,0.019549,0.02112,0.022506,0.023714,0.024739,0.02561,0.025741,0.025854,0.026169,0.028044,0.031482,0.034347,0.035644,0.037457
0,0.0028448,0.0055582,0.0081874,0.010961,0.013851,0.016896,0.019307,0.02098,0.021637,0.02181,0.021826,0.022066,0.021574,0.020698,0.020613,0.022496,0.025612,0.029864,0.034353,0.037705
0,0.0018922,0.0038073,0.0055485,0.0069585,0.0080425,0.0087661,0.0091909,0.009538,0.0098741,0.010055,0.010181,0.010351,0.010513,0.010752,0.011359,0.012314,0.013896,0.015823,0.018077,0.02087
0,0.0048656,0.0088713,0.01175,0.014056,0.016207,0.017545,0.018222,0.018632,0.019416,0.020935,0.023459,0.026575,0.030307,0.034083,0.037759,0.041756,0.04687,0.052547,0.058707,0.064652
0,0.0042038,0.0085908,0.012962,0.016815,0.020583,0.024553,0.028039,0.030458,0.032409,0.034665,0.037733,0.041196,0.045531,0.050497,0.055666,0.06181,0.06823,0.073421,0.078929,0.083501
0,0.0043568,0.0090419,0.013953,0.017334,0.019598,0.02269,0.025232,0.026699,0.027859,0.028325,0.028846,0.029016,0.029062,0.029512,0.030985,0.03364,0.036543,0.038691,0.041447,0.046134
0,0.0049677,0.010122,0.014664,0.019041,0.022527,0.025872,0.028804,0.029735,0.029398,0.028902,0.028235,0.027512,0.026825,0.026306,0.026244,0.026734,0.028095,0.031211,0.036162,0.040638
0,0.0016996,0.0029136,0.0037975,0.0047578,0.005775,0.0064924,0.0068629,0.0070835,0.0074222,0.0076973,0.0077045,0.0075602,0.0074497,0.0075763,0.0084926,0.010107,0.012699,0.015567,0.018932,0.022561
0,0.0043442,0.0087737,0.01314,0.016812,0.018446,0.018739,0.018408,0.017552,0.016578,0.015342,0.014237,0.013644,0.014374,0.016483,0.019304,0.022439,0.025693,0.028491,0.031095,0.033754
0,0.0041634,0.0080066,0.011607,0.015753,0.021306,0.027471,0.032589,0.036503,0.038735,0.040108,0.040308,0.039306,0.037921,0.040138,0.045098,0.051101,0.05558,0.059644,0.06319,0.066082
0,0.0048962,0.0087213,0.011296,0.01377,0.015965,0.017913,0.019622,0.0211,0.022335,0.023286,0.024211,0.025042,0.026085,0.027034,0.027975,0.029015,0.02969,0.030139,0.031466,0.03351
0,0.0064616,0.012246,0.017916,0.02248,0.025064,0.026915,0.027644,0.027259,0.026703,0.026805,0.027565,0.028914,0.030918,0.033201,0.035554,0.037913,0.03959,0.041404,0.043568,0.045769
0,0.0025808,0.0051199,0.0073655,0.0093512,0.011167,0.012422,0.013319,0.013715,0.013901,0.014152,0.014498,0.015024,0.015241,0.015096,0.014801,0.014402,0.013961,0.013656,0.013845,0.014783
0,0.0023827,0.0047841,0.0073392,0.0097829,0.012214,0.014773,0.017203,0.019276,0.020518,0.021272,0.02175,0.021906,0.021762,0.021784,0.021763,0.021915,0.022396,0.023227,0.023959,0.024832
0,0.0048062,0.0095203,0.014069,0.01818,0.021773,0.024614,0.027311,0.02912,0.030878,0.03238,0.033775,0.035331,0.037323,0.039549,0.041765,0.044097,0.047103,0.050126,0.052635,0.05508
0,0.0070428,0.012245,0.015284,0.018545,0.021906,0.025087,0.027926,0.029501,0.030003,0.029851,0.028963,0.028317,0.028496,0.029384,0.030584,0.032396,0.033744,0.034365,0.03501,0.035791
0,0.0077532,0.015362,0.022468,0.028556,0.033278,0.037242,0.040263,0.042578,0.044347,0.045663,0.046324,0.046534,0.0461,0.044728,0.042728,0.040474,0.038389,0.036272,0.033985,0.031161
0,0.00074851,0.0015485,0.0021898,0.0028942,0.0033109,0.0033193,0.0030709,0.0029209,0.0029118,0.0030791,0.0034982,0.0040812,0.0047627,0.0056852,0.0070236,0.0087741,0.010701,0.012829,0.01512,0.017508
0,0.0056104,0.011691,0.018495,0.024411,0.026944,0.026548,0.024543,0.022529,0.021168,0.020289,0.019836,0.019957,0.020369,0.021115,0.022561,0.024456,0.026787,0.029532,0.032546,0.036386
0,0.0050896,0.010798,0.016346,0.02124,0.025835,0.03037,0.033361,0.034257,0.034298,0.034298,0.033903,0.033284,0.033466,0.036695,0.040538,0.044444,0.047983,0.051258,0.05431,0.057619
0,0.004102,0.0084227,0.012707,0.016839,0.021017,0.024873,0.027937,0.029267,0.029186,0.02857,0.028305,0.028922,0.029223,0.028917,0.028916,0.028519,0.029539,0.032251,0.034812,0.035982
0,0.0041191,0.0084726,0.012962,0.01769,0.023026,0.027937,0.03221,0.034767,0.035721,0.036575,0.037242,0.036998,0.035649,0.033975,0.033161,0.034669,0.037456,0.039877,0.041784,0.042332
0,0.0022288,0.0046731,0.0095043,0.014852,0.014477,0.012777,0.012016,0.011955,0.012,0.012278,0.012775,0.013404,0.01404,0.015054,0.016353,0.017754,0.019721,0.022567,0.025591,0.028279
0,0.0070741,0.013614,0.020161,0.026704,0.032886,0.038067,0.040233,0.041493,0.041636,0.04131,0.040417,0.040134,0.040584,0.040799,0.042673,0.047252,0.054005,0.059833,0.064581,0.06813
0,0.0070585,0.014205,0.019723,0.023234,0.025912,0.027489,0.028661,0.029576,0.03029,0.031015,0.032018,0.033487,0.035143,0.036249,0.037009,0.038146,0.038927,0.03992,0.042226,0.046001
0,0.0039493,0.0079472,0.011998,0.015838,0.019252,0.022195,0.024787,0.027011,0.02864,0.029545,0.030561,0.032827,0.035457,0.037363,0.037521,0.037621,0.038464,0.039594,0.040856,0.041862
0,0.0069503,0.013328,0.018824,0.023818,0.028393,0.03225,0.03644,0.038899,0.040492,0.041485,0.042163,0.042584,0.042301,0.042022,0.041929,0.041898,0.042091,0.042401,0.042903,0.043599
0,0.0027015,0.0053144,0.0081387,0.011006,0.013771,0.015947,0.017326,0.017542,0.017464,0.017315,0.017073,0.01631,0.016212,0.017119,0.01926,0.023347,0.028145,0.033166,0.038087,0.042899
0,0.003149,0.005977,0.0084862,0.010645,0.012586,0.014488,0.01601,0.01702,0.017603,0.018441,0.019558,0.020758,0.022088,0.02423,0.027025,0.030456,0.034508,0.039352,0.044413,0.049575
0,0.0048006,0.0093663,0.013265,0.01651,0.0192,0.021155,0.02241,0.022832,0.022858,0.02263,0.02225,0.022021,0.021826,0.021616,0.021684,0.022184,0.022863,0.022981,0.022881,0.024434
0,0.0061334,0.01244,0.01809,0.022675,0.026155,0.028639,0.030405,0.031918,0.032972,0.033649,0.034146,0.034578,0.034993,0.036398,0.039521,0.043502,0.046668,0.047918,0.047504,0.047809
0,0.0083841,0.015371,0.020812,0.024752,0.027069,0.02877,0.029727,0.029073,0.029278,0.029137,0.028291,0.027753,0.028898,0.031226,0.033518,0.036004,0.038267,0.040311,0.042165,0.044005
0,0.0032227,0.0066643,0.010508,0.014649,0.01955,0.024016,0.026923,0.028615,0.029631,0.03018,0.030804,0.031829,0.032692,0.033156,0.033085,0.032939,0.033416,0.034861,0.03757,0.041232
0,0.0038683,0.0075697,0.010987,0.014153,0.016554,0.017655,0.018135,0.018988,0.02044,0.022201,0.02373,0.024613,0.02573,0.027446,0.030644,0.035132,0.040297,0.046274,0.052829,0.05943
0,0.0021799,0.0043128,0.0064242,0.0084872,0.01061,0.012708,0.01467,0.016489,0.018122,0.019572,0.0211,0.022692,0.024047,0.024992,0.025659,0.026558,0.028149,0.030172,0.030553,0.030471
0,0.0046098,0.0097354,0.01424,0.016028,0.017952,0.018853,0.019127,0.020583,0.023443,0.026412,0.029156,0.031818,0.035179,0.038829,0.042446,0.045766,0.049149,0.051369,0.05273,0.054112
0,0.0066446,0.013803,0.020374,0.026195,0.030734,0.034309,0.036587,0.037625,0.038287,0.038486,0.037841,0.035613,0.033893,0.032884,0.032062,0.032327,0.033665,0.03616,0.039497,0.043353
0,0.0009037,0.0017237,0.0024155,0.003019,0.0036023,0.0041277,0.0044948,0.0047091,0.0048512,0.00485,0.0047024,0.0045851,0.0045957,0.0047438,0.0049125,0.0050389,0.0054114,0.0067933,0.008501,0.010285
0,0.0022182,0.0044548,0.0067509,0.0088985,0.011026,0.013252,0.015566,0.017035,0.018102,0.018854,0.019721,0.021004,0.022931,0.02523,0.027029,0.028275,0.029094,0.029992,0.031156,0.0327
0,0.0059855,0.012735,0.018352,0.021368,0.022228,0.0225,0.02263,0.024045,0.026053,0.028414,0.030906,0.03296,0.034759,0.036429,0.03837,0.04129,0.045583,0.049218,0.052555,0.05601
0,0.0029206,0.0058044,0.008683,0.011241,0.013451,0.01518,0.016348,0.016957,0.017219,0.017218,0.017118,0.017274,0.017373,0.017579,0.017954,0.018338,0.018579,0.019246,0.020733,0.023485
0,0.0037705,0.0074361,0.012492,0.017724,0.020759,0.024234,0.028059,0.031209,0.033635,0.035826,0.037972,0.039279,0.039256,0.038502,0.038602,0.040731,0.045347,0.047697,0.047125,0.044703
0,0.00075515,0.0013401,0.0017736,0.0021867,0.002573,0.0029189,0.0032726,0.0036546,0.0039406,0.0041428,0.0043022,0.0044893,0.0047083,0.0049914,0.0053462,0.005736,0.0059217,0.0059258,0.006094,0.0073622
0,0.0080836,0.017547,0.024675,0.031019,0.02913,0.028371,0.028746,0.028898,0.028587,0.028253,0.027625,0.027544,0.026799,0.025853,0.029051,0.034036,0.038108,0.04194,0.045139,0.048442
0,0.0051314,0.011795,0.019505,0.026954,0.033095,0.037756,0.041451,0.043128,0.0433,0.044015,0.043302,0.040332,0.035198,0.030675,0.028786,0.030713,0.033521,0.037077,0.040662,0.044137
0,0.0053696,0.010521,0.01606,0.023043,0.026993,0.027708,0.028349,0.02921,0.030676,0.032693,0.034541,0.035791,0.037027,0.040061,0.042702,0.04407,0.04469,0.045592,0.046621,0.047536
0,0.0065532,0.012004,0.015934,0.019501,0.02258,0.024281,0.024147,0.023514,0.023359,0.024628,0.026888,0.029302,0.03163,0.033945,0.036583,0.038939,0.041629,0.044158,0.046003,0.047362
0,0.0013405,0.002728,0.004081,0.0052876,0.0064273,0.0074236,0.0083053,0.009052,0.0096483,0.010152,0.010551,0.010836,0.010865,0.010642,0.010246,0.010184,0.010108,0.0097801,0.010263,0.01169
0,0.0047104,0.0098692,0.015259,0.020845,0.026196,0.030889,0.034322,0.036381,0.037584,0.038607,0.039365,0.039769,0.039598,0.039995,0.040736,0.041573,0.041557,0.042474,0.04396,0.047512
0,0.0061869,0.012177,0.017466,0.022907,0.02846,0.033224,0.037331,0.039119,0.039353,0.038276,0.035106,0.030213,0.027071,0.02869,0.033105,0.037927,0.041982,0.045428,0.048979,0.053096
0,0.0049754,0.010128,0.015565,0.021843,0.028748,0.034717,0.037728,0.040035,0.042749,0.044776,0.045994,0.046615,0.047088,0.047763,0.048323,0.048813,0.049254,0.049552,0.049955,0.050527
0,0.0050883,0.010271,0.015012,0.019454,0.023443,0.027208,0.030393,0.032687,0.034669,0.036608,0.038426,0.039991,0.041655,0.043323,0.044582,0.045029,0.045145,0.045041,0.045095,0.044959
0,0.002461,0.0046448,0.0067466,0.0086922,0.010436,0.012039,0.013384,0.014255,0.014738,0.015277,0.015973,0.016881,0.017689,0.018318,0.019385,0.020488,0.021029,0.021419,0.023495,0.027776
0,0.0041686,0.0069987,0.0092658,0.01134,0.012928,0.01405,0.015251,0.01616,0.016908,0.017441,0.017559,0.017602,0.017567,0.017569,0.018064,0.019083,0.020583,0.022372,0.024736,0.027668
0,0.0051293,0.009486,0.012931,0.015637,0.017189,0.018151,0.018989,0.019349,0.020078,0.02147,0.023892,0.027307,0.031468,0.03675,0.042081,0.047325,0.052097,0.057468,0.062774,0.067944
0,0.0056682,0.011746,0.017985,0.023563,0.02834,0.032446,0.035529,0.036135,0.035943,0.035372,0.034051,0.03303,0.032808,0.033327,0.034458,0.036558,0.039588,0.042655,0.045691,0.049386
0,0.0071869,0.015482,0.025616,0.035192,0.041499,0.045126,0.047095,0.046174,0.045523,0.043143,0.041004,0.039915,0.039032,0.038482,0.038469,0.039159,0.039755,0.039943,0.040292,0.041183
0,0.0022242,0.0044585,0.006523,0.0081902,0.0095351,0.010884,0.012256,0.01331,0.014149,0.014509,0.014534,0.01455,0.014887,0.015892,0.017412,0.018966,0.020148,0.021563,0.023133,0.024912
0,0.0030979,0.0058828,0.00755,0.0085601,0.0091393,0.0093436,0.009303,0.0091051,0.0089342,0.0089103,0.0092907,0.010676,0.013456,0.017739,0.023999,0.032027,0.040649,0.048448,0.055196,0.061413
0,0.0089267,0.016452,0.021654,0.026787,0.032023,0.036421,0.037681,0.038345,0.037951,0.037185,0.036183,0.034426,0.032986,0.033497,0.036685,0.042175,0.047456,0.052782,0.056875,0.060108
0,0.0033238,0.0068396,0.010508,0.014324,0.018113,0.021854,0.024525,0.025035,0.023872,0.023147,0.023686,0.025427,0.026439,0.026709,0.02726,0.028165,0.029187,0.0306,0.032127,0.033733
0,0.0077708,0.015249,0.021756,0.027874,0.033859,0.038745,0.042557,0.045394,0.047404,0.04844,0.048697,0.048654,0.047838,0.046487,0.044551,0.042949,0.041911,0.042589,0.045312,0.048571
0,0.0024155,0.0048839,0.0063273,0.0071487,0.0086208,0.010398,0.011436,0.011674,0.011893,0.012443,0.013095,0.014089,0.015725,0.018112,0.020958,0.024277,0.027306,0.030067,0.032974,0.036015
0,0.0021458,0.0038924,0.0054685,0.007167,0.0086318,0.0096091,0.010119,0.010522,0.010839,0.01103,0.011179,0.011323,0.011616,0.011883,0.011899,0.012579,0.014849,0.018404,0.02281,0.027875
0,0.0035548,0.0063954,0.008911,0.011103,0.012962,0.014579,0.015686,0.01644,0.017099,0.017733,0.018164,0.018342,0.018616,0.019174,0.020082,0.021908,0.024866,0.027812,0.030858,0.033564
0,0.0036398,0.007325,0.010918,0.014166,0.01726,0.020042,0.022011,0.023424,0.023923,0.02417,0.024482,0.024388,0.024003,0.024075,0.024725,0.025472,0.025903,0.026562,0.027397,0.029164
0,0.0083347,0.017499,0.025822,0.032298,0.038827,0.043716,0.04497,0.043709,0.042098,0.040389,0.038815,0.039008,0.041045,0.0441,0.047091,0.048492,0.048648,0.049743,0.051388,0.053225
0,0.0014729,0.0025721,0.0033346,0.0039902,0.0042224,0.0040212,0.0039262,0.0039736,0.0042752,0.0048388,0.0056729,0.0067212,0.0081464,0.0098325,0.01167,0.013666,0.015676,0.017452,0.019191,0.021049
0,0.0028653,0.0056328,0.0081729,0.01066,0.012869,0.015117,0.01724,0.018677,0.019619,0.020417,0.02139,0.022409,0.023722,0.026502,0.029632,0.032902,0.035747,0.03755,0.039645,0.044003
0,0.0052885,0.010288,0.014876,0.018461,0.020453,0.021894,0.023209,0.024528,0.025429,0.025493,0.024929,0.023945,0.022195,0.021584,0.024138,0.02866,0.034251,0.041253,0.048451,0.056481
0,0.0054492,0.011473,0.018391,0.027397,0.033483,0.033613,0.033487,0.032957,0.033485,0.033727,0.033644,0.033015,0.032808,0.032915,0.033288,0.033482,0.034085,0.035691,0.037944,0.040343
0,0.0054002,0.012429,0.020501,0.021839,0.021107,0.022205,0.024635,0.027252,0.029731,0.032041,0.033764,0.035373,0.036657,0.037878,0.03912,0.040162,0.039268,0.034702,0.030965,0.031021
0,0.0017452,0.0035708,0.005413,0.0070292,0.0084296,0.0096366,0.010327,0.010723,0.010964,0.011039,0.011059,0.011167,0.011231,0.011456,0.012367,0.013854,0.01586,0.018133,0.020729,0.023016
0,0.0045749,0.0095783,0.013054,0.01473,0.016657,0.019045,0.019781,0.019583,0.01915,0.01882,0.018335,0.017716,0.016956,0.016363,0.016038,0.01639,0.018044,0.021861,0.027167,0.033033
0,0.0068544,0.01385,0.02048,0.02654,0.030502,0.032976,0.034737,0.036431,0.03769,0.037665,0.035531,0.033435,0.032241,0.031584,0.032026,0.03436,0.038815,0.044129,0.048202,0.051124
0,0.0052608,0.011185,0.017437,0.023973,0.029661,0.033978,0.035861,0.035804,0.035165,0.03469,0.034999,0.036299,0.038775,0.042263,0.045494,0.048417,0.051408,0.053987,0.056224,0.058232
0,0.0082026,0.014323,0.018413,0.021145,0.022969,0.024848,0.026864,0.028402,0.029405,0.029966,0.030902,0.032494,0.033573,0.033624,0.03302,0.034789,0.03906,0.043672,0.048439,0.052953
0,0.003086,0.0057023,0.0083176,0.0095889,0.01073,0.011716,0.012093,0.012003,0.011682,0.011172,0.010858,0.010688,0.010328,0.009851,0.0093842,0.0094077,0.011478,0.014729,0.019139,0.024393
0,0.00265,0.0054142,0.0083052,0.011396,0.01421,0.017023,0.019499,0.020701,0.021332,0.021956,0.022508,0.023249,0.02427,0.02588,0.028621,0.031642,0.034605,0.038174,0.04298,0.049842
0,0.0042219,0.0080095,0.011303,0.013989,0.016436,0.018109,0.019172,0.019966,0.020238,0.020354,0.020738,0.020849,0.020138,0.019507,0.019594,0.020765,0.022582,0.025283,0.029302,0.034326
0,0.0093841,0.01755,0.023466,0.025266,0.025806,0.027075,0.027478,0.028351,0.029983,0.03283,0.036246,0.040265,0.045287,0.050501,0.055077,0.059341,0.063101,0.066584,0.070053,0.073318
0,0.0079847,0.013809,0.018487,0.023056,0.025638,0.027833,0.029096,0.02952,0.028981,0.027999,0.027067,0.026419,0.026558,0.028189,0.031702,0.036382,0.04114,0.046346,0.052347,0.057628
0,0.0029724,0.0055956,0.0082218,0.010896,0.013313,0.015176,0.015975,0.016423,0.016958,0.017278,0.01766,0.018869,0.020786,0.023605,0.026849,0.030259,0.033828,0.037522,0.040942,0.044404
0,0.0047078,0.0070903,0.0092529,0.011612,0.01244,0.013651,0.015296,0.016378,0.017571,0.018927,0.019936,0.021292,0.023766,0.027265,0.03187,0.036494,0.040338,0.043914,0.047464,0.051244
0,0.007834,0.012967,0.016986,0.021376,0.027056,0.03105,0.031598,0.031397,0.032427,0.033645,0.034884,0.036951,0.038846,0.040361,0.04168,0.043688,0.046913,0.05004,0.052148,0.055793
0,0.0070224,0.017528,0.016211,0.017427,0.019888,0.022783,0.024913,0.026135,0.026738,0.026715,0.026484,0.026703,0.027089,0.027912,0.029829,0.032314,0.034389,0.036166,0.038621,0.041823
0,0.0095478,0.016901,0.022909,0.026276,0.029975,0.034336,0.037851,0.04065,0.04195,0.042967,0.044524,0.047388,0.04955,0.050635,0.051422,0.052685,0.054096,0.055737,0.057512,0.059451
0,0.0024367,0.0049108,0.0070657,0.0088287,0.010179,0.011121,0.01143,0.011417,0.011399,0.011429,0.011682,0.012372,0.013454,0.015227,0.017881,0.021825,0.026434,0.030996,0.035937,0.040756
0,0.003821,0.0073797,0.010264,0.013053,0.015381,0.017481,0.019013,0.019542,0.019184,0.018699,0.018026,0.017914,0.018972,0.022394,0.026933,0.034843,0.045283,0.055673,0.064406,0.071702
0,0.0082997,0.015704,0.021822,0.027334,0.031671,0.034691,0.036505,0.037552,0.038329,0.039107,0.039437,0.038888,0.036105,0.033291,0.03364,0.042111,0.05367,0.062361,0.069484,0.076671
0,0.0045936,0.0091543,0.013815,0.018488,0.024025,0.029237,0.032852,0.034847,0.035615,0.035387,0.034611,0.03464,0.035304,0.035825,0.035546,0.034386,0.034731,0.036361,0.038527,0.040763
0,0.0058297,0.011447,0.016293,0.021125,0.025985,0.030897,0.033962,0.034568,0.034105,0.033652,0.033388,0.032865,0.031605,0.030161,0.029177,0.028731,0.028922,0.029612,0.030475,0.031883
0,0.0018131,0.0036197,0.0054132,0.0072307,0.008862,0.010292,0.011537,0.01266,0.013626,0.014275,0.01459,0.014659,0.014211,0.013978,0.014164,0.014899,0.016879,0.021076,0.02513,0.028129
0,0.0029192,0.0058342,0.0083378,0.010059,0.011103,0.012159,0.013109,0.013559,0.013733,0.013697,0.014043,0.015063,0.017265,0.021097,0.025883,0.031306,0.03704,0.042101,0.046064,0.049344
0,0.0035621,0.0069677,0.010187,0.013444,0.016436,0.019001,0.020628,0.021471,0.02163,0.021305,0.021314,0.022126,0.023201,0.024866,0.027229,0.030846,0.035964,0.042884,0.049043,0.053918
0,0.0056768,0.011873,0.020797,0.030306,0.031586,0.028254,0.026162,0.02543,0.025114,0.02524,0.025849,0.026948,0.028356,0.030741,0.033477,0.036394,0.040134,0.043374,0.046056,0.048778
0,0.0055139,0.011088,0.01759,0.025214,0.032703,0.038945,0.042334,0.04169,0.039577,0.037702,0.035833,0.03419,0.031969,0.028923,0.02788,0.028647,0.030165,0.031524,0.033816,0.036611
0,0.0016718,0.0033746,0.0050915,0.0065208,0.0072658,0.0076829,0.0078444,0.0079996,0.0081001,0.0080562,0.0076385,0.0071776,0.0071188,0.0081057,0.010194,0.013382,0.016831,0.02031,0.02348,0.026687
0,0.0037523,0.007411,0.010992,0.014611,0.01829,0.021436,0.023714,0.025316,0.025878,0.026018,0.025824,0.025433,0.024755,0.024557,0.025936,0.02894,0.033658,0.038386,0.041884,0.044684
0,0.0060994,0.013686,0.021197,0.029003,0.033494,0.035489,0.033147,0.030973,0.029347,0.027985,0.027322,0.026984,0.026838,0.026879,0.027273,0.028305,0.030173,0.032916,0.03633,0.040132
0,0.0026595,0.005364,0.0080778,0.010884,0.01356,0.01585,0.018021,0.019721,0.020821,0.021699,0.022201,0.022196,0.022304,0.023029,0.023906,0.024832,0.026637,0.029235,0.032304,0.034726
0,0.0048967,0.0099162,0.015391,0.021115,0.02762,0.034406,0.039292,0.042473,0.044358,0.045086,0.044518,0.043784,0.042193,0.039173,0.034956,0.03048,0.027408,0.026321,0.030808,0.038264
0,0.002334,0.0047048,0.0070846,0.0094639,0.011691,0.013724,0.015479,0.016732,0.017597,0.017985,0.017963,0.017727,0.017293,0.01656,0.015715,0.01541,0.015764,0.016643,0.017651,0.018804
