0,0.11337,0.24737,0.40007,0.57835,0.75741,0.91755,1.0305,1.0927,1.118,1.1272,1.1422,1.1923,1.2441,1.3042,1.3736,1.4453,1.5148,1.5442,1.5187,1.4373
0,0.10182,0.20936,0.32198,0.4378,0.54565,0.63209,0.69689,0.74143,0.77869,0.80599,0.82815,0.85552,0.8828,0.91334,0.94249,0.9707,0.98846,0.99562,0.99815,0.98842
0,0.084208,0.17271,0.26493,0.36249,0.4524,0.53368,0.58732,0.60708,0.61333,0.61745,0.62224,0.63715,0.65456,0.67421,0.69024,0.71315,0.73799,0.7687,0.81016,0.85846
0,0.10176,0.2148,0.3407,0.4787,0.60798,0.70686,0.75673,0.76034,0.739,0.71423,0.69156,0.68468,0.68173,0.69036,0.71244,0.74325,0.7669,0.77056,0.75556,0.75721
0,0.080239,0.16603,0.26324,0.36438,0.45549,0.52995,0.57831,0.59829,0.60071,0.59764,0.60424,0.6294,0.65961,0.69696,0.73918,0.79191,0.85228,0.90078,0.8999,0.83992
0,0.099646,0.21402,0.34281,0.49213,0.6349,0.76316,0.85403,0.90494,0.92541,0.93807,0.9513,0.98606,1.0231,1.0684,1.1104,1.1574,1.1973,1.2115,1.1849,1.1186
0,0.092069,0.19293,0.30465,0.42513,0.53812,0.63349,0.70451,0.75289,0.7877,0.81647,0.8416,0.87316,0.90464,0.93691,0.96623,0.99139,1.0103,1.0237,1.0205,0.99058
0,0.079859,0.17184,0.27208,0.3704,0.45838,0.52673,0.5703,0.59546,0.61129,0.62361,0.63679,0.65984,0.68404,0.70904,0.72772,0.75248,0.78594,0.82339,0.87201,0.90899
0,0.096229,0.20826,0.3377,0.47864,0.60342,0.68834,0.72401,0.71762,0.697,0.66782,0.63977,0.62718,0.62618,0.63779,0.67048,0.70601,0.74846,0.76765,0.75261,0.73093
0,0.068306,0.14273,0.22575,0.31486,0.40474,0.49042,0.54476,0.56407,0.56758,0.56665,0.56798,0.58912,0.6157,0.65776,0.71108,0.77533,0.84241,0.8863,0.86896,0.8033
0,0.089573,0.18967,0.30345,0.43023,0.54795,0.64977,0.71879,0.75515,0.77298,0.7836,0.79883,0.83392,0.8712,0.91237,0.95407,0.99422,1.0237,1.0339,1.0103,0.95612
0,0.098652,0.2028,0.30375,0.40248,0.49204,0.5705,0.62843,0.66255,0.69064,0.71323,0.73309,0.75666,0.77712,0.79832,0.81846,0.84537,0.87748,0.91062,0.93101,0.90951
0,0.089712,0.18198,0.27542,0.37017,0.4587,0.53511,0.58058,0.59256,0.58774,0.58435,0.58542,0.596,0.6076,0.6246,0.64218,0.67309,0.70668,0.73661,0.75484,0.78142
0,0.094716,0.20188,0.32517,0.45177,0.56673,0.65604,0.69025,0.68674,0.67234,0.66477,0.66969,0.68606,0.70458,0.7243,0.73978,0.7454,0.7474,0.73555,0.69869,0.66169
0,0.077708,0.16427,0.26366,0.37095,0.47363,0.5629,0.62374,0.6489,0.65256,0.65286,0.66108,0.69363,0.72822,0.7735,0.83145,0.89688,0.9644,1.0042,0.99116,0.93693
0,0.093674,0.19861,0.31007,0.42406,0.53133,0.63101,0.70817,0.74987,0.77198,0.78199,0.79284,0.82037,0.84911,0.88579,0.92038,0.95265,0.97758,0.98126,0.95222,0.90806
0,0.08859,0.18408,0.28813,0.39897,0.50766,0.59444,0.64858,0.67608,0.69212,0.69915,0.70527,0.72415,0.74582,0.77506,0.81291,0.85635,0.89851,0.93183,0.94271,0.91095
0,0.080734,0.16717,0.26256,0.35743,0.44369,0.50889,0.54588,0.55902,0.56459,0.56371,0.55941,0.56209,0.56253,0.56758,0.57965,0.60464,0.64375,0.67238,0.68462,0.68696
0,0.10425,0.22343,0.35605,0.49323,0.61346,0.69272,0.72441,0.71887,0.69333,0.66807,0.66077,0.67076,0.68346,0.70018,0.71936,0.73492,0.75779,0.78538,0.79141,0.77203
0,0.070447,0.147,0.23478,0.32984,0.42401,0.50706,0.56334,0.58604,0.60076,0.60932,0.62316,0.65757,0.69069,0.72836,0.77423,0.82178,0.86363,0.89438,0.89453,0.84243
0,0.088175,0.18607,0.29359,0.41055,0.51968,0.61323,0.68527,0.72704,0.74808,0.76309,0.77932,0.80698,0.8319,0.85349,0.87268,0.89526,0.9121,0.91184,0.88912,0.84934
0,0.08751,0.18494,0.28414,0.39331,0.49934,0.58881,0.64949,0.67881,0.68925,0.694,0.69821,0.71952,0.74449,0.77197,0.79806,0.83135,0.86595,0.89704,0.90765,0.89698
0,0.092587,0.1952,0.30241,0.41535,0.52338,0.60158,0.64747,0.66291,0.66068,0.64964,0.64386,0.65718,0.67264,0.70183,0.74477,0.79007,0.81124,0.81108,0.78312,0.7443
0,0.10161,0.22489,0.36477,0.50732,0.62868,0.7028,0.72862,0.70992,0.6755,0.64987,0.6408,0.64815,0.6657,0.68806,0.71548,0.73681,0.74814,0.75358,0.75286,0.74882
0,0.066965,0.13969,0.22215,0.31239,0.39488,0.4708,0.52388,0.53787,0.53569,0.52833,0.52966,0.55077,0.5805,0.62657,0.68113,0.74646,0.8122,0.85475,0.84462,0.7932
0,0.11415,0.24458,0.39487,0.5594,0.71677,0.85252,0.94918,1.0003,1.0216,1.0258,1.0336,1.0694,1.1109,1.1607,1.221,1.2885,1.3474,1.3666,1.3325,1.2391
0,0.11137,0.23645,0.37003,0.51106,0.64403,0.7542,0.83602,0.87877,0.90243,0.92115,0.94047,0.96739,0.99594,1.0298,1.0634,1.0984,1.1302,1.1465,1.1404,1.1136
0,0.086317,0.18194,0.28347,0.38711,0.47538,0.55205,0.60054,0.62248,0.63658,0.65215,0.66452,0.68681,0.70797,0.73235,0.75225,0.77101,0.79671,0.83105,0.87265,0.90421
0,0.081465,0.1705,0.27186,0.38702,0.50539,0.60559,0.65923,0.66776,0.65979,0.63903,0.62091,0.62377,0.63262,0.64744,0.66712,0.69756,0.72736,0.75022,0.7713,0.8017
0,0.077499,0.16358,0.2547,0.34918,0.43438,0.50507,0.55272,0.57026,0.56788,0.56304,0.56732,0.59054,0.61857,0.65626,0.70401,0.76139,0.81517,0.84845,0.84058,0.789
0,0.09526,0.20207,0.32488,0.45761,0.58484,0.69906,0.77942,0.82428,0.83593,0.83545,0.8321,0.85006,0.8733,0.90924,0.95865,1.0134,1.0578,1.0703,1.046,0.97774
0,0.10911,0.22607,0.3488,0.48306,0.6107,0.71378,0.78394,0.82667,0.85716,0.88042,0.9006,0.92856,0.95693,0.98871,1.0186,1.0499,1.0874,1.1139,1.1059,1.0595
0,0.084973,0.1734,0.2621,0.35097,0.43787,0.51686,0.57469,0.61302,0.63553,0.65562,0.67921,0.70691,0.73571,0.761,0.78137,0.79905,0.81679,0.84995,0.89838,0.93327
0,0.088645,0.1821,0.28419,0.39855,0.5122,0.59788,0.63219,0.6318,0.60948,0.58009,0.55296,0.54501,0.54697,0.55923,0.58734,0.62748,0.6762,0.72018,0.74996,0.76223
0,0.064787,0.13464,0.21552,0.30334,0.38572,0.45739,0.50381,0.51343,0.5046,0.49215,0.49266,0.50994,0.53449,0.57368,0.62334,0.68195,0.74075,0.77486,0.76303,0.71387
0,0.089046,0.1897,0.305,0.43,0.54157,0.63016,0.69379,0.72625,0.73126,0.72949,0.73446,0.76168,0.79404,0.8322,0.87594,0.92431,0.96331,0.97268,0.93574,0.87628
0,0.11257,0.23401,0.35973,0.48388,0.59732,0.68965,0.75021,0.78027,0.80105,0.81703,0.83331,0.85642,0.88049,0.91138,0.94488,0.98456,1.0218,1.0575,1.0547,1.0105
0,0.082674,0.17366,0.27183,0.37148,0.46962,0.5514,0.59921,0.61403,0.61849,0.61989,0.62179,0.64066,0.66165,0.68538,0.712,0.74298,0.77501,0.80357,0.82267,0.84689
0,0.077158,0.15849,0.24495,0.33938,0.44737,0.54085,0.58997,0.59925,0.59924,0.60579,0.62104,0.64779,0.67956,0.71211,0.74595,0.76685,0.78079,0.78418,0.7658,0.75018
0,0.069512,0.14943,0.24014,0.34243,0.43657,0.52115,0.57737,0.59314,0.58318,0.57161,0.56932,0.58977,0.61774,0.65826,0.70853,0.76573,0.82572,0.86222,0.8453,0.78841
0,0.091921,0.19564,0.30773,0.42714,0.53673,0.62701,0.68694,0.72476,0.74444,0.75036,0.75718,0.78144,0.80799,0.83769,0.86945,0.90855,0.93827,0.93523,0.90095,0.85301
0,0.10494,0.2164,0.33307,0.45082,0.56953,0.67147,0.73918,0.76786,0.77739,0.78492,0.79733,0.82221,0.84729,0.88042,0.92359,0.97879,1.0352,1.0813,1.0811,1.0263
0,0.077282,0.15907,0.23965,0.31883,0.39921,0.47575,0.5263,0.54382,0.54669,0.54551,0.54389,0.55422,0.56826,0.588,0.6113,0.64365,0.68098,0.72704,0.76167,0.78304
0,0.091277,0.19548,0.31467,0.44671,0.57333,0.67173,0.71694,0.71995,0.70391,0.68189,0.67415,0.68864,0.70612,0.7256,0.75158,0.78392,0.81512,0.85068,0.86627,0.86694
0,0.060086,0.12761,0.2081,0.29532,0.38208,0.45977,0.51406,0.53056,0.53082,0.52464,0.52409,0.54112,0.56542,0.60193,0.64927,0.70186,0.75158,0.78239,0.76865,0.72301
0,0.088421,0.18209,0.28785,0.40115,0.50685,0.59383,0.65703,0.6953,0.7146,0.72573,0.73349,0.75665,0.77832,0.79552,0.81456,0.84081,0.87425,0.89317,0.89166,0.87142
0,0.099355,0.2078,0.32613,0.4535,0.57736,0.68469,0.75587,0.78744,0.80031,0.80761,0.81789,0.84333,0.86845,0.89943,0.93312,0.97651,1.0282,1.0718,1.0787,1.0262
0,0.064905,0.13325,0.20525,0.2825,0.3689,0.44767,0.49635,0.50607,0.50837,0.51398,0.52545,0.55826,0.59565,0.63903,0.68683,0.73891,0.78478,0.81871,0.84294,0.83693
0,0.083781,0.18242,0.29927,0.43551,0.55628,0.63948,0.67043,0.66292,0.63605,0.60974,0.59879,0.61781,0.64762,0.6865,0.72493,0.75869,0.78344,0.79329,0.78943,0.78398
0,0.066166,0.13661,0.2133,0.29546,0.3713,0.43816,0.48093,0.49744,0.50437,0.50566,0.51393,0.54345,0.58043,0.63233,0.69107,0.75139,0.80817,0.84441,0.83027,0.78372
0,0.11125,0.24969,0.41569,0.60491,0.78615,0.94719,1.0557,1.1042,1.1135,1.1104,1.1223,1.1752,1.2393,1.3239,1.4166,1.5123,1.603,1.6513,1.631,1.5359
0,0.11309,0.23278,0.36396,0.50531,0.64136,0.76269,0.85676,0.91243,0.95301,0.98149,1.0066,1.0349,1.0587,1.0817,1.1048,1.1327,1.157,1.1741,1.1785,1.1618
0,0.10079,0.20923,0.32656,0.4538,0.56916,0.66571,0.72867,0.76744,0.80323,0.83426,0.86092,0.89285,0.91799,0.94508,0.97002,0.99436,1.0235,1.0565,1.0996,1.1252
0,0.10713,0.21406,0.32326,0.42961,0.53123,0.61578,0.66243,0.66975,0.66354,0.64342,0.6304,0.63602,0.64529,0.67896,0.7368,0.80585,0.86761,0.91038,0.94642,0.97846
0,0.071163,0.15017,0.23595,0.3242,0.40797,0.47203,0.51086,0.53011,0.53682,0.53856,0.54765,0.57096,0.59798,0.63207,0.6771,0.73461,0.78417,0.81279,0.80189,0.75538
0,0.099499,0.21456,0.34582,0.48507,0.62192,0.74777,0.84174,0.88319,0.89132,0.88511,0.88255,0.91526,0.95238,1.0003,1.0615,1.126,1.1805,1.2054,1.1715,1.0863
0,0.11183,0.23433,0.37122,0.51463,0.64582,0.74897,0.82273,0.87656,0.91455,0.94353,0.96914,1.0012,1.0323,1.0587,1.0786,1.1006,1.129,1.1471,1.1401,1.0998
0,0.097276,0.1998,0.31321,0.43111,0.54803,0.63931,0.7062,0.75907,0.80183,0.83631,0.86995,0.91148,0.95158,0.98854,1.0179,1.0446,1.0701,1.095,1.1382,1.1559
0,0.12439,0.24795,0.38304,0.51988,0.63661,0.72672,0.78323,0.80193,0.7816,0.744,0.71038,0.70672,0.72005,0.75913,0.83292,0.91683,1.0136,1.0961,1.1602,1.1918
0,0.066645,0.13686,0.21309,0.29254,0.36605,0.42857,0.47028,0.48653,0.49175,0.49171,0.49931,0.52164,0.54796,0.58097,0.62113,0.67372,0.72696,0.75598,0.74195,0.70865
0,0.091079,0.19491,0.3031,0.41835,0.53886,0.64865,0.73188,0.77846,0.7842,0.78429,0.78592,0.82547,0.87151,0.92114,0.9727,1.0218,1.0648,1.08,1.0427,0.96685
0,0.1125,0.23375,0.36658,0.50286,0.62647,0.73198,0.81104,0.85443,0.88479,0.90477,0.92411,0.94822,0.971,0.99469,1.0219,1.0555,1.0945,1.1221,1.1148,1.0709
0,0.096455,0.20485,0.32324,0.45807,0.58977,0.69884,0.76773,0.79964,0.81285,0.82078,0.8345,0.86285,0.89241,0.92424,0.95219,0.98485,1.0158,1.0516,1.0835,1.1038
0,0.14571,0.31506,0.49289,0.64921,0.79104,0.89792,0.95943,0.97386,0.9657,0.94913,0.93676,0.96951,1.013,1.0699,1.1406,1.2238,1.2753,1.3059,1.2933,1.2756
0,0.067118,0.14252,0.23091,0.32872,0.43077,0.50984,0.5595,0.57614,0.57354,0.56751,0.57101,0.59484,0.6222,0.65774,0.70477,0.76071,0.81714,0.85267,0.83857,0.79418
0,0.093608,0.20196,0.32309,0.44825,0.56214,0.66349,0.74864,0.80052,0.81563,0.81808,0.81853,0.84868,0.88154,0.92115,0.96428,1.0032,1.0306,1.0272,0.98776,0.92824
0,0.10473,0.21868,0.34215,0.47411,0.60133,0.7132,0.79344,0.83114,0.85129,0.86839,0.88362,0.90849,0.93305,0.96215,0.99999,1.0483,1.102,1.1453,1.1395,1.0791
0,0.079657,0.16485,0.26321,0.37437,0.49178,0.59301,0.65777,0.68691,0.69546,0.69117,0.69124,0.70921,0.73148,0.76217,0.79828,0.83985,0.88149,0.93044,0.97191,0.98655
0,0.10779,0.23777,0.38386,0.53344,0.67273,0.78535,0.82634,0.82093,0.79747,0.76554,0.7503,0.75911,0.77862,0.81694,0.87302,0.94157,1.0171,1.0769,1.0963,1.0913
0,0.064526,0.13345,0.20897,0.29019,0.36978,0.43925,0.48296,0.50134,0.50913,0.50892,0.51542,0.5425,0.57436,0.61406,0.65978,0.7084,0.75162,0.77836,0.76678,0.72293
0,0.090357,0.18981,0.30203,0.42313,0.53195,0.62887,0.70654,0.75826,0.78512,0.79864,0.8134,0.84578,0.87681,0.90757,0.93402,0.95966,0.98182,0.98661,0.97304,0.941
0,0.10745,0.22669,0.35421,0.4884,0.62004,0.73227,0.81256,0.85417,0.87533,0.88711,0.89577,0.92081,0.94771,0.97849,1.0175,1.0693,1.1281,1.1668,1.1647,1.1155
0,0.067989,0.14127,0.22421,0.32018,0.42297,0.51734,0.58356,0.61294,0.62674,0.63064,0.64026,0.67276,0.71296,0.76543,0.82192,0.88321,0.94785,0.99777,1.0287,1.0222
0,0.09262,0.19604,0.30689,0.43231,0.56456,0.67033,0.73459,0.73853,0.70961,0.68287,0.67277,0.68126,0.70431,0.73986,0.78653,0.83434,0.86809,0.87897,0.87851,0.85297
0,0.070747,0.14773,0.23245,0.31813,0.40332,0.48227,0.54077,0.57546,0.5871,0.5905,0.60555,0.64868,0.6998,0.76661,0.8451,0.93646,1.0186,1.0658,1.0521,0.98622
0,0.1254,0.27379,0.439,0.61304,0.77031,0.9079,1.0046,1.0459,1.0499,1.0398,1.0364,1.0707,1.1151,1.1785,1.2542,1.3421,1.4117,1.4368,1.3976,1.2946
0,0.12765,0.26582,0.41028,0.55744,0.69552,0.82164,0.92077,0.98619,1.0336,1.0671,1.0853,1.1109,1.1301,1.1524,1.1743,1.186,1.1881,1.1676,1.1225,1.0836
0,0.11102,0.229,0.35427,0.48328,0.60342,0.7033,0.78009,0.84059,0.88596,0.91712,0.93604,0.96187,0.98343,1.0053,1.0189,1.0385,1.0604,1.0837,1.094,1.0778
0,0.064591,0.13455,0.21044,0.29331,0.38012,0.44971,0.50071,0.52989,0.54731,0.5621,0.58029,0.60776,0.63094,0.64943,0.66278,0.68357,0.71315,0.75376,0.80574,0.87194
0,0.079599,0.17153,0.27817,0.39178,0.49271,0.57194,0.62657,0.64887,0.64756,0.6448,0.65328,0.68861,0.7288,0.78171,0.84157,0.9142,0.98917,1.0503,1.055,0.99362
0,0.093389,0.20016,0.32273,0.46228,0.59301,0.70419,0.78516,0.8179,0.81382,0.80066,0.79034,0.81529,0.84811,0.89602,0.95143,1.0117,1.0575,1.0759,1.0445,0.96211
0,0.11235,0.23612,0.36833,0.50721,0.64396,0.76154,0.85528,0.91299,0.95958,0.99227,1.0174,1.0512,1.0792,1.0989,1.1153,1.1319,1.1467,1.1333,1.0843,1.0233
0,0.10528,0.21771,0.33727,0.47153,0.59656,0.69731,0.78269,0.85241,0.91152,0.95885,0.99607,1.0393,1.0803,1.1237,1.1613,1.1846,1.2037,1.2141,1.2283,1.1945
0,0.065782,0.13575,0.21088,0.29592,0.38898,0.46905,0.52218,0.55082,0.5625,0.56996,0.57534,0.5952,0.61429,0.63742,0.66491,0.70068,0.75197,0.81706,0.88339,0.95104
0,0.070983,0.15053,0.23809,0.32961,0.41853,0.49422,0.54701,0.56937,0.57093,0.56807,0.57622,0.60621,0.6457,0.70401,0.77319,0.85233,0.92714,0.97185,0.96334,0.89981
0,0.083678,0.17712,0.28162,0.40142,0.52084,0.61578,0.68277,0.70585,0.69658,0.68629,0.68451,0.71054,0.74277,0.78405,0.82824,0.87521,0.92114,0.94087,0.91388,0.85456
0,0.11849,0.24281,0.37428,0.51453,0.64784,0.75833,0.83552,0.88137,0.90851,0.92714,0.9413,0.95528,0.96492,0.97623,0.98889,1.0073,1.0227,1.0158,0.97458,0.9208
0,0.099852,0.21173,0.34015,0.48371,0.62127,0.7303,0.80181,0.8468,0.88094,0.90905,0.92801,0.95956,0.99131,1.0293,1.0622,1.0897,1.1065,1.1214,1.1295,1.1034
0,0.064757,0.1271,0.18872,0.26272,0.35463,0.45187,0.52237,0.56406,0.59244,0.62812,0.67216,0.72918,0.78756,0.83973,0.88605,0.92844,0.96439,0.99586,1.0222,1.0444
0,0.07613,0.16303,0.26403,0.37576,0.47863,0.56536,0.62108,0.64365,0.64169,0.63643,0.64372,0.67551,0.7187,0.77656,0.84953,0.93109,1.0077,1.0569,1.0479,0.98845
0,0.089019,0.18865,0.30037,0.41907,0.5251,0.62142,0.69249,0.72996,0.73582,0.72775,0.72222,0.74422,0.76729,0.80128,0.84191,0.88179,0.91355,0.91932,0.89102,0.84716
0,0.10912,0.22418,0.35032,0.48339,0.60698,0.71106,0.7844,0.82586,0.85199,0.86655,0.8777,0.89755,0.91427,0.93813,0.97378,1.0198,1.0623,1.0803,1.043,0.95983
0,0.086139,0.18063,0.28298,0.39798,0.51029,0.60617,0.6745,0.71677,0.74071,0.758,0.77195,0.79573,0.81843,0.85007,0.88132,0.91394,0.93895,0.96426,0.98924,0.98117
0,0.070263,0.14149,0.22766,0.33693,0.45894,0.56356,0.62193,0.64528,0.64718,0.65347,0.67126,0.70703,0.74113,0.77421,0.80711,0.84243,0.87339,0.90631,0.94079,0.97442
0,0.073391,0.15497,0.24486,0.33777,0.43647,0.52932,0.59535,0.63283,0.64436,0.65028,0.6651,0.69862,0.73499,0.78049,0.83694,0.90362,0.96999,1.0122,1.0061,0.9526
0,0.08875,0.18736,0.29812,0.41444,0.51853,0.60672,0.66954,0.70494,0.7157,0.7168,0.71854,0.73337,0.74905,0.77289,0.80469,0.83961,0.87229,0.89482,0.8939,0.8741
0,0.092761,0.19697,0.31458,0.44735,0.57574,0.6976,0.78676,0.84067,0.86792,0.88034,0.89002,0.91433,0.94096,0.97286,1.0049,1.0348,1.0637,1.0842,1.0713,1.0037
0,0.073425,0.15083,0.22966,0.31527,0.40891,0.50027,0.57082,0.60585,0.62814,0.65518,0.68415,0.72103,0.76128,0.81055,0.8635,0.90977,0.95192,0.99197,1.0205,1.0185
0,0.061831,0.13128,0.22079,0.33669,0.45376,0.55945,0.61626,0.63314,0.64053,0.65365,0.68137,0.72075,0.76073,0.80008,0.83936,0.87247,0.9011,0.92454,0.93678,0.93407
0,0.073719,0.15234,0.23875,0.3301,0.41875,0.49084,0.5375,0.55184,0.55878,0.56519,0.58097,0.62035,0.66984,0.72853,0.79908,0.8719,0.93979,0.98361,0.98139,0.93932
0,0.13818,0.30271,0.49491,0.70851,0.90591,1.0692,1.1856,1.2404,1.2498,1.2473,1.2477,1.2911,1.3369,1.3925,1.4524,1.5203,1.5852,1.6012,1.5512,1.4345
0,0.1151,0.24023,0.36982,0.51135,0.64434,0.75691,0.84086,0.89185,0.91797,0.92927,0.9361,0.95989,0.98576,1.0185,1.0544,1.0903,1.1156,1.12,1.1022,1.0786
0,0.11715,0.23943,0.3651,0.49841,0.62694,0.73289,0.81084,0.8636,0.90731,0.94004,0.96557,0.99816,1.0253,1.049,1.0692,1.0947,1.128,1.145,1.1407,1.1147
0,0.074361,0.15264,0.23792,0.33708,0.43385,0.51687,0.57861,0.60981,0.62689,0.64304,0.66458,0.69983,0.73001,0.76235,0.7899,0.81898,0.85154,0.88594,0.90779,0.94089
0,0.076667,0.16356,0.25982,0.36043,0.45487,0.52497,0.56998,0.58826,0.59021,0.59173,0.60192,0.63089,0.66639,0.70941,0.7644,0.8258,0.88846,0.93353,0.93215,0.89767
0,0.10346,0.22373,0.36904,0.53262,0.68817,0.81434,0.90355,0.93923,0.93294,0.91819,0.90863,0.93669,0.96903,1.0098,1.0563,1.1106,1.1557,1.1648,1.1243,1.0394
0,0.11163,0.22683,0.34922,0.48168,0.60742,0.70583,0.77985,0.82291,0.84859,0.87104,0.89064,0.91906,0.9438,0.96806,0.98528,1.0024,1.0241,1.0232,0.99186,0.95657
0,0.11081,0.23111,0.36364,0.50925,0.65357,0.77201,0.8545,0.91469,0.96529,1.0093,1.045,1.0819,1.1157,1.1531,1.1918,1.2285,1.2575,1.2726,1.2715,1.2259
0,0.076279,0.15479,0.24188,0.34968,0.4631,0.56179,0.62346,0.64819,0.65856,0.67422,0.69551,0.73535,0.77037,0.80365,0.83918,0.88082,0.92393,0.97862,1.0337,1.0745
0,0.074238,0.15298,0.23953,0.33027,0.41732,0.49463,0.54643,0.56445,0.56757,0.56708,0.57252,0.59858,0.62883,0.66958,0.72066,0.78492,0.84751,0.89125,0.88967,0.8547
0,0.095874,0.20369,0.3293,0.4663,0.58926,0.6901,0.76182,0.79328,0.79217,0.78826,0.78823,0.82265,0.86399,0.91691,0.96874,1.0182,1.0512,1.0614,1.0214,0.95851
0,0.1073,0.22064,0.33973,0.46382,0.58338,0.68699,0.76706,0.81798,0.85484,0.88247,0.90188,0.92487,0.9454,0.96688,0.98951,1.0108,1.035,1.0446,1.0279,0.99881
0,0.11045,0.23013,0.36366,0.51262,0.6589,0.77367,0.8548,0.8983,0.92173,0.94325,0.96529,1.0013,1.0345,1.075,1.1117,1.1508,1.1893,1.2024,1.1884,1.1402
0,0.070887,0.1432,0.21947,0.31331,0.42428,0.51619,0.57615,0.59882,0.61762,0.63975,0.67715,0.73516,0.80001,0.8718,0.94377,1.0134,1.0725,1.1199,1.1438,1.1492
0,0.073997,0.15898,0.26226,0.37262,0.4757,0.55894,0.61816,0.64325,0.64771,0.64924,0.65778,0.69048,0.72767,0.76892,0.81937,0.87555,0.93906,0.98601,0.98569,0.95133
0,0.098186,0.2098,0.33393,0.46296,0.57886,0.67936,0.76153,0.80681,0.81126,0.80397,0.7993,0.82359,0.85236,0.88833,0.9252,0.96013,0.98637,0.98563,0.94785,0.89259
0,0.10482,0.22176,0.34817,0.48199,0.60685,0.70876,0.77722,0.81314,0.83461,0.84885,0.86238,0.88107,0.89869,0.92125,0.94778,0.98431,1.0212,1.0401,1.0259,0.98602
0,0.093015,0.19531,0.30915,0.43168,0.55537,0.65931,0.72921,0.76567,0.79014,0.81841,0.84487,0.87209,0.89563,0.92175,0.95082,0.98459,1.0181,1.0422,1.0418,0.99479
0,0.07429,0.15551,0.2499,0.36622,0.4955,0.60523,0.66518,0.68359,0.68528,0.69362,0.71005,0.74463,0.78442,0.82883,0.87585,0.92529,0.97743,1.0223,1.0524,1.0605
0,0.064981,0.13533,0.21579,0.30535,0.39404,0.47026,0.52013,0.53891,0.54825,0.55372,0.56497,0.59799,0.63712,0.68117,0.73186,0.7866,0.83773,0.87214,0.8751,0.83996
0,0.1048,0.21748,0.3452,0.4812,0.60237,0.70026,0.77407,0.81561,0.82838,0.83096,0.83363,0.85234,0.87158,0.89453,0.9168,0.93871,0.95706,0.96159,0.94309,0.90748
0,0.10972,0.22568,0.34902,0.47562,0.59047,0.68972,0.76391,0.80825,0.83683,0.85913,0.88035,0.90751,0.93173,0.95705,0.98364,1.0173,1.0544,1.0719,1.0513,1.0061
0,0.080452,0.17079,0.27183,0.38545,0.50505,0.61412,0.69022,0.72356,0.73976,0.76443,0.79622,0.83942,0.87975,0.92394,0.97257,1.0195,1.0608,1.0976,1.1102,1.0729
0,0.069332,0.14621,0.24242,0.3585,0.48005,0.58292,0.63521,0.63843,0.63208,0.64371,0.67204,0.71465,0.76449,0.81926,0.87325,0.92631,0.96863,0.999,1.0064,0.99404
0,0.06732,0.14107,0.22316,0.31479,0.40947,0.49724,0.57821,0.6239,0.6431,0.65398,0.67135,0.70923,0.7459,0.78574,0.82628,0.87023,0.91251,0.93711,0.93623,0.9211
0,0.091166,0.19741,0.32566,0.47932,0.63531,0.77092,0.85425,0.89321,0.90769,0.91161,0.92031,0.94387,0.96537,0.99213,1.0249,1.0625,1.1012,1.1207,1.1019,1.0485
0,0.074492,0.14841,0.22401,0.30211,0.37824,0.44706,0.50221,0.54984,0.58787,0.61677,0.63737,0.66948,0.70139,0.73751,0.77194,0.80201,0.82759,0.8484,0.86599,0.86139
0,0.1038,0.21443,0.33592,0.45029,0.53994,0.58848,0.60868,0.62224,0.63142,0.64126,0.6535,0.67203,0.69422,0.71432,0.73248,0.74812,0.76449,0.79762,0.84702,0.91733
0,0.10243,0.21525,0.35041,0.49706,0.62841,0.72665,0.79491,0.8131,0.79519,0.76915,0.7445,0.73212,0.72713,0.73244,0.75083,0.78906,0.83785,0.88422,0.90431,0.88989
0,0.059842,0.12971,0.20915,0.30484,0.40325,0.48196,0.53204,0.56259,0.58326,0.60182,0.62987,0.67029,0.70115,0.7297,0.76055,0.79319,0.82458,0.84956,0.83515,0.80302
0,0.089781,0.19517,0.32711,0.48412,0.63486,0.75124,0.82117,0.85938,0.88194,0.89989,0.92048,0.95174,0.98152,1.0132,1.0465,1.0805,1.1126,1.1402,1.1404,1.1045
0,0.073079,0.15261,0.24001,0.33514,0.42033,0.49134,0.54339,0.581,0.61101,0.63578,0.65507,0.67753,0.69631,0.7147,0.73493,0.76406,0.79571,0.83712,0.89103,0.90037
0,0.10144,0.21028,0.32461,0.43286,0.52192,0.58695,0.62335,0.63147,0.62482,0.61717,0.6172,0.62874,0.63951,0.65559,0.68393,0.72957,0.78106,0.83782,0.89144,0.95337
0,0.11223,0.23219,0.35449,0.48671,0.61141,0.71601,0.78139,0.79724,0.77834,0.74759,0.72827,0.72071,0.72068,0.73142,0.75528,0.79321,0.82659,0.8623,0.87667,0.86308
0,0.059709,0.12848,0.20634,0.29123,0.38308,0.47189,0.54097,0.57881,0.59675,0.6085,0.62383,0.65376,0.68478,0.71488,0.74559,0.78128,0.81555,0.83614,0.83536,0.83095
0,0.081789,0.18164,0.29482,0.42333,0.54503,0.64584,0.71961,0.76258,0.78601,0.80511,0.82552,0.85965,0.89124,0.92582,0.96346,1.0005,1.0322,1.0426,1.0241,0.98321
0,0.065411,0.13285,0.20248,0.27249,0.338,0.39969,0.45035,0.48508,0.51155,0.53507,0.55848,0.58734,0.61344,0.63547,0.65498,0.67686,0.70334,0.74306,0.77513,0.78904
0,0.096814,0.19973,0.3095,0.41773,0.51164,0.58742,0.63008,0.64589,0.6464,0.63932,0.63028,0.62707,0.62262,0.61453,0.6043,0.61423,0.64706,0.68558,0.72121,0.75947
0,0.10272,0.21627,0.34316,0.47359,0.59263,0.67954,0.70628,0.69181,0.66678,0.65174,0.65001,0.65968,0.67069,0.68268,0.69925,0.72946,0.77038,0.81029,0.82924,0.83363
0,0.070436,0.15004,0.24165,0.34129,0.4455,0.53599,0.59887,0.63235,0.64519,0.652,0.66559,0.69717,0.7295,0.76323,0.7986,0.83871,0.8747,0.8934,0.89199,0.87925
0,0.080755,0.17108,0.27259,0.38555,0.48654,0.57563,0.65427,0.70197,0.73276,0.75688,0.77679,0.79763,0.81556,0.83642,0.86421,0.892,0.92005,0.93399,0.92712,0.89357
0,0.061296,0.12879,0.19847,0.26824,0.33651,0.39649,0.44076,0.46797,0.48025,0.49197,0.50826,0.53554,0.56334,0.59274,0.62073,0.64987,0.6786,0.70316,0.7274,0.75278
0,0.099572,0.20231,0.30876,0.41315,0.4955,0.57055,0.63087,0.65296,0.64921,0.63711,0.61932,0.61969,0.62342,0.63127,0.64031,0.65738,0.69885,0.74607,0.77466,0.8
0,0.10923,0.23159,0.36962,0.5127,0.64238,0.72699,0.75713,0.738,0.69093,0.6541,0.64701,0.66646,0.68735,0.70445,0.72784,0.76588,0.81354,0.85708,0.88569,0.88842
0,0.062626,0.13289,0.21086,0.30029,0.40021,0.49721,0.56982,0.60711,0.62217,0.62898,0.64089,0.67153,0.70374,0.73574,0.76671,0.79675,0.82473,0.84138,0.82845,0.81347
0,0.077011,0.15859,0.24475,0.34298,0.4379,0.52436,0.59955,0.65061,0.69215,0.725,0.75037,0.77422,0.79429,0.81308,0.83019,0.84657,0.85739,0.85213,0.82495,0.7967
0,0.063361,0.13146,0.20532,0.28426,0.36023,0.41617,0.45245,0.46693,0.47313,0.48166,0.49675,0.52528,0.55478,0.58816,0.62222,0.65566,0.69264,0.72685,0.75402,0.76311
0,0.10791,0.23056,0.36613,0.49647,0.61259,0.70363,0.74128,0.7238,0.68381,0.64653,0.63406,0.64478,0.65464,0.66294,0.6805,0.71261,0.76346,0.81352,0.84958,0.8789
0,0.12548,0.26873,0.43553,0.60955,0.76232,0.85814,0.89495,0.88086,0.83706,0.78664,0.75256,0.76774,0.79949,0.83561,0.87459,0.91952,0.95923,0.99763,1.0133,1.0004
0,0.067413,0.13829,0.21532,0.29767,0.38907,0.48048,0.54449,0.58033,0.59904,0.60901,0.62036,0.65065,0.68494,0.72422,0.7672,0.81367,0.85601,0.88138,0.87716,0.86402
0,0.097263,0.20844,0.33772,0.49468,0.65309,0.77758,0.85317,0.89105,0.904,0.90792,0.91896,0.94644,0.97498,1.0071,1.0399,1.0779,1.1145,1.1366,1.1204,1.062
0,0.086732,0.18075,0.27595,0.37498,0.4664,0.54329,0.60548,0.65373,0.69588,0.72892,0.75342,0.78869,0.82573,0.86292,0.8963,0.92391,0.94917,0.96864,0.96969,0.95296
0,0.082222,0.16786,0.26049,0.35523,0.43774,0.50194,0.54429,0.57024,0.58746,0.59839,0.6158,0.64579,0.67572,0.70218,0.72058,0.73719,0.74985,0.76677,0.79688,0.84456
0,0.090748,0.18492,0.29078,0.4337,0.58029,0.70415,0.78297,0.78006,0.75106,0.72732,0.70844,0.70804,0.71479,0.72996,0.75328,0.79781,0.84947,0.9008,0.93534,0.93577
0,0.073866,0.15437,0.23984,0.32964,0.4202,0.49893,0.55046,0.57515,0.58433,0.59075,0.60435,0.63232,0.66103,0.69429,0.72736,0.75723,0.79059,0.81822,0.81018,0.77979
0,0.092399,0.20009,0.33,0.47539,0.61216,0.7204,0.78032,0.8109,0.83089,0.8436,0.85887,0.88717,0.91599,0.94715,0.98027,1.0166,1.0614,1.0999,1.1131,1.0894
0,0.089076,0.18558,0.28483,0.39686,0.50364,0.59477,0.65942,0.70533,0.7389,0.76551,0.79067,0.81327,0.83181,0.8519,0.86958,0.89302,0.92772,0.96756,0.99423,0.9813
0,0.077071,0.16128,0.24977,0.34463,0.42573,0.49282,0.53813,0.56447,0.58923,0.60882,0.62689,0.64801,0.66528,0.68457,0.70026,0.72371,0.75647,0.79174,0.83549,0.88027
0,0.10417,0.22159,0.36302,0.51189,0.64392,0.75529,0.80759,0.79239,0.75257,0.70745,0.67398,0.67372,0.68543,0.70855,0.74967,0.80665,0.86556,0.91396,0.93904,0.93138
0,0.065478,0.13654,0.21598,0.29948,0.38893,0.46698,0.52234,0.5545,0.56724,0.56835,0.5753,0.59619,0.61941,0.64547,0.677,0.71291,0.74337,0.76492,0.77102,0.76609
0,0.084543,0.17962,0.28773,0.41773,0.54518,0.64999,0.72391,0.77004,0.7957,0.81603,0.83867,0.87165,0.90375,0.93748,0.97342,1.0113,1.0442,1.0635,1.0632,1.0383
0,0.083798,0.17148,0.2594,0.34607,0.42992,0.50014,0.55562,0.5944,0.62765,0.65934,0.6853,0.7118,0.73918,0.76504,0.79027,0.81583,0.84294,0.87014,0.87824,0.85429
0,0.076546,0.16233,0.2582,0.35229,0.43864,0.51023,0.54781,0.55758,0.55731,0.56383,0.57353,0.59155,0.60978,0.62996,0.64946,0.67742,0.71167,0.7493,0.77753,0.79131
0,0.088982,0.19378,0.32146,0.46417,0.58997,0.68119,0.71636,0.69028,0.65466,0.64064,0.65862,0.68386,0.70537,0.7258,0.7549,0.80217,0.85363,0.89738,0.91665,0.92158
0,0.077261,0.15577,0.24288,0.33395,0.42634,0.49998,0.54796,0.57117,0.58246,0.58508,0.59215,0.6163,0.64233,0.67681,0.71481,0.75074,0.78734,0.81054,0.81204,0.79866
0,0.078652,0.16704,0.26851,0.38217,0.49203,0.5854,0.66104,0.70199,0.72343,0.74238,0.76163,0.78558,0.80542,0.83312,0.86577,0.90038,0.93372,0.95733,0.96112,0.93647
0,0.078914,0.16177,0.24824,0.33588,0.41613,0.48392,0.53864,0.56938,0.58943,0.61323,0.63156,0.66074,0.6905,0.71856,0.7464,0.77544,0.8065,0.83644,0.85214,0.8395
0,0.076121,0.15728,0.24513,0.33991,0.43455,0.50897,0.54874,0.55927,0.56679,0.57347,0.58551,0.60956,0.63185,0.65401,0.67451,0.69269,0.72843,0.77354,0.81422,0.84386
0,0.1116,0.23831,0.38466,0.53848,0.67301,0.76645,0.79901,0.77342,0.71464,0.67781,0.68194,0.71372,0.74145,0.76926,0.79881,0.83191,0.87749,0.92932,0.95919,0.96091
0,0.061544,0.12875,0.20707,0.28834,0.37733,0.45232,0.50067,0.52366,0.52772,0.52862,0.53704,0.56112,0.58549,0.61246,0.64452,0.67983,0.71159,0.7338,0.73871,0.73769
0,0.082423,0.17091,0.26618,0.36957,0.47069,0.56459,0.64264,0.69782,0.73966,0.76952,0.79213,0.81991,0.84376,0.86708,0.88416,0.89933,0.91532,0.91873,0.91336,0.90048
0,0.078309,0.16424,0.25778,0.35514,0.44602,0.52703,0.58225,0.60309,0.61451,0.62346,0.63612,0.66234,0.68935,0.72054,0.75463,0.79191,0.8315,0.86056,0.87283,0.85405
0,0.079477,0.16582,0.26164,0.35964,0.45974,0.54192,0.58884,0.60179,0.60886,0.62128,0.64353,0.67123,0.69221,0.71194,0.73374,0.76036,0.79145,0.83083,0.87427,0.93645
0,0.12261,0.26205,0.42219,0.59066,0.74233,0.83944,0.87884,0.85907,0.80696,0.76823,0.76561,0.78998,0.81794,0.85173,0.88505,0.9213,0.96046,0.9938,1.003,0.99551
0,0.06198,0.12612,0.20167,0.28864,0.38324,0.4753,0.55114,0.59178,0.60726,0.61553,0.62856,0.6652,0.70603,0.74837,0.79525,0.84505,0.88747,0.91002,0.90167,0.8847
0,0.10066,0.22046,0.36763,0.53882,0.70544,0.84198,0.91844,0.95285,0.96681,0.97672,0.99212,1.0279,1.0646,1.1086,1.1582,1.2171,1.2713,1.3092,1.3038,1.2536
0,0.1005,0.20754,0.31788,0.43152,0.53865,0.63584,0.71413,0.77091,0.80906,0.83697,0.8623,0.89837,0.93532,0.97501,1.0082,1.0359,1.058,1.0713,1.0751,1.073
0,0.075204,0.15215,0.23177,0.31901,0.39462,0.46262,0.513,0.54,0.56383,0.58895,0.61644,0.6536,0.68759,0.71988,0.75053,0.77589,0.79398,0.81219,0.84554,0.88651
0,0.12722,0.2608,0.40967,0.5596,0.6798,0.7654,0.80728,0.79665,0.76813,0.7505,0.7412,0.73965,0.74062,0.75062,0.77418,0.83191,0.91398,0.9986,1.0668,1.1081
0,0.066062,0.1417,0.22622,0.31948,0.41189,0.49077,0.54515,0.56966,0.58069,0.59015,0.60562,0.63821,0.66957,0.70339,0.74089,0.77893,0.81677,0.8469,0.83285,0.7967
0,0.085909,0.19141,0.32085,0.47725,0.62711,0.74659,0.81453,0.85076,0.87115,0.8856,0.89952,0.92823,0.95767,0.99078,1.0277,1.0665,1.104,1.1353,1.1454,1.12
0,0.099025,0.21169,0.33638,0.46623,0.59574,0.69968,0.77243,0.82425,0.85829,0.88433,0.90385,0.92739,0.94973,0.97662,0.99892,1.0191,1.0451,1.0776,1.1002,1.0898
0,0.067377,0.13893,0.21856,0.30546,0.38952,0.46378,0.51601,0.54412,0.56797,0.59663,0.6253,0.65654,0.68377,0.71099,0.7331,0.75477,0.78383,0.81196,0.85786,0.90763
0,0.14897,0.31267,0.47614,0.62029,0.74202,0.85628,0.93644,0.94292,0.91813,0.88079,0.85591,0.85667,0.86494,0.87819,0.91136,0.97389,1.07,1.1673,1.2326,1.2523
0,0.057969,0.12299,0.1984,0.27995,0.36645,0.44647,0.50875,0.54254,0.55509,0.55834,0.56961,0.59743,0.62758,0.66194,0.69928,0.73553,0.76729,0.78688,0.78859,0.78322
0,0.078209,0.16949,0.27852,0.41799,0.56215,0.67326,0.74958,0.79186,0.81558,0.83141,0.84903,0.87957,0.91301,0.95257,0.992,1.0341,1.0735,1.0863,1.0725,1.0299
0,0.096691,0.19811,0.30089,0.40126,0.49445,0.57979,0.64737,0.69526,0.73068,0.75773,0.78576,0.81709,0.84468,0.87492,0.90496,0.93435,0.96346,0.985,0.97867,0.95006
0,0.074419,0.15534,0.24735,0.35105,0.44896,0.53145,0.58175,0.59095,0.58898,0.59614,0.61299,0.65075,0.6887,0.72613,0.76117,0.7968,0.83263,0.86573,0.89452,0.89632
0,0.14371,0.30861,0.47198,0.64019,0.79525,0.93793,0.99224,0.97391,0.94244,0.92363,0.9268,0.93658,0.94478,0.95973,0.98853,1.0508,1.1256,1.1814,1.2174,1.2488
0,0.069724,0.14357,0.2261,0.31473,0.40538,0.48367,0.53991,0.56869,0.57878,0.58096,0.58923,0.61796,0.64821,0.68269,0.72116,0.75725,0.78927,0.80931,0.80704,0.78999
0,0.081426,0.16884,0.27083,0.38324,0.4976,0.60168,0.67157,0.70678,0.73671,0.75783,0.78061,0.80773,0.83366,0.86184,0.89161,0.92551,0.96146,0.98474,0.97891,0.94094
0,0.092089,0.18788,0.28559,0.38536,0.48115,0.5654,0.63155,0.67756,0.71374,0.74248,0.76834,0.79808,0.82659,0.8547,0.88493,0.91282,0.93878,0.95615,0.95685,0.92466
0,0.068256,0.14157,0.22069,0.30754,0.39813,0.47524,0.52409,0.5413,0.54679,0.55577,0.5688,0.60081,0.63467,0.67385,0.71296,0.75313,0.79135,0.83057,0.87199,0.89772
0,0.14117,0.30054,0.47699,0.64529,0.79536,0.90979,0.94145,0.9171,0.88096,0.85804,0.85941,0.87728,0.88911,0.89719,0.91072,0.9421,0.99651,1.0626,1.1046,1.1285
0,0.054398,0.11578,0.19078,0.28004,0.37249,0.45133,0.50827,0.534,0.53697,0.53648,0.54315,0.56908,0.59638,0.62712,0.66052,0.69633,0.72814,0.74988,0.75206,0.74643
0,0.079874,0.16369,0.25885,0.36468,0.46799,0.56006,0.6302,0.67861,0.71539,0.74125,0.764,0.79427,0.82236,0.84619,0.86452,0.87778,0.89189,0.89826,0.87794,0.83894
0,0.09441,0.19515,0.29711,0.40196,0.49743,0.58359,0.65079,0.6911,0.71834,0.74014,0.76452,0.79925,0.82986,0.86438,0.9031,0.9438,0.9839,1.0127,1.0201,0.98011
0,0.070349,0.14679,0.23554,0.32525,0.40843,0.48964,0.55415,0.58349,0.60606,0.63833,0.67316,0.71113,0.74421,0.77352,0.80721,0.84499,0.88908,0.94148,0.99319,1.0423
0,0.14076,0.3,0.48109,0.65916,0.82662,0.94939,0.99597,0.9792,0.94384,0.93514,0.9415,0.9663,0.98481,0.99648,1.0134,1.0365,1.0781,1.1244,1.1758,1.2009
0,0.075599,0.1547,0.24167,0.3412,0.45058,0.55438,0.62781,0.66149,0.67391,0.68119,0.69936,0.73645,0.77511,0.81721,0.864,0.91278,0.96039,1.0009,1.0108,0.99433
0,0.10796,0.23699,0.38564,0.54672,0.70378,0.8321,0.91287,0.94444,0.94904,0.95048,0.95866,0.98889,1.0233,1.0668,1.1157,1.1684,1.221,1.2517,1.2357,1.1753
0,0.11189,0.23337,0.36318,0.50131,0.63134,0.74261,0.8303,0.88503,0.92149,0.94994,0.97521,1.0121,1.0466,1.0801,1.108,1.1336,1.1496,1.1498,1.1335,1.1037
0,0.083221,0.16587,0.25252,0.33848,0.4173,0.48992,0.54432,0.57586,0.60615,0.63579,0.66879,0.70766,0.74167,0.77451,0.80086,0.82214,0.83694,0.84313,0.87319,0.89522
0,0.076844,0.1589,0.2482,0.34147,0.43318,0.51112,0.56747,0.59474,0.61017,0.62604,0.64924,0.67895,0.70447,0.72729,0.74594,0.76879,0.80265,0.84073,0.87297,0.90792
0,0.069486,0.14883,0.23791,0.33649,0.4384,0.52586,0.58444,0.61683,0.63378,0.64967,0.67078,0.70718,0.74247,0.78208,0.82695,0.87666,0.92392,0.96303,0.9631,0.93008
0,0.087938,0.18942,0.31429,0.45703,0.59225,0.70267,0.77398,0.80409,0.81428,0.82054,0.83293,0.85975,0.88762,0.92154,0.96046,1.0055,1.0495,1.0814,1.0851,1.0527
0,0.11653,0.24441,0.38054,0.52095,0.65893,0.7771,0.86301,0.91466,0.94206,0.95822,0.97098,0.99101,1.0084,1.0252,1.0434,1.0674,1.1061,1.1525,1.1666,1.127
0,0.073226,0.15382,0.25029,0.35608,0.45251,0.52516,0.56541,0.57344,0.59215,0.62136,0.65614,0.69322,0.72543,0.7545,0.77874,0.79749,0.81428,0.84942,0.90714,0.95069
0,0.081454,0.16264,0.24966,0.34064,0.42966,0.50751,0.56671,0.58849,0.59983,0.61562,0.63532,0.67114,0.70049,0.7277,0.75059,0.78606,0.82478,0.85712,0.88289,0.90815
0,0.070405,0.1485,0.23395,0.32578,0.42562,0.52137,0.58697,0.61484,0.61994,0.62116,0.63225,0.66045,0.68918,0.72094,0.75661,0.79865,0.8456,0.88443,0.89472,0.88981
0,0.087134,0.1844,0.30068,0.43804,0.573,0.68484,0.75843,0.78982,0.80385,0.81436,0.8304,0.86626,0.90142,0.94157,0.98393,1.0295,1.0752,1.1031,1.1051,1.0733
0,0.10612,0.21696,0.33536,0.45351,0.56344,0.65571,0.72614,0.76662,0.79137,0.81214,0.83295,0.85923,0.88334,0.90515,0.92741,0.94852,0.96263,0.96992,0.96812,0.93162
0,0.076665,0.16435,0.26518,0.37817,0.47575,0.54664,0.58156,0.58694,0.59022,0.60587,0.63048,0.67175,0.70777,0.74038,0.77046,0.79915,0.83807,0.87684,0.91182,0.92697
0,0.074102,0.15306,0.24524,0.34854,0.4612,0.54608,0.59853,0.63142,0.65293,0.68879,0.72366,0.76161,0.79446,0.81629,0.83661,0.85545,0.88626,0.90905,0.92764,0.96849
0,0.077255,0.16477,0.26412,0.37269,0.48443,0.57825,0.63877,0.66317,0.66723,0.66482,0.67395,0.70342,0.73251,0.76384,0.7991,0.84,0.89144,0.93197,0.94287,0.92659
0,0.082022,0.1726,0.27716,0.40155,0.52381,0.63029,0.70111,0.73059,0.74326,0.756,0.77304,0.80077,0.83148,0.86764,0.90688,0.95089,0.99231,1.0207,1.0243,0.99784
0,0.10039,0.20848,0.3236,0.45107,0.57155,0.66383,0.7258,0.7579,0.77432,0.7881,0.80533,0.83298,0.85883,0.88315,0.90965,0.94318,0.97035,0.99103,1.0079,0.97976
0,0.069964,0.14822,0.23695,0.33607,0.42282,0.48872,0.52511,0.53353,0.53733,0.55927,0.58851,0.62609,0.65915,0.68865,0.71154,0.73281,0.77394,0.83132,0.89004,0.91507
0,0.10168,0.21472,0.34307,0.47124,0.58394,0.65975,0.69624,0.6836,0.66752,0.66299,0.68445,0.71976,0.75641,0.79171,0.81822,0.84102,0.86536,0.89596,0.91585,0.93039
0,0.06349,0.1345,0.21661,0.30506,0.39766,0.48747,0.54685,0.57131,0.58184,0.5904,0.60197,0.62747,0.65301,0.67913,0.7078,0.73855,0.7653,0.78696,0.79911,0.79119
0,0.084553,0.17662,0.27787,0.39161,0.50498,0.60495,0.67451,0.71733,0.74967,0.77709,0.80057,0.8265,0.84885,0.87263,0.8941,0.91658,0.93396,0.94472,0.93497,0.90618
0,0.093945,0.19339,0.29868,0.40852,0.51386,0.59572,0.64903,0.67557,0.68928,0.70189,0.71782,0.74334,0.76931,0.79766,0.83241,0.87015,0.91762,0.97119,0.99637,0.96746
0,0.071356,0.14901,0.23268,0.31887,0.3965,0.45617,0.48501,0.50187,0.54366,0.60894,0.67202,0.72072,0.75728,0.78862,0.81301,0.83677,0.87413,0.93128,0.99023,1.0223
0,0.11894,0.2489,0.38609,0.53226,0.66214,0.75339,0.78645,0.78296,0.76595,0.77614,0.8034,0.84159,0.87788,0.90847,0.9387,0.9633,0.98324,0.9923,0.99129,0.98562
0,0.067549,0.13965,0.2224,0.31602,0.41806,0.51655,0.59892,0.64126,0.65846,0.66471,0.67395,0.71442,0.75781,0.80887,0.86384,0.92508,0.98245,1.0213,1.0264,1.0096
0,0.10773,0.23261,0.38033,0.55233,0.71744,0.84854,0.94009,0.9861,0.99507,0.98953,0.98922,1.0207,1.0554,1.096,1.1406,1.1956,1.2426,1.2586,1.2226,1.1562
0,0.10889,0.22798,0.3514,0.47727,0.59979,0.70481,0.78743,0.84072,0.87742,0.90632,0.93324,0.97121,1.0091,1.0457,1.0775,1.0978,1.1087,1.1122,1.106,1.0939
0,0.092571,0.19099,0.29756,0.41171,0.51249,0.59513,0.65561,0.69553,0.72672,0.75236,0.77989,0.81795,0.853,0.88411,0.91161,0.93858,0.95783,0.96327,0.95827,0.94608
0,0.076723,0.15714,0.24462,0.34157,0.4313,0.50664,0.55643,0.57215,0.58879,0.61628,0.64409,0.68016,0.71455,0.74872,0.77523,0.79984,0.82896,0.85806,0.87722,0.88724
0,0.070471,0.14781,0.23742,0.34162,0.44595,0.52441,0.57827,0.60247,0.6129,0.62427,0.64455,0.68077,0.71408,0.75163,0.79512,0.85118,0.91053,0.95297,0.95711,0.93923
0,0.10124,0.21933,0.3575,0.51211,0.65656,0.76866,0.84355,0.87918,0.8928,0.89451,0.89987,0.92906,0.95968,0.99656,1.0358,1.0762,1.1143,1.13,1.1287,1.1156
0,0.10735,0.22008,0.33863,0.46544,0.58885,0.69129,0.76959,0.82842,0.87081,0.90357,0.93057,0.95743,0.97978,0.99835,1.0121,1.025,1.0463,1.0721,1.0713,1.0522
0,0.095239,0.20383,0.32281,0.44563,0.56051,0.6466,0.70134,0.73828,0.77711,0.81197,0.83952,0.8717,0.90393,0.93514,0.9632,0.98996,1.0119,1.025,1.0372,1.0402
0,0.081223,0.16747,0.26415,0.36163,0.44247,0.51276,0.57083,0.58145,0.57774,0.58871,0.6081,0.6491,0.69066,0.73567,0.7809,0.82871,0.87385,0.90428,0.9278,0.94249
0,0.066353,0.1383,0.2182,0.30416,0.3972,0.48581,0.55525,0.59135,0.60331,0.60272,0.60866,0.6369,0.66764,0.70559,0.74776,0.7985,0.85042,0.8869,0.89478,0.8893
0,0.098041,0.21263,0.34479,0.48996,0.62712,0.74051,0.8202,0.86146,0.87779,0.88753,0.89997,0.9397,0.97791,1.0199,1.0644,1.1101,1.1562,1.1859,1.1802,1.1506
0,0.10333,0.21086,0.32895,0.45214,0.5639,0.6625,0.7365,0.78646,0.82637,0.85903,0.88545,0.90995,0.93577,0.96485,0.99106,1.0106,1.0246,1.0335,1.0157,0.98432
0,0.088997,0.18866,0.30395,0.42713,0.54036,0.62606,0.6884,0.71747,0.7437,0.77238,0.79358,0.82553,0.85595,0.88716,0.91785,0.95243,0.98532,1.0048,1.0008,0.97562
0,0.071752,0.14846,0.23613,0.33971,0.45261,0.56325,0.63409,0.65993,0.67367,0.7039,0.75307,0.80426,0.84931,0.89289,0.9369,0.97627,1.0139,1.0423,1.078,1.1289
0,0.069734,0.14764,0.23564,0.33302,0.43344,0.52143,0.58311,0.611,0.61809,0.6162,0.62354,0.65496,0.68866,0.72959,0.77645,0.82779,0.87764,0.90778,0.91197,0.89345
0,0.089167,0.18807,0.30324,0.43122,0.55762,0.66896,0.74686,0.77639,0.7879,0.79456,0.80833,0.8425,0.87498,0.91026,0.95125,0.99836,1.0404,1.0721,1.0799,1.0625
0,0.1052,0.21709,0.33708,0.45767,0.56557,0.65553,0.72649,0.77256,0.80559,0.82778,0.84799,0.87095,0.89607,0.92282,0.9492,0.97724,1.002,1.0076,0.98787,0.94572
0,0.075201,0.15697,0.24919,0.35336,0.45198,0.53488,0.58904,0.6223,0.65481,0.67665,0.69603,0.73257,0.76562,0.7995,0.82781,0.85632,0.89261,0.93154,0.96593,0.96507
0,0.098689,0.2112,0.34191,0.46972,0.57605,0.66001,0.70302,0.69301,0.67842,0.69558,0.72774,0.77983,0.82597,0.86932,0.90622,0.94384,0.97331,0.99597,1.0143,1.0191
0,0.058409,0.12377,0.19981,0.29039,0.38799,0.4715,0.53577,0.55971,0.56083,0.55845,0.56489,0.59388,0.62288,0.66032,0.70386,0.75308,0.80402,0.83749,0.84769,0.83925
0,0.093495,0.19678,0.30663,0.42622,0.5386,0.64738,0.73351,0.78201,0.81509,0.84045,0.8607,0.89116,0.91769,0.93989,0.9592,0.97972,0.99568,1.0007,0.98547,0.96583
0,0.099454,0.20161,0.30775,0.41079,0.51002,0.60279,0.67527,0.72405,0.7632,0.79128,0.81737,0.848,0.87563,0.90227,0.93063,0.96244,0.99724,1.0147,1.0028,0.95146
0,0.077617,0.16504,0.27039,0.38294,0.47849,0.55363,0.61851,0.66237,0.70333,0.7552,0.81012,0.85871,0.89579,0.92819,0.95891,0.9894,1.0267,1.0723,1.0956,1.088
0,0.10394,0.2212,0.35387,0.49385,0.61439,0.70749,0.76017,0.77001,0.76413,0.77855,0.81342,0.86169,0.89991,0.93306,0.96341,0.9877,1.0028,1.0249,1.0359,1.031
0,0.076426,0.16001,0.25338,0.34885,0.44721,0.5306,0.58665,0.61865,0.64279,0.66354,0.69181,0.73976,0.78294,0.82237,0.85836,0.89118,0.91776,0.93199,0.92797,0.91028
0,0.083534,0.17373,0.27075,0.36763,0.45314,0.52202,0.57053,0.59694,0.61028,0.62507,0.65223,0.68317,0.70958,0.73252,0.75262,0.77431,0.80513,0.84936,0.8776,0.86346
0,0.053712,0.10844,0.1621,0.22046,0.27859,0.32792,0.37014,0.40402,0.43191,0.45044,0.46542,0.49368,0.52277,0.55178,0.578,0.60201,0.62711,0.64785,0.65733,0.64903
0,0.082572,0.16082,0.23677,0.32326,0.43577,0.53522,0.61107,0.6641,0.70276,0.72159,0.73328,0.74444,0.75407,0.76526,0.78215,0.80852,0.84899,0.88959,0.90283,0.9015
0,0.11677,0.25767,0.42689,0.63688,0.81252,0.91956,0.96024,0.9464,0.89134,0.82634,0.78282,0.79331,0.82166,0.87286,0.93204,0.99472,1.0696,1.142,1.1883,1.1891
0,0.064781,0.13496,0.21657,0.31004,0.40707,0.48931,0.5442,0.57762,0.59931,0.6226,0.65433,0.69922,0.73884,0.77448,0.80929,0.83584,0.85121,0.85585,0.84359,0.85178
0,0.090478,0.18584,0.28765,0.39111,0.47497,0.54023,0.58404,0.61122,0.63543,0.6628,0.69842,0.73482,0.76793,0.79557,0.81997,0.83812,0.86127,0.90157,0.9337,0.91913
0,0.067536,0.13519,0.20411,0.28099,0.3544,0.41602,0.46307,0.49338,0.50533,0.49968,0.49372,0.50394,0.51487,0.52799,0.54169,0.56033,0.58973,0.62819,0.66375,0.66933
0,0.075785,0.14434,0.21102,0.28655,0.38337,0.46339,0.52921,0.5763,0.60882,0.62934,0.63731,0.65387,0.67623,0.70141,0.73463,0.77549,0.83326,0.88671,0.90973,0.89689
0,0.11068,0.24206,0.40329,0.58259,0.73151,0.83814,0.8798,0.86733,0.82948,0.79468,0.77964,0.7947,0.81205,0.84512,0.89369,0.95253,1.0224,1.0825,1.1238,1.1245
0,0.067841,0.14387,0.23479,0.33686,0.43698,0.51565,0.56431,0.58994,0.60839,0.6273,0.65439,0.694,0.73267,0.7686,0.80115,0.83196,0.8631,0.88388,0.8891,0.89489
0,0.08893,0.18138,0.27791,0.37539,0.46332,0.53085,0.5733,0.59375,0.60835,0.62174,0.638,0.66684,0.69746,0.72451,0.74819,0.77524,0.80511,0.83776,0.85274,0.81996
0,0.050421,0.10086,0.15262,0.20915,0.26921,0.32285,0.36488,0.39169,0.41383,0.42986,0.44828,0.4793,0.50661,0.52873,0.54389,0.55766,0.57592,0.60299,0.63002,0.64115
0,0.10013,0.20687,0.33211,0.46962,0.59095,0.67078,0.71245,0.71478,0.69657,0.67515,0.64186,0.63553,0.63626,0.64707,0.66659,0.69682,0.73971,0.78452,0.81218,0.81208
0,0.10548,0.22767,0.36674,0.51835,0.64223,0.70897,0.73047,0.71319,0.66716,0.62367,0.60847,0.62749,0.65318,0.68869,0.74198,0.80897,0.88415,0.96688,1.0224,1.063
0,0.08231,0.17142,0.27028,0.37992,0.48365,0.55703,0.60506,0.62488,0.63523,0.64835,0.67199,0.71113,0.75118,0.79076,0.83283,0.86765,0.89506,0.90922,0.90619,0.89916
0,0.080962,0.16677,0.25525,0.35028,0.4346,0.50384,0.55094,0.57402,0.58633,0.59884,0.61853,0.64388,0.66829,0.68969,0.71291,0.73859,0.76822,0.7982,0.80603,0.77707
0,0.057848,0.11804,0.18708,0.26614,0.34501,0.4169,0.47523,0.51365,0.52592,0.52238,0.51994,0.53918,0.56101,0.58785,0.61597,0.64578,0.67432,0.69901,0.72529,0.73586
0,0.095072,0.19662,0.31207,0.43713,0.53606,0.58907,0.60497,0.59184,0.58227,0.5749,0.57358,0.5927,0.61167,0.62647,0.63451,0.6437,0.66999,0.71537,0.76517,0.78799
0,0.1138,0.24323,0.39134,0.55417,0.69684,0.79688,0.84655,0.83988,0.81215,0.78318,0.76531,0.7853,0.81504,0.85875,0.90217,0.95508,1.0221,1.089,1.1298,1.1401
0,0.06506,0.13921,0.22151,0.30895,0.39749,0.46408,0.50817,0.53646,0.55828,0.57883,0.60188,0.64101,0.67355,0.70144,0.72585,0.74855,0.76621,0.777,0.78396,0.78875
0,0.083981,0.17247,0.26123,0.35124,0.43614,0.50861,0.56526,0.60344,0.62822,0.63849,0.64339,0.65778,0.67359,0.69061,0.71392,0.74559,0.78153,0.81173,0.81232,0.78222
0,0.065647,0.13369,0.20963,0.29178,0.37526,0.44633,0.50059,0.52661,0.53085,0.5231,0.51407,0.53177,0.55686,0.58876,0.62592,0.66672,0.70601,0.73735,0.75098,0.7486
0,0.10851,0.21666,0.3321,0.46181,0.5672,0.62528,0.65174,0.64904,0.63659,0.64473,0.67285,0.70554,0.72925,0.75187,0.77635,0.80461,0.83656,0.86446,0.88298,0.89187
0,0.14717,0.32374,0.52369,0.73104,0.87865,0.94223,0.97142,0.9566,0.92142,0.89682,0.88485,0.89615,0.90695,0.9296,0.97218,1.0366,1.1112,1.1937,1.2571,1.2776
0,0.06756,0.14147,0.22442,0.31696,0.40975,0.48833,0.54221,0.56805,0.5781,0.58653,0.60431,0.64033,0.67431,0.7092,0.74517,0.78095,0.81179,0.83258,0.83729,0.82552
0,0.082597,0.16758,0.25294,0.33476,0.40856,0.47328,0.52025,0.55076,0.56978,0.59427,0.62682,0.66175,0.69314,0.71964,0.74229,0.76715,0.79188,0.81653,0.83024,0.82254
0,0.061754,0.12851,0.20061,0.27446,0.34729,0.41295,0.46285,0.50006,0.52888,0.5465,0.55818,0.58383,0.6097,0.63934,0.66926,0.69641,0.72206,0.74204,0.74319,0.71674
0,0.081744,0.16509,0.25279,0.34816,0.44239,0.53788,0.61279,0.65028,0.66667,0.66935,0.6756,0.69483,0.71763,0.74622,0.77357,0.80339,0.84079,0.87389,0.89132,0.90776
0,0.10373,0.22999,0.38321,0.5588,0.72369,0.86001,0.92125,0.90017,0.83282,0.76302,0.7182,0.72655,0.75207,0.78726,0.83216,0.89039,0.95851,1.0342,1.0962,1.1266
0,0.072242,0.15387,0.24688,0.34665,0.44619,0.52791,0.57552,0.59534,0.60992,0.62706,0.65,0.685,0.71899,0.75282,0.78478,0.8117,0.82926,0.83417,0.83998,0.85411
0,0.082915,0.17269,0.26869,0.37337,0.46279,0.53553,0.58751,0.6175,0.63809,0.65803,0.68583,0.72152,0.75554,0.78579,0.81535,0.84347,0.87396,0.91196,0.9342,0.92903
0,0.065938,0.13702,0.21073,0.28873,0.36586,0.43325,0.48442,0.51401,0.52288,0.51695,0.51164,0.52663,0.54209,0.56121,0.58345,0.60845,0.64223,0.68081,0.71241,0.71333
0,0.078731,0.15569,0.23536,0.32586,0.41992,0.51416,0.57803,0.61864,0.63854,0.63943,0.63534,0.65367,0.68225,0.72497,0.76791,0.8115,0.85443,0.89253,0.90979,0.90452
0,0.1014,0.22173,0.36123,0.5096,0.6421,0.74476,0.79067,0.77375,0.7237,0.67414,0.65942,0.69352,0.73059,0.76793,0.80298,0.84493,0.89491,0.95768,1.0108,1.0257
0,0.066852,0.13627,0.21133,0.29606,0.38658,0.46681,0.52012,0.54268,0.55414,0.56673,0.5886,0.62421,0.65732,0.69143,0.72382,0.75493,0.78495,0.80747,0.8213,0.83409
0,0.082363,0.16724,0.25508,0.3466,0.43202,0.49924,0.54908,0.57992,0.59952,0.61099,0.62948,0.66116,0.69424,0.72411,0.75554,0.78195,0.80755,0.83055,0.83648,0.82162
0,0.06456,0.12797,0.19291,0.26219,0.33037,0.39431,0.44417,0.47401,0.48997,0.49487,0.50474,0.53215,0.55842,0.58557,0.61148,0.63899,0.66748,0.69084,0.70009,0.68919
0,0.093293,0.19123,0.29556,0.40955,0.52445,0.61885,0.66697,0.67874,0.66876,0.6502,0.6299,0.64553,0.67025,0.70573,0.74702,0.79818,0.84423,0.88032,0.90631,0.91836
0,0.093457,0.19588,0.31667,0.46468,0.60239,0.68095,0.70878,0.68782,0.64302,0.61126,0.61369,0.64384,0.67462,0.69536,0.71705,0.74604,0.78622,0.84587,0.90604,0.97798
0,0.07255,0.15208,0.24284,0.34318,0.43741,0.51143,0.55727,0.57367,0.57556,0.5809,0.59994,0.63648,0.67014,0.70714,0.74349,0.77604,0.8059,0.83283,0.84472,0.85125
0,0.075038,0.15549,0.23812,0.32476,0.40415,0.47153,0.52327,0.55499,0.57571,0.59592,0.61707,0.64359,0.67259,0.69914,0.72662,0.75169,0.77567,0.80481,0.8219,0.80705
0,0.062173,0.12951,0.20677,0.29466,0.3865,0.4682,0.529,0.55656,0.56082,0.56087,0.56558,0.59021,0.61402,0.63987,0.66977,0.70259,0.73217,0.76191,0.78783,0.77901
0,0.089779,0.18916,0.30901,0.43799,0.55088,0.6337,0.6671,0.65531,0.63021,0.61392,0.61645,0.64001,0.66414,0.68998,0.71512,0.73574,0.75721,0.77863,0.80567,0.82751
0,0.10688,0.22866,0.37942,0.54468,0.6857,0.78528,0.82533,0.81107,0.77513,0.73356,0.71227,0.72972,0.76002,0.79869,0.83752,0.88297,0.93744,0.99896,1.0484,1.0688
0,0.061876,0.13132,0.21353,0.3024,0.38744,0.45342,0.49627,0.51167,0.51791,0.52272,0.53709,0.56851,0.6001,0.63376,0.66931,0.7041,0.73152,0.74636,0.75777,0.77041
0,0.073776,0.15416,0.23782,0.3273,0.41023,0.48236,0.5395,0.58177,0.61167,0.63337,0.65511,0.67857,0.70075,0.72322,0.74737,0.77201,0.80201,0.82919,0.83313,0.8177
0,0.068712,0.14463,0.23138,0.32622,0.42447,0.50973,0.56674,0.58443,0.5836,0.57675,0.57279,0.59726,0.62462,0.6604,0.70357,0.74973,0.78881,0.82042,0.83208,0.80483
0,0.093966,0.1956,0.31359,0.43943,0.55397,0.63836,0.68008,0.68776,0.68479,0.6859,0.7049,0.74249,0.77702,0.81016,0.83757,0.8603,0.88399,0.9046,0.92685,0.93892
0,0.13711,0.29743,0.48017,0.67639,0.82049,0.89406,0.90839,0.88801,0.83962,0.80195,0.78682,0.80053,0.82139,0.85078,0.88729,0.94211,1.0015,1.0731,1.1306,1.1471
0,0.06983,0.14762,0.23387,0.32135,0.41386,0.49454,0.54993,0.58091,0.59897,0.61188,0.62932,0.66833,0.70589,0.74392,0.78056,0.81312,0.84252,0.86203,0.86488,0.85186
0,0.088984,0.18462,0.28434,0.37587,0.45431,0.52049,0.56687,0.59388,0.60722,0.61928,0.64745,0.67815,0.70713,0.7375,0.76951,0.80984,0.85307,0.88725,0.89222,0.87448
0,0.07096,0.14873,0.23228,0.3192,0.40155,0.47552,0.53252,0.57372,0.60674,0.6268,0.64532,0.67652,0.70658,0.73627,0.76088,0.78348,0.8038,0.81797,0.81229,0.78314
0,0.077841,0.15956,0.24055,0.31879,0.38683,0.44388,0.49394,0.5264,0.55681,0.57386,0.58947,0.61924,0.64684,0.67535,0.703,0.72322,0.74082,0.7712,0.79533,0.82064
0,0.13206,0.27822,0.45305,0.63149,0.78596,0.91246,0.96724,0.96366,0.92959,0.89304,0.85208,0.85439,0.86682,0.89367,0.93582,0.99136,1.0603,1.1379,1.1927,1.205
0,0.07012,0.14873,0.23677,0.33683,0.4335,0.50999,0.56109,0.58677,0.60422,0.62486,0.64632,0.68131,0.71377,0.74628,0.77506,0.80108,0.81992,0.8276,0.83486,0.84272
0,0.088005,0.18718,0.29392,0.40131,0.49801,0.57247,0.62344,0.65656,0.67707,0.69421,0.71824,0.7516,0.78482,0.82106,0.858,0.89534,0.93243,0.96273,0.97179,0.95266
0,0.075979,0.15595,0.2432,0.33522,0.4222,0.4883,0.53095,0.56093,0.57982,0.59127,0.6017,0.62328,0.64429,0.65987,0.669,0.67399,0.68798,0.70128,0.72774,0.72505
0,0.075626,0.14966,0.22338,0.29936,0.37207,0.43731,0.49134,0.52897,0.55599,0.56627,0.57844,0.61167,0.65114,0.69512,0.73625,0.77409,0.80486,0.83487,0.84017,0.83615
0,0.12323,0.25519,0.40254,0.53549,0.64656,0.72245,0.74479,0.73978,0.73618,0.75979,0.78905,0.81478,0.83414,0.85233,0.87753,0.92919,0.98579,1.0409,1.08,1.0889
0,0.065582,0.13623,0.21357,0.30007,0.39488,0.47625,0.53075,0.55864,0.57248,0.58344,0.60252,0.63977,0.67632,0.71486,0.74867,0.78085,0.80698,0.82809,0.84262,0.85491
0,0.080544,0.16806,0.26168,0.35645,0.44415,0.51347,0.5659,0.59865,0.61837,0.62936,0.64246,0.67254,0.70358,0.73967,0.78219,0.82401,0.85628,0.87261,0.86355,0.83476
0,0.070527,0.14302,0.2143,0.28922,0.36753,0.44496,0.49857,0.52853,0.55356,0.56718,0.5813,0.61103,0.63783,0.66045,0.67846,0.69338,0.70565,0.72143,0.72966,0.714
0,0.084953,0.17163,0.26184,0.35204,0.44145,0.51946,0.56999,0.59165,0.59343,0.59543,0.60362,0.64048,0.68143,0.72601,0.77164,0.81444,0.85712,0.88317,0.89966,0.90212
0,0.11683,0.24263,0.38118,0.51797,0.64169,0.71729,0.72811,0.70211,0.66683,0.68438,0.73344,0.79128,0.83336,0.86557,0.89006,0.91496,0.94684,0.9913,1.0314,1.0455
0,0.069449,0.14911,0.23732,0.33337,0.43002,0.50432,0.55089,0.57333,0.58098,0.5897,0.60663,0.64492,0.68346,0.72166,0.75527,0.78226,0.80676,0.82437,0.83417,0.83673
0,0.073738,0.15391,0.24117,0.33135,0.41932,0.48919,0.53882,0.57167,0.59709,0.61683,0.63723,0.66284,0.69167,0.72274,0.75635,0.79114,0.82888,0.85489,0.85251,0.82108
0,0.066101,0.13535,0.21075,0.29469,0.38128,0.45884,0.51237,0.54401,0.56712,0.58291,0.59663,0.62356,0.64928,0.67347,0.69328,0.71128,0.72906,0.74557,0.75852,0.75175
0,0.085851,0.17516,0.2754,0.38079,0.48676,0.57001,0.6145,0.62705,0.61906,0.61852,0.62895,0.66029,0.69413,0.73283,0.76595,0.79211,0.81088,0.82078,0.8295,0.83677
0,0.11997,0.2485,0.39814,0.55159,0.68617,0.77378,0.80278,0.8002,0.77616,0.78279,0.81055,0.85788,0.90732,0.95538,0.99955,1.0345,1.0688,1.1073,1.1532,1.1853
0,0.062943,0.13446,0.2147,0.29982,0.38005,0.44279,0.48236,0.50149,0.51142,0.52397,0.54185,0.57418,0.60458,0.63321,0.66363,0.69373,0.71991,0.73372,0.74276,0.75131
0,0.070867,0.1467,0.2288,0.31532,0.40019,0.47281,0.52797,0.5704,0.60151,0.62035,0.63129,0.6483,0.66552,0.68713,0.71865,0.74839,0.77928,0.80379,0.80176,0.78235
0,0.0723,0.14625,0.22476,0.31539,0.40898,0.49118,0.55137,0.58105,0.60224,0.61479,0.6247,0.65614,0.6929,0.72846,0.75916,0.78943,0.82193,0.84592,0.85458,0.83257
0,0.0903,0.19158,0.30553,0.43062,0.55126,0.63489,0.68128,0.70115,0.71294,0.73078,0.75367,0.78327,0.80918,0.83743,0.87178,0.90511,0.93982,0.96877,0.99471,1.0243
0,0.15117,0.32828,0.52854,0.72721,0.85087,0.90073,0.90054,0.88532,0.87483,0.88239,0.89363,0.92012,0.94451,0.96269,0.98259,1.0143,1.0515,1.1125,1.185,1.2047
0,0.072868,0.15197,0.24111,0.33945,0.44005,0.52615,0.58561,0.61785,0.63422,0.6473,0.66926,0.71449,0.75458,0.79438,0.83563,0.8764,0.91554,0.93866,0.94073,0.9309
0,0.089454,0.18642,0.29107,0.39535,0.48424,0.55561,0.60388,0.63141,0.64987,0.66333,0.68657,0.71995,0.7531,0.78452,0.81429,0.84714,0.88616,0.92148,0.9378,0.92147
0,0.095078,0.19588,0.29581,0.3991,0.49131,0.56366,0.61478,0.65076,0.6675,0.66621,0.66759,0.69296,0.72248,0.75459,0.79103,0.83247,0.86711,0.87704,0.85136,0.80595
0,0.067171,0.13513,0.20533,0.27452,0.33837,0.39255,0.43515,0.47214,0.51412,0.54963,0.58133,0.61513,0.641,0.66539,0.68311,0.70109,0.72405,0.74242,0.74894,0.7659
0,0.10911,0.23105,0.36445,0.50803,0.643,0.74408,0.78904,0.77191,0.73049,0.69216,0.68203,0.71203,0.74541,0.78435,0.82815,0.87324,0.91632,0.95347,0.9825,0.99573
0,0.065997,0.1415,0.22737,0.32268,0.42168,0.50489,0.55871,0.59375,0.614,0.62855,0.65527,0.69919,0.73782,0.77507,0.80924,0.83723,0.85334,0.8577,0.84821,0.84964
0,0.084144,0.17655,0.27845,0.38636,0.48129,0.55271,0.60595,0.64355,0.66778,0.68793,0.71161,0.74536,0.78166,0.81985,0.85827,0.89406,0.92594,0.95304,0.96891,0.95881
0,0.10278,0.21375,0.33177,0.44488,0.53766,0.61723,0.67221,0.69778,0.69489,0.67153,0.64771,0.65157,0.65869,0.66933,0.68642,0.71533,0.76022,0.80156,0.80385,0.76917
0,0.071669,0.14281,0.21631,0.27685,0.33343,0.39146,0.44474,0.48872,0.52388,0.55479,0.57719,0.60991,0.63893,0.66943,0.69867,0.7314,0.76976,0.79459,0.7877,0.77573
0,0.12718,0.27469,0.43511,0.60074,0.73232,0.8072,0.80894,0.75391,0.70394,0.67312,0.67835,0.72389,0.76534,0.80828,0.84845,0.88981,0.925,0.94891,0.96408,0.96373
0,0.070126,0.14557,0.23172,0.33002,0.42979,0.50864,0.55614,0.58107,0.59614,0.60811,0.62581,0.66044,0.69761,0.73531,0.77422,0.81487,0.84883,0.87411,0.88181,0.89362
0,0.082013,0.17039,0.26932,0.3763,0.47015,0.5449,0.60016,0.63398,0.65412,0.67283,0.69409,0.72859,0.76429,0.80273,0.84196,0.88231,0.91359,0.92884,0.93022,0.91035
0,0.089521,0.17954,0.26975,0.35964,0.43865,0.50317,0.55102,0.57301,0.57955,0.57968,0.58481,0.60511,0.62663,0.64982,0.6734,0.69717,0.72643,0.75191,0.7713,0.76661
0,0.080616,0.16342,0.24918,0.33461,0.41704,0.488,0.52382,0.5269,0.52813,0.54474,0.56363,0.60097,0.63906,0.68033,0.72465,0.77094,0.8137,0.85024,0.86499,0.8542
0,0.11678,0.24709,0.38464,0.52931,0.67244,0.77605,0.80357,0.77256,0.73122,0.73359,0.78194,0.8373,0.88758,0.93054,0.9596,0.97757,0.98945,0.99343,1.0038,1.0192
0,0.0771,0.16637,0.27217,0.38082,0.47934,0.55512,0.59621,0.61158,0.61576,0.62431,0.64423,0.68097,0.72035,0.7604,0.80099,0.84177,0.8742,0.89561,0.8943,0.88497
0,0.075675,0.1591,0.25328,0.35487,0.44584,0.52304,0.5812,0.61618,0.64043,0.65904,0.67739,0.70619,0.73658,0.76523,0.79659,0.83227,0.8645,0.88593,0.89507,0.87246
0,0.084008,0.16927,0.25904,0.35817,0.45431,0.52578,0.56758,0.59627,0.61107,0.60612,0.6081,0.6239,0.64056,0.66005,0.68643,0.72041,0.76155,0.79395,0.82743,0.83358
0,0.072943,0.15008,0.23697,0.33113,0.42794,0.50538,0.54135,0.54358,0.55472,0.57817,0.60076,0.62912,0.65593,0.68607,0.70751,0.72708,0.74872,0.76535,0.77968,0.78616
0,0.12748,0.26448,0.4177,0.5745,0.70829,0.78643,0.79487,0.74867,0.70248,0.69402,0.72377,0.77722,0.83082,0.87559,0.90821,0.92689,0.93754,0.94282,0.95938,0.96726
0,0.062103,0.12928,0.20458,0.28796,0.37756,0.45191,0.49967,0.52213,0.53507,0.54815,0.56782,0.60442,0.63727,0.67261,0.70789,0.73555,0.75477,0.76125,0.75996,0.76504
0,0.07639,0.16005,0.25007,0.34595,0.43474,0.51076,0.57056,0.61341,0.64177,0.65834,0.67205,0.69632,0.71979,0.74527,0.7716,0.79747,0.82226,0.83628,0.83814,0.82362
0,0.079014,0.16195,0.25063,0.34041,0.43512,0.51877,0.5739,0.6029,0.6206,0.62503,0.62572,0.64443,0.66717,0.69652,0.73497,0.78192,0.83469,0.88385,0.9024,0.88025
0,0.0901,0.1903,0.29733,0.40814,0.50362,0.57649,0.62594,0.6539,0.68098,0.71845,0.75484,0.79297,0.83006,0.86453,0.89841,0.93015,0.95622,0.97167,0.97138,0.96896
0,0.13764,0.30301,0.50186,0.72723,0.84686,0.89588,0.89086,0.84555,0.79585,0.78126,0.79227,0.8157,0.84654,0.88237,0.91502,0.9374,0.94369,0.95843,0.97443,0.98112
0,0.074217,0.15385,0.24353,0.34019,0.43995,0.52359,0.58306,0.61733,0.63974,0.65761,0.67983,0.72988,0.77595,0.82113,0.8649,0.91057,0.9479,0.97404,0.98573,0.97516
0,0.097433,0.20386,0.31646,0.43054,0.52891,0.60343,0.65218,0.67328,0.67855,0.68261,0.70378,0.74015,0.77447,0.80897,0.84596,0.88602,0.92244,0.95292,0.95973,0.95676
0,0.087991,0.1826,0.27901,0.37168,0.4574,0.53488,0.59361,0.64129,0.68184,0.70663,0.72796,0.76236,0.79719,0.82964,0.85597,0.86945,0.87329,0.87785,0.87525,0.85583
0,0.072006,0.14877,0.23005,0.30725,0.37769,0.435,0.47799,0.50603,0.53805,0.57585,0.61412,0.65695,0.68942,0.71525,0.73515,0.74858,0.75252,0.75498,0.75627,0.75352
0,0.10004,0.20572,0.32608,0.45999,0.58774,0.68971,0.74014,0.7226,0.67829,0.63133,0.62533,0.66594,0.70647,0.74759,0.78243,0.81877,0.85843,0.89839,0.94269,0.95839
0,0.077266,0.16201,0.25768,0.36255,0.463,0.54487,0.59744,0.62433,0.63944,0.66056,0.68818,0.72952,0.76767,0.80486,0.84401,0.88361,0.91697,0.94486,0.9574,0.96843
0,0.091527,0.18931,0.30046,0.41991,0.52863,0.61285,0.67167,0.70456,0.72782,0.75089,0.7768,0.82067,0.86636,0.91494,0.96568,1.0162,1.0619,1.0922,1.1006,1.0943
0,0.094277,0.19288,0.2932,0.39422,0.48698,0.56344,0.62278,0.66271,0.69005,0.71037,0.72473,0.7475,0.77328,0.79909,0.82315,0.84373,0.85785,0.87289,0.87626,0.8617
0,0.079932,0.16314,0.25323,0.33497,0.40575,0.46623,0.51231,0.54768,0.58094,0.61581,0.64656,0.69291,0.73825,0.78305,0.81721,0.83652,0.84321,0.84463,0.83917,0.81945
0,0.11964,0.2459,0.37932,0.51894,0.63143,0.69912,0.7261,0.70383,0.67115,0.64508,0.65204,0.69618,0.73294,0.77104,0.81614,0.85947,0.89387,0.92339,0.94099,0.93781
0,0.070768,0.15018,0.24193,0.34448,0.44653,0.53071,0.58644,0.61281,0.62442,0.63435,0.65576,0.69896,0.73909,0.78023,0.82223,0.86699,0.90684,0.93661,0.95297,0.96674
0,0.091258,0.19326,0.3081,0.42961,0.54926,0.64147,0.70307,0.73592,0.75441,0.76441,0.77933,0.82319,0.86734,0.9136,0.96552,1.0182,1.0556,1.0671,1.0588,1.0494
0,0.082138,0.16931,0.25801,0.34634,0.42648,0.49517,0.54982,0.58954,0.62429,0.6496,0.67354,0.70583,0.73579,0.76232,0.78647,0.81075,0.82701,0.82416,0.80473,0.77028
0,0.085542,0.1758,0.27233,0.37044,0.47457,0.57385,0.63425,0.64847,0.65103,0.66064,0.68265,0.73224,0.78134,0.83549,0.88791,0.92836,0.96282,0.98218,0.97913,0.95517
0,0.10253,0.22088,0.35328,0.4933,0.62473,0.72277,0.76705,0.76656,0.76385,0.77336,0.79905,0.84937,0.89035,0.92635,0.96546,0.99793,1.0206,1.0309,1.0379,1.0432
0,0.077534,0.16256,0.26383,0.37458,0.4808,0.56083,0.61333,0.63891,0.64539,0.64989,0.66558,0.70564,0.74624,0.78999,0.83717,0.88107,0.92009,0.95037,0.96627,0.96712
0,0.090811,0.19326,0.30119,0.41677,0.51998,0.59648,0.65135,0.6801,0.69623,0.71336,0.735,0.77107,0.80612,0.84252,0.88206,0.92764,0.9691,0.99462,1.0007,0.99035
0,0.07807,0.15832,0.23961,0.32628,0.41289,0.49243,0.55096,0.58955,0.61713,0.63725,0.65521,0.68312,0.71146,0.74206,0.76992,0.79043,0.812,0.82379,0.81032,0.78022
0,0.082094,0.17269,0.27132,0.38162,0.50802,0.60737,0.64869,0.63673,0.63055,0.65072,0.68161,0.72833,0.77112,0.81421,0.84926,0.86964,0.88851,0.90204,0.9022,0.89554
0,0.11634,0.24237,0.37723,0.51117,0.61992,0.68846,0.70898,0.69106,0.6709,0.68607,0.72263,0.77534,0.82945,0.87267,0.90537,0.91597,0.92069,0.91808,0.92774,0.94451
0,0.066616,0.14124,0.22773,0.31464,0.39691,0.46403,0.50866,0.53181,0.5455,0.55563,0.57259,0.6067,0.63653,0.66816,0.70141,0.7382,0.77152,0.80072,0.82327,0.8387
0,0.090296,0.18856,0.29412,0.40976,0.51854,0.6128,0.68121,0.72739,0.76132,0.78393,0.79644,0.82215,0.8508,0.88192,0.91395,0.9451,0.97007,0.97914,0.96314,0.94323
0,0.07594,0.1582,0.24593,0.33178,0.41621,0.49636,0.5568,0.60318,0.64042,0.66141,0.67836,0.70949,0.74489,0.78577,0.82548,0.86201,0.89674,0.91744,0.91439,0.88177
0,0.085707,0.17574,0.27857,0.39655,0.50516,0.60058,0.65967,0.68405,0.71235,0.75497,0.80781,0.86076,0.9064,0.94893,0.98255,1.005,1.0151,1.0205,1.0242,1.0176
0,0.11827,0.25763,0.43096,0.62458,0.74916,0.79909,0.80409,0.79131,0.7729,0.76734,0.77528,0.80019,0.82657,0.85623,0.88918,0.91772,0.93642,0.97057,0.99426,0.99871
0,0.077578,0.15351,0.23265,0.31367,0.39513,0.47232,0.52294,0.53934,0.54844,0.55359,0.56535,0.6007,0.6407,0.6955,0.76439,0.84566,0.91827,0.95978,0.94794,0.87903
