0,0.10243,0.22362,0.2986,0.31161,0.28064,0.2652,0.25211,0.24628,0.25445,0.27076,0.29344,0.31942,0.34049,0.35414,0.37625,0.42546,0.48498,0.56698,0.67071,0.78742
0,0.083349,0.15058,0.20406,0.26066,0.32707,0.37203,0.39892,0.44451,0.4991,0.54041,0.57642,0.6209,0.65853,0.70221,0.76461,0.86338,0.99554,1.1423,1.2682,1.3678
0,0.12872,0.25712,0.37076,0.48846,0.59267,0.66197,0.71066,0.73593,0.75799,0.77851,0.79468,0.8113,0.828,0.85907,0.89729,0.9543,1.0461,1.1491,1.2441,1.3195
0,0.12195,0.23816,0.35445,0.45517,0.5374,0.59382,0.63154,0.64833,0.6476,0.6335,0.60406,0.57505,0.583,0.61294,0.65478,0.69232,0.727,0.76884,0.80696,0.83604
0,0.085853,0.16896,0.25887,0.37487,0.50469,0.61605,0.66349,0.66166,0.64915,0.63381,0.61913,0.59035,0.53857,0.48904,0.44455,0.41524,0.4231,0.48841,0.60678,0.75017
0,0.069109,0.13993,0.21017,0.27211,0.3249,0.36904,0.40761,0.43937,0.46741,0.49133,0.51412,0.52713,0.52328,0.52204,0.52823,0.53307,0.55367,0.64728,0.87831,1.1393
0,0.14634,0.29877,0.46221,0.63156,0.75572,0.82006,0.85712,0.86721,0.87591,0.89768,0.93244,0.95891,0.95521,0.94737,0.97718,1.0282,1.0761,1.1364,1.2006,1.2576
0,0.16243,0.30166,0.42271,0.5472,0.65998,0.75306,0.82486,0.87182,0.89413,0.89668,0.88636,0.8664,0.85612,0.87054,0.94407,1.0375,1.1535,1.2795,1.4149,1.5563
0,0.12755,0.26107,0.39991,0.53988,0.66673,0.77396,0.87253,0.94975,0.98685,0.98883,0.97813,0.98696,0.9733,0.96674,0.95321,0.95509,0.96391,0.97634,0.99062,1.0116
0,0.041323,0.08334,0.11834,0.14985,0.18031,0.20414,0.22096,0.23599,0.24789,0.26015,0.27165,0.2743,0.27526,0.28723,0.331,0.40551,0.49039,0.57326,0.63927,0.69679
0,0.095657,0.19655,0.29433,0.38973,0.47608,0.53786,0.58321,0.61169,0.61467,0.59271,0.55781,0.51468,0.50715,0.54475,0.62987,0.7551,0.90802,1.0584,1.208,1.3512
0,0.2734,0.49129,0.60568,0.66478,0.69117,0.68171,0.65923,0.61865,0.57025,0.56779,0.60791,0.68319,0.85002,1.0749,1.22,1.3101,1.3936,1.4711,1.5335,1.5868
0,0.11407,0.23932,0.37238,0.46189,0.52916,0.58844,0.62212,0.61221,0.5874,0.56754,0.55343,0.54152,0.53172,0.52643,0.53007,0.55043,0.58696,0.62891,0.67257,0.72651
0,0.11359,0.23029,0.36406,0.51484,0.68964,0.75031,0.71603,0.70122,0.71446,0.73439,0.74543,0.76246,0.77988,0.79363,0.81383,0.85343,0.89546,0.94673,1.015,1.0925
0,0.059017,0.11419,0.16494,0.21305,0.25594,0.29373,0.3165,0.33145,0.334,0.3288,0.32127,0.30872,0.29652,0.28944,0.29553,0.31996,0.35787,0.41547,0.50441,0.60066
0,0.095235,0.19779,0.29717,0.38837,0.47384,0.54396,0.59976,0.65565,0.70972,0.76021,0.79516,0.83998,0.90139,0.95434,0.99099,1.016,1.0395,1.0794,1.1341,1.1861
0,0.18787,0.40669,0.63975,0.75198,0.77582,0.78701,0.84683,0.9107,0.96566,1.0276,1.0948,1.1722,1.2623,1.348,1.4307,1.5159,1.6021,1.6898,1.7743,1.8538
0,0.15013,0.24884,0.34801,0.44998,0.51006,0.54601,0.59269,0.63018,0.66365,0.68905,0.70073,0.70292,0.70705,0.73045,0.78567,0.86376,0.96173,1.0664,1.168,1.248
0,0.11935,0.24923,0.38427,0.54166,0.56167,0.57378,0.56698,0.57035,0.58538,0.6113,0.64479,0.68453,0.73493,0.79004,0.84892,0.89633,0.93752,0.98953,1.0603,1.1252
0,0.061768,0.12723,0.20169,0.27655,0.3464,0.40922,0.44561,0.45867,0.46389,0.47348,0.48958,0.50466,0.53046,0.57678,0.62627,0.63374,0.63267,0.66726,0.72408,0.80527
0,0.058024,0.10877,0.15675,0.20472,0.24529,0.28894,0.32643,0.3599,0.38946,0.41672,0.43454,0.44044,0.43938,0.43673,0.45041,0.48654,0.52966,0.5747,0.63856,0.74139
0,0.067402,0.13006,0.18033,0.22526,0.25344,0.2644,0.27032,0.27668,0.29296,0.31559,0.33939,0.3654,0.389,0.41201,0.43067,0.44751,0.46623,0.49298,0.52916,0.57491
0,0.066895,0.13877,0.20526,0.26063,0.31752,0.37325,0.4319,0.48133,0.51789,0.54875,0.58477,0.61763,0.63563,0.64998,0.68319,0.71707,0.73514,0.78757,0.85203,0.92441
0,0.17394,0.31812,0.45002,0.57377,0.69657,0.81261,0.90506,0.96425,1.0217,1.0556,1.031,0.9908,0.96833,0.97654,1.0015,1.0376,1.0884,1.1219,1.1775,1.2587
0,0.042601,0.085115,0.12425,0.16255,0.19864,0.22883,0.25297,0.26845,0.27362,0.27157,0.27122,0.27688,0.28479,0.2944,0.31021,0.32974,0.35322,0.38641,0.43526,0.49258
0,0.040624,0.078091,0.1151,0.15294,0.19244,0.22173,0.24795,0.26812,0.27664,0.27825,0.27908,0.28071,0.29956,0.33759,0.39381,0.45975,0.529,0.60454,0.68699,0.76879
0,0.12103,0.23065,0.31142,0.37124,0.39687,0.37895,0.37352,0.3817,0.42441,0.48563,0.55777,0.6176,0.67872,0.74131,0.80957,0.88328,0.96361,1.0435,1.1146,1.181
0,0.073186,0.1338,0.18721,0.23879,0.28434,0.32235,0.35498,0.37873,0.39063,0.38421,0.36187,0.3353,0.30943,0.30484,0.33444,0.39149,0.46762,0.57194,0.69677,0.83485
0,0.14483,0.28539,0.40336,0.49429,0.53719,0.56575,0.60035,0.62317,0.62122,0.61133,0.60352,0.61839,0.64257,0.68463,0.73223,0.79093,0.8599,0.92681,0.99856,1.0745
0,0.027762,0.051729,0.06501,0.067185,0.07375,0.084139,0.091374,0.095461,0.097345,0.096829,0.097615,0.099491,0.10628,0.1214,0.14084,0.16096,0.18713,0.21824,0.25402,0.29464
0,0.05914,0.10741,0.14675,0.18279,0.21537,0.24936,0.28014,0.30713,0.32823,0.34486,0.35753,0.36547,0.36816,0.37229,0.37692,0.38249,0.39609,0.42768,0.49096,0.5845
0,0.09168,0.17552,0.24793,0.30921,0.3608,0.4025,0.44189,0.45493,0.44681,0.44254,0.43822,0.45259,0.48874,0.53488,0.58834,0.67324,0.77995,0.91208,1.0692,1.2153
0,0.1428,0.23868,0.30471,0.38432,0.4816,0.56117,0.60753,0.62327,0.6364,0.6389,0.60761,0.59048,0.61137,0.67659,0.77266,0.84846,0.93992,1.0438,1.1542,1.243
0,0.13765,0.25743,0.36109,0.4574,0.55308,0.64454,0.7228,0.77805,0.81687,0.83506,0.83065,0.79956,0.7356,0.65253,0.58929,0.58866,0.67618,0.84573,1.0372,1.2129
0,0.054597,0.10718,0.14143,0.16855,0.19061,0.2013,0.20173,0.18758,0.18201,0.1963,0.22,0.25691,0.30286,0.35776,0.43248,0.49781,0.56799,0.63611,0.70458,0.76725
0,0.076383,0.15623,0.21865,0.26808,0.31802,0.35852,0.39494,0.42606,0.46123,0.50988,0.56542,0.64056,0.73453,0.83366,0.95341,1.0893,1.2333,1.3647,1.4849,1.6136
0,0.094786,0.18922,0.27988,0.37337,0.45026,0.51796,0.56326,0.5838,0.58476,0.57482,0.56795,0.57875,0.61404,0.67567,0.73469,0.78083,0.80627,0.81437,0.81885,0.85295
0,0.14011,0.24189,0.32879,0.41297,0.48774,0.57266,0.67417,0.7868,0.89262,0.95853,0.99532,1.0063,1.0308,1.0867,1.1644,1.2351,1.2864,1.3256,1.358,1.3809
0,0.081341,0.15905,0.23713,0.3134,0.3829,0.43706,0.47582,0.50939,0.53805,0.53967,0.53059,0.5162,0.48989,0.47708,0.49844,0.54839,0.61506,0.70519,0.80357,0.90069
0,0.028628,0.067501,0.12754,0.096227,0.10681,0.14043,0.16636,0.18824,0.21426,0.23561,0.25548,0.27452,0.29678,0.32029,0.34745,0.3746,0.40095,0.4276,0.45538,0.48599
0,0.11235,0.25149,0.38025,0.36017,0.2932,0.26488,0.27692,0.32146,0.37154,0.41535,0.45926,0.51377,0.57416,0.63283,0.68917,0.74811,0.802,0.85143,0.8973,0.93826
0,0.080876,0.16169,0.24206,0.31105,0.39161,0.4558,0.47087,0.45718,0.443,0.43859,0.45505,0.4968,0.55604,0.64034,0.7462,0.86963,0.98248,1.076,1.1459,1.2039
0,0.14012,0.24573,0.33515,0.41422,0.50681,0.59966,0.68475,0.74886,0.77059,0.74481,0.66999,0.6061,0.64983,0.71563,0.75298,0.7828,0.82309,0.88736,0.94142,1.0085
0,0.14236,0.26744,0.38237,0.49015,0.58035,0.65625,0.72377,0.77498,0.8263,0.89053,0.95095,0.99758,1.0165,0.98433,0.91656,0.89297,1.1328,1.5033,1.7136,1.8137
0,0.026366,0.052543,0.076455,0.098489,0.11957,0.13712,0.14951,0.15895,0.16917,0.17936,0.19035,0.19978,0.21019,0.23355,0.26096,0.2872,0.32125,0.36963,0.42756,0.497
0,0.051046,0.10172,0.15349,0.20421,0.24973,0.28808,0.31576,0.34134,0.36869,0.3851,0.39106,0.38744,0.37581,0.37204,0.38132,0.40395,0.45499,0.53219,0.61499,0.69775
0,0.086537,0.1705,0.2519,0.32774,0.39441,0.45377,0.51069,0.56,0.5833,0.58632,0.57766,0.55842,0.54011,0.537,0.56009,0.5898,0.66073,0.775,0.90923,1.0232
0,0.081365,0.1613,0.22007,0.2737,0.31462,0.34005,0.35647,0.36568,0.37242,0.38402,0.39717,0.42162,0.46461,0.54268,0.62818,0.69086,0.75107,0.78799,0.81777,0.85279
0,0.10472,0.21929,0.33937,0.45206,0.54664,0.65773,0.76542,0.86399,0.94153,0.97961,0.97411,0.93892,0.87272,0.80866,0.77556,0.81458,0.90069,0.99807,1.1079,1.2171
0,0.029559,0.059618,0.08988,0.12232,0.15696,0.18903,0.21761,0.23999,0.25629,0.26712,0.27404,0.2763,0.26805,0.2555,0.27157,0.3163,0.37204,0.44064,0.52034,0.60889
0,0.07414,0.15149,0.24352,0.28556,0.28388,0.26509,0.30845,0.37824,0.44904,0.51935,0.59512,0.68788,0.81828,0.98198,1.152,1.3162,1.4753,1.629,1.7691,1.8967
0,0.10149,0.21293,0.32319,0.42842,0.53251,0.62221,0.68825,0.70401,0.69837,0.69141,0.68609,0.67752,0.65289,0.63041,0.63493,0.6714,0.72489,0.78965,0.86039,0.92887
0,0.12761,0.1927,0.23815,0.28506,0.3138,0.34457,0.37058,0.40198,0.44388,0.50768,0.57897,0.64847,0.71827,0.77291,0.81989,0.86612,0.91529,0.96694,1.0175,1.0645
0,0.23152,0.53858,0.87267,1.1313,1.2962,1.4206,1.5043,1.4815,1.4096,1.3492,1.3139,1.2958,1.2731,1.2178,1.1661,1.1617,1.18,1.2177,1.2651,1.3127
0,0.026815,0.050556,0.072678,0.095255,0.11541,0.13152,0.14326,0.15347,0.15946,0.16297,0.16624,0.1712,0.17677,0.1844,0.19156,0.19832,0.20985,0.22382,0.24141,0.26853
0,0.050224,0.099048,0.1389,0.18482,0.23223,0.26899,0.29154,0.30606,0.30247,0.29305,0.29323,0.31073,0.33871,0.38037,0.43161,0.4965,0.57159,0.65393,0.75684,0.87341
0,0.093577,0.18099,0.26348,0.34436,0.40816,0.44913,0.46867,0.48026,0.49103,0.50422,0.52231,0.54558,0.58452,0.6532,0.7632,0.88282,0.99555,1.0779,1.1681,1.255
0,0.11363,0.21925,0.32345,0.41574,0.5053,0.58782,0.65367,0.69551,0.71484,0.72155,0.71395,0.69135,0.66486,0.64581,0.6428,0.67569,0.74865,0.84856,0.96557,1.081
0,0.12854,0.27213,0.39929,0.47154,0.53322,0.57774,0.60148,0.61384,0.63021,0.65376,0.69023,0.71987,0.7521,0.78324,0.81974,0.86419,0.91726,0.99144,1.0868,1.1971
0,0.041458,0.08343,0.12512,0.16486,0.20407,0.23982,0.27156,0.29624,0.31104,0.31658,0.31116,0.30468,0.2968,0.29113,0.30229,0.32749,0.37171,0.43171,0.5065,0.58415
0,0.080397,0.15206,0.19391,0.22579,0.26297,0.3146,0.36709,0.42462,0.48272,0.53603,0.5853,0.62489,0.65427,0.68825,0.71089,0.72098,0.76516,0.86086,0.99321,1.1335
0,0.088104,0.1728,0.2551,0.33289,0.40122,0.45964,0.50931,0.55,0.58358,0.61023,0.63128,0.65371,0.67737,0.70039,0.71854,0.72204,0.72165,0.73965,0.75543,0.77595
0,0.15279,0.29053,0.42914,0.57294,0.72843,0.87474,0.97531,1.0257,1.0234,0.99757,0.94512,0.90303,0.88374,0.87385,0.89252,0.93125,0.98554,1.0407,1.1056,1.1728
0,0.17278,0.31699,0.46023,0.58811,0.69617,0.792,0.87653,0.94532,0.99271,1.0075,0.98926,0.96196,0.94817,0.9462,0.94245,0.96459,1.0599,1.2108,1.3503,1.4787
0,0.064841,0.14024,0.22723,0.30904,0.35388,0.36863,0.39621,0.40834,0.4171,0.43349,0.45313,0.47707,0.51302,0.57482,0.65809,0.74206,0.82894,0.89951,0.95995,1.0213
0,0.061924,0.11762,0.17231,0.23142,0.28212,0.32824,0.36615,0.39023,0.40102,0.39707,0.37825,0.3854,0.49328,0.65477,0.80669,0.95137,1.114,1.2608,1.3988,1.5078
0,0.063715,0.11797,0.17021,0.21837,0.26414,0.30574,0.32914,0.33827,0.33867,0.33208,0.32375,0.31605,0.32005,0.33342,0.36447,0.40996,0.45071,0.48853,0.52635,0.57366
0,0.085958,0.17217,0.25269,0.31929,0.37258,0.4089,0.42351,0.43246,0.43556,0.43877,0.43967,0.46072,0.51071,0.58962,0.69414,0.79072,0.87199,0.94995,1.0211,1.0836
0,0.17407,0.36054,0.54478,0.65909,0.74295,0.77788,0.82501,0.8798,0.92424,0.9664,1.0102,1.0688,1.1189,1.1698,1.2143,1.2375,1.2493,1.2634,1.2868,1.3087
0,0.045147,0.094153,0.14796,0.2065,0.2707,0.34685,0.4108,0.41392,0.37715,0.33239,0.2792,0.25049,0.26486,0.31385,0.37192,0.43342,0.48992,0.54379,0.59306,0.63686
0,0.15462,0.32596,0.518,0.61999,0.69301,0.7029,0.68236,0.67298,0.66899,0.66176,0.68206,0.70591,0.7417,0.78898,0.83703,0.89551,0.96245,1.0478,1.1433,1.2364
0,0.072042,0.14284,0.20366,0.25739,0.30609,0.34706,0.39174,0.43153,0.45347,0.45831,0.46294,0.47205,0.48089,0.47778,0.46833,0.47208,0.48881,0.52992,0.59987,0.67468
0,0.081715,0.15962,0.22616,0.2831,0.33236,0.37298,0.40779,0.43519,0.45762,0.48037,0.49407,0.50822,0.52481,0.53089,0.53431,0.559,0.60558,0.70758,0.80952,0.89851
0,0.081103,0.15892,0.23014,0.29242,0.35467,0.41281,0.46241,0.50182,0.52836,0.58553,0.6861,0.77777,0.84508,0.91175,1.0199,1.1609,1.2941,1.434,1.5914,1.7497
0,0.024789,0.049384,0.07344,0.095329,0.11227,0.12605,0.1332,0.13409,0.13197,0.13015,0.12986,0.12965,0.12865,0.12436,0.11856,0.11116,0.11543,0.14163,0.18127,0.22509
0,0.033006,0.063054,0.089132,0.11095,0.12782,0.14264,0.15542,0.1672,0.17934,0.19017,0.19867,0.20564,0.21589,0.22828,0.2651,0.32489,0.40285,0.48933,0.56861,0.64791
0,0.06548,0.12492,0.17265,0.21206,0.25954,0.30953,0.33568,0.34608,0.34854,0.34431,0.3415,0.34885,0.39016,0.48325,0.60012,0.73009,0.87049,1.0252,1.1717,1.3231
0,0.10786,0.21877,0.33332,0.45021,0.57602,0.70537,0.77336,0.78746,0.78336,0.77037,0.76112,0.74152,0.73435,0.74668,0.80175,0.86286,0.95848,1.0509,1.1425,1.238
0,0.10061,0.19683,0.30362,0.40511,0.50278,0.61522,0.72735,0.82143,0.88689,0.92596,0.92748,0.90172,0.87189,0.84091,0.82299,0.81767,0.84078,0.87213,0.90363,0.92701
0,0.056146,0.10624,0.14924,0.18663,0.22215,0.25518,0.28436,0.29777,0.29399,0.28576,0.2825,0.29841,0.33782,0.3839,0.43724,0.49336,0.5704,0.6538,0.73811,0.82497
0,0.067588,0.13204,0.1982,0.26523,0.32995,0.38498,0.43514,0.49206,0.55412,0.61268,0.66196,0.69057,0.69667,0.68847,0.67695,0.71471,0.82825,0.95371,1.0837,1.2228
0,0.091587,0.17579,0.24872,0.31058,0.37403,0.42027,0.45649,0.48207,0.50344,0.51495,0.51645,0.51504,0.51268,0.51221,0.51804,0.53614,0.58034,0.65198,0.74157,0.84625
0,0.070645,0.13432,0.18672,0.22817,0.27332,0.31328,0.34021,0.35442,0.37203,0.39215,0.42489,0.46811,0.50926,0.54813,0.59419,0.65932,0.78694,0.97702,1.1638,1.3559
0,0.23598,0.30702,0.31891,0.3369,0.36641,0.40197,0.43491,0.46763,0.5,0.53246,0.56626,0.60334,0.64187,0.6817,0.72336,0.77481,0.84,0.92262,1.0138,1.1137
0,0.018918,0.036983,0.054093,0.070478,0.08569,0.10001,0.1121,0.12246,0.13135,0.14005,0.1483,0.15744,0.16861,0.17933,0.18915,0.19615,0.20374,0.21789,0.23902,0.26587
0,0.086856,0.17363,0.25781,0.34195,0.42097,0.4958,0.56478,0.61636,0.6497,0.66736,0.67461,0.67202,0.66247,0.67487,0.72476,0.82994,0.96136,1.1353,1.3816,1.6116
0,0.061242,0.12675,0.19409,0.25644,0.31628,0.37028,0.41929,0.44473,0.45888,0.45616,0.44655,0.45007,0.50036,0.59685,0.7194,0.83897,0.93104,1.0027,1.0628,1.1281
0,0.076129,0.15448,0.2248,0.28784,0.34151,0.38122,0.41495,0.44503,0.46919,0.48607,0.50287,0.51988,0.52741,0.53913,0.5575,0.5778,0.60918,0.6643,0.72692,0.79249
0,0.092612,0.18365,0.26794,0.34116,0.41542,0.48595,0.54259,0.58739,0.61531,0.62635,0.62619,0.63697,0.65286,0.6825,0.77525,0.94109,1.11,1.285,1.4657,1.637
0,0.019991,0.04432,0.073436,0.1031,0.1109,0.12023,0.13152,0.15023,0.17471,0.1997,0.22554,0.25598,0.28782,0.31892,0.35519,0.39264,0.43162,0.47689,0.52727,0.58727
0,0.034776,0.068733,0.096769,0.1261,0.15728,0.18552,0.21518,0.24707,0.27262,0.29341,0.30956,0.31839,0.32609,0.33088,0.33929,0.35217,0.36982,0.39124,0.45159,0.55908
0,0.096413,0.19029,0.27816,0.36675,0.45302,0.54337,0.61921,0.69502,0.75551,0.79765,0.8258,0.82304,0.80184,0.76336,0.7524,0.77543,0.86066,0.99877,1.1604,1.3254
0,0.19494,0.41916,0.68181,0.92631,0.78534,0.79293,0.798,0.79732,0.80228,0.81001,0.82878,0.86808,0.91466,0.9523,0.98502,1.009,1.0364,1.0731,1.1192,1.1647
0,0.18277,0.33394,0.47673,0.63237,0.76972,0.86944,0.94659,0.99052,1.0001,1.0007,1.0018,1.0024,0.97942,0.98671,1.0181,1.0918,1.1495,1.1938,1.2627,1.3559
0,0.017612,0.035308,0.049802,0.061632,0.075437,0.087815,0.095628,0.10042,0.10573,0.11046,0.1157,0.12118,0.12725,0.13658,0.15369,0.17308,0.19419,0.21648,0.24671,0.29272
0,0.071288,0.14187,0.21329,0.28052,0.34279,0.40494,0.47028,0.52889,0.57358,0.60701,0.62862,0.63793,0.62945,0.62036,0.60561,0.61126,0.61885,0.63282,0.66728,0.73702
0,0.075146,0.15751,0.25096,0.35224,0.47219,0.59643,0.70624,0.78159,0.83596,0.86601,0.84364,0.75159,0.62721,0.58609,0.62752,0.71897,0.83025,0.94127,1.0429,1.1443
0,0.087973,0.14912,0.19778,0.2386,0.27677,0.31484,0.35195,0.38543,0.41299,0.43727,0.45628,0.48305,0.52779,0.6062,0.71415,0.80922,0.88286,0.95858,1.0317,1.1069
0,0.077372,0.17524,0.3219,0.50757,0.69109,0.83661,0.95093,1.0087,1.0406,1.0628,1.0756,1.0006,0.87042,0.77141,0.80181,0.87707,0.93735,1.0279,1.1532,1.3112
0,0.11355,0.196,0.27725,0.38364,0.34233,0.27166,0.25757,0.27361,0.30129,0.33027,0.36192,0.4006,0.4411,0.48241,0.52569,0.57248,0.62233,0.6742,0.72887,0.78735
0,0.039273,0.076245,0.11159,0.14872,0.18445,0.21451,0.23799,0.25384,0.26311,0.26532,0.26031,0.25393,0.24691,0.2432,0.25461,0.28966,0.35096,0.42131,0.498,0.58193
0,0.069296,0.13486,0.19846,0.25653,0.2908,0.31074,0.31261,0.31852,0.32214,0.31838,0.30832,0.29499,0.27966,0.2695,0.27065,0.28063,0.30831,0.34405,0.39945,0.48224
0,0.066282,0.13152,0.20067,0.27117,0.34928,0.42256,0.47065,0.49669,0.52819,0.5563,0.57832,0.58931,0.59337,0.60404,0.61549,0.63115,0.66583,0.71713,0.75767,0.77335
0,0.12965,0.26679,0.42305,0.57127,0.7007,0.773,0.80393,0.79187,0.769,0.74565,0.72351,0.71591,0.7586,0.84124,0.941,1.0279,1.0894,1.1712,1.2566,1.3574
0,0.027397,0.050358,0.075716,0.095353,0.1116,0.12922,0.14498,0.15785,0.16803,0.17372,0.17757,0.18047,0.18617,0.19289,0.20098,0.21572,0.23718,0.27426,0.34053,0.41257
0,0.065611,0.10847,0.13839,0.18269,0.21023,0.22128,0.20075,0.21277,0.25711,0.31794,0.39549,0.50848,0.64651,0.7882,0.9329,1.101,1.2678,1.4245,1.5718,1.7074
0,0.065751,0.13358,0.20176,0.27296,0.34557,0.41163,0.46775,0.50912,0.52973,0.52939,0.5149,0.48901,0.4621,0.4345,0.42217,0.42813,0.44909,0.48628,0.53589,0.58739
0,0.093527,0.18703,0.27625,0.34551,0.40556,0.46647,0.5211,0.55353,0.57004,0.57342,0.56916,0.5618,0.55515,0.55216,0.5557,0.57917,0.60839,0.63496,0.66411,0.70524
0,0.1619,0.32076,0.47215,0.59758,0.69869,0.78666,0.86203,0.89714,0.90014,0.88194,0.85411,0.83131,0.82016,0.8302,0.88272,0.9411,1.0059,1.0847,1.1806,1.263
0,0.027464,0.055403,0.084226,0.11775,0.14465,0.14572,0.14829,0.15198,0.15132,0.15014,0.14826,0.14773,0.14676,0.14752,0.15482,0.17404,0.20676,0.25068,0.30574,0.36247
0,0.050449,0.099353,0.14418,0.18462,0.2231,0.2591,0.29109,0.31429,0.32728,0.33709,0.34422,0.34724,0.34792,0.35047,0.35905,0.37357,0.41158,0.47018,0.53275,0.59913
0,0.07456,0.13659,0.18996,0.23279,0.26819,0.3005,0.32635,0.34798,0.36155,0.37464,0.39634,0.4324,0.48465,0.55567,0.65359,0.7653,0.86461,0.98323,1.1065,1.214
0,0.10619,0.21896,0.33039,0.44327,0.51415,0.54562,0.567,0.58241,0.5817,0.56424,0.54929,0.52903,0.5189,0.53325,0.56424,0.6137,0.68187,0.74912,0.81222,0.87805
0,0.21309,0.40099,0.48818,0.5137,0.55343,0.58237,0.6153,0.65127,0.68717,0.72093,0.75224,0.78265,0.83228,0.91798,1.0237,1.1413,1.2597,1.3616,1.5074,1.6559
0,0.03326,0.065833,0.096513,0.12426,0.15018,0.17953,0.21428,0.25843,0.30891,0.34024,0.3647,0.38985,0.41171,0.44122,0.48386,0.5389,0.60714,0.69198,0.78845,0.8923
0,0.079264,0.1524,0.20732,0.20016,0.18307,0.18733,0.21203,0.25308,0.29516,0.33327,0.37562,0.42383,0.47859,0.53638,0.60117,0.66869,0.73616,0.8092,0.88017,0.95606
0,0.12,0.19791,0.22559,0.25017,0.29172,0.37392,0.50801,0.6701,0.82263,0.94816,1.0505,1.1418,1.2281,1.3074,1.3726,1.4338,1.4929,1.5495,1.6042,1.6612
0,0.066584,0.13573,0.207,0.25561,0.31982,0.39298,0.45708,0.49718,0.51344,0.51537,0.51071,0.50737,0.50349,0.50117,0.50702,0.53163,0.57637,0.62843,0.68509,0.7515
0,0.091474,0.17608,0.2582,0.32986,0.38986,0.44278,0.48513,0.51828,0.54132,0.56136,0.57529,0.58684,0.59098,0.58715,0.57971,0.57157,0.57491,0.61571,0.7069,0.85284
0,0.032435,0.059548,0.082526,0.089409,0.097645,0.10658,0.1319,0.16265,0.18935,0.20928,0.2268,0.24922,0.27962,0.31712,0.35823,0.41067,0.46468,0.51795,0.57727,0.64039
0,0.059014,0.10871,0.155,0.19547,0.23368,0.2701,0.3048,0.33537,0.35937,0.37821,0.39637,0.41979,0.45637,0.49434,0.53111,0.57594,0.62801,0.67597,0.73243,0.77527
0,0.17444,0.29665,0.43338,0.45673,0.49673,0.54241,0.57776,0.61061,0.64203,0.67036,0.69441,0.71752,0.73916,0.75465,0.76795,0.78476,0.80183,0.81903,0.83792,0.85847
0,0.14449,0.2754,0.3978,0.50268,0.59408,0.62819,0.63731,0.62872,0.59968,0.56194,0.52714,0.49116,0.45687,0.44408,0.45538,0.47303,0.49631,0.52635,0.58303,0.65547
0,0.10363,0.20827,0.2939,0.38226,0.44823,0.50369,0.53966,0.55454,0.56226,0.5784,0.5921,0.60891,0.63733,0.66929,0.70831,0.74065,0.77063,0.79976,0.8299,0.85873
0,0.028104,0.054301,0.079227,0.10407,0.13468,0.16981,0.19817,0.22106,0.2405,0.25811,0.27325,0.28967,0.30327,0.31242,0.32159,0.33623,0.35672,0.37885,0.3982,0.41913
0,0.16354,0.34507,0.54027,0.7652,0.98612,1.1505,1.2447,1.2798,1.2927,1.2995,1.2819,1.259,1.235,1.1978,1.1619,1.1418,1.1454,1.2111,1.335,1.4814
0,0.083972,0.16919,0.24595,0.31482,0.42815,0.50598,0.51703,0.50596,0.49912,0.4991,0.51291,0.54578,0.59498,0.66248,0.74776,0.83585,0.91909,0.98906,1.082,1.197
0,0.10578,0.21963,0.3411,0.46778,0.59227,0.70291,0.79224,0.84354,0.86212,0.87404,0.89919,0.94224,0.99517,1.0657,1.1593,1.2542,1.3256,1.4054,1.4926,1.576
0,0.20494,0.44698,0.73804,0.92063,0.83529,0.70466,0.61748,0.62711,0.67401,0.74151,0.82031,0.91919,1.0295,1.1331,1.2267,1.292,1.3423,1.377,1.4079,1.4406
0,0.063039,0.13397,0.21458,0.31723,0.44155,0.55984,0.64252,0.69427,0.71274,0.71276,0.71114,0.70532,0.68891,0.65917,0.6008,0.52577,0.48129,0.45856,0.44612,0.44759
0,0.077963,0.15539,0.22422,0.28768,0.33079,0.34721,0.34252,0.33629,0.33373,0.31751,0.3098,0.3186,0.34758,0.39468,0.4629,0.5434,0.62552,0.7091,0.79207,0.86299
0,0.12423,0.25212,0.377,0.48565,0.56908,0.60551,0.62633,0.64004,0.67296,0.70359,0.70785,0.69435,0.66204,0.68945,0.80747,0.96887,1.1395,1.2719,1.3943,1.5277
0,0.1823,0.35258,0.51635,0.67797,0.81572,0.92025,0.98506,1.0137,1.0278,1.0448,1.048,1.0231,0.96467,0.88316,0.8063,0.80432,0.94084,1.1616,1.3345,1.4536
0,0.12957,0.27435,0.41459,0.53889,0.65402,0.76181,0.85947,0.94972,1.0234,1.0766,1.1171,1.1378,1.1537,1.1487,1.1213,1.0884,1.0519,1.0308,1.0426,1.0739
0,0.10905,0.22973,0.35424,0.47986,0.61737,0.74258,0.83795,0.90461,0.95948,0.95905,0.90031,0.82255,0.77234,0.7705,0.81611,0.89441,1.0157,1.1649,1.3262,1.4812
0,0.073634,0.15181,0.23788,0.32276,0.42408,0.49306,0.52053,0.50226,0.47622,0.45911,0.44817,0.43908,0.43478,0.44191,0.46053,0.50477,0.56335,0.64171,0.71775,0.78456
0,0.074966,0.14726,0.21834,0.2794,0.33104,0.37376,0.40623,0.43419,0.45135,0.4597,0.46288,0.46158,0.45403,0.45183,0.45653,0.47925,0.53508,0.60053,0.65678,0.71302
0,0.102,0.21936,0.34841,0.45853,0.5542,0.61277,0.64477,0.66189,0.68226,0.71428,0.7467,0.77596,0.8106,0.84864,0.8931,0.95738,1.0214,1.0867,1.1518,1.2137
0,0.12351,0.2389,0.35676,0.4401,0.51738,0.60321,0.67717,0.72632,0.76775,0.79447,0.81218,0.81864,0.82623,0.82938,0.84668,0.93074,1.0852,1.2612,1.4316,1.5772
0,0.071864,0.10846,0.12846,0.15297,0.17527,0.20696,0.24633,0.29015,0.33662,0.38237,0.4304,0.46372,0.47015,0.45393,0.42986,0.42814,0.47272,0.57624,0.68786,0.80581
0,0.069267,0.14019,0.20691,0.26948,0.32405,0.36833,0.40213,0.43362,0.46182,0.47648,0.47704,0.46884,0.45203,0.43042,0.41732,0.42905,0.47026,0.54861,0.65913,0.78648
0,0.1236,0.2504,0.39618,0.54271,0.64957,0.66892,0.61259,0.57497,0.58066,0.5832,0.57987,0.59056,0.62807,0.68388,0.74022,0.7939,0.8461,0.9007,0.96269,1.0331
0,0.099699,0.20893,0.34032,0.44892,0.48249,0.53321,0.57181,0.59948,0.61365,0.62313,0.64813,0.68708,0.732,0.77787,0.81508,0.84988,0.87095,0.88689,0.90282,0.93337
0,0.095605,0.19699,0.30169,0.42381,0.58534,0.73884,0.80368,0.76896,0.71759,0.73092,0.75716,0.77036,0.76966,0.76717,0.78058,0.80372,0.83118,0.86363,0.89937,0.9412
0,0.049117,0.096235,0.13327,0.17077,0.20366,0.2296,0.24325,0.24121,0.24202,0.23869,0.23918,0.2478,0.265,0.29502,0.33466,0.37868,0.42723,0.49393,0.56625,0.6498
0,0.079796,0.1673,0.25031,0.32355,0.38876,0.44044,0.48376,0.53666,0.59151,0.63376,0.66683,0.69068,0.70785,0.72904,0.75928,0.78805,0.82859,0.88614,0.98157,1.1611
0,0.075695,0.14413,0.19971,0.25048,0.29831,0.34067,0.37788,0.40697,0.42484,0.43459,0.43441,0.43691,0.43913,0.44263,0.43784,0.42958,0.42268,0.44455,0.49981,0.56406
0,0.057963,0.11351,0.16579,0.21633,0.26305,0.30237,0.32901,0.34222,0.35717,0.37793,0.39992,0.42008,0.44505,0.47501,0.5156,0.55512,0.59276,0.62606,0.65504,0.68626
0,0.089105,0.18217,0.2903,0.42506,0.62264,0.83976,1.0536,1.1554,1.152,1.1234,1.0794,1.0541,1.0221,1.0097,1.0052,1.0059,1.0123,1.0183,1.0265,1.0357
0,0.039106,0.073039,0.09913,0.11361,0.11835,0.11675,0.11241,0.1077,0.10171,0.098394,0.097017,0.097619,0.09732,0.095481,0.094062,0.10542,0.13,0.16096,0.19488,0.23546
0,0.042355,0.085565,0.12884,0.17036,0.21119,0.25152,0.28588,0.31549,0.33972,0.35952,0.37884,0.39246,0.40527,0.42294,0.44747,0.48144,0.525,0.57529,0.63003,0.68724
0,0.086825,0.16718,0.23537,0.29154,0.33517,0.36494,0.38411,0.40207,0.41821,0.42594,0.42331,0.41243,0.39831,0.38027,0.36412,0.37687,0.49011,0.66748,0.83777,1.0076
0,0.087806,0.17432,0.26158,0.33427,0.39403,0.44551,0.49393,0.53747,0.57186,0.59577,0.60945,0.61284,0.6025,0.58564,0.5746,0.59429,0.63576,0.69746,0.79025,0.91889
0,0.078129,0.15685,0.23432,0.30927,0.38299,0.44895,0.50476,0.547,0.57161,0.58699,0.60139,0.614,0.63171,0.65122,0.6891,0.75931,0.85546,0.96506,1.1165,1.2501
0,0.070894,0.14374,0.21293,0.27763,0.33829,0.39265,0.44211,0.47833,0.50795,0.52863,0.55052,0.56819,0.58824,0.61348,0.65418,0.70012,0.74063,0.76687,0.77329,0.7783
0,0.06205,0.11997,0.17575,0.22707,0.26929,0.30834,0.33955,0.35809,0.36083,0.35587,0.34977,0.35041,0.36646,0.41396,0.52306,0.69449,0.86426,1.007,1.1297,1.248
0,0.044745,0.086279,0.12535,0.16793,0.21301,0.25874,0.29832,0.33023,0.35915,0.37803,0.39106,0.39265,0.38632,0.37732,0.36659,0.35683,0.38386,0.43534,0.49419,0.55875
0,0.090692,0.17553,0.26191,0.33018,0.37922,0.42485,0.48177,0.55868,0.64479,0.74689,0.84764,0.94629,1.0249,1.0881,1.153,1.2177,1.2833,1.3406,1.3946,1.4385
0,0.20934,0.3953,0.54625,0.67855,0.78611,0.89139,0.99826,1.0915,1.1718,1.2244,1.2526,1.2621,1.2466,1.1999,1.1166,1.0573,1.0596,1.0703,1.0894,1.131
0,0.048734,0.09419,0.13882,0.18367,0.22345,0.25901,0.29632,0.31429,0.32425,0.32896,0.3281,0.32691,0.32192,0.31332,0.30499,0.30622,0.31462,0.33854,0.36746,0.40181
0,0.047565,0.10201,0.16438,0.23923,0.32627,0.41158,0.46512,0.48726,0.49826,0.49247,0.47968,0.46739,0.46462,0.47383,0.49136,0.50997,0.53402,0.56453,0.59542,0.62951
0,0.1505,0.30216,0.47179,0.65677,0.77401,0.8229,0.76956,0.75384,0.75803,0.77938,0.81192,0.85895,0.92694,0.99343,1.0488,1.0794,1.1037,1.131,1.16,1.199
0,0.094677,0.18328,0.25853,0.32222,0.37374,0.41436,0.44788,0.47696,0.49605,0.50605,0.50788,0.51137,0.51571,0.52358,0.54325,0.58011,0.63565,0.72041,0.8306,0.94089
0,0.081211,0.16088,0.24792,0.33326,0.40579,0.46429,0.51257,0.55187,0.58267,0.60118,0.61472,0.62016,0.63843,0.68952,0.76467,0.86001,0.93628,1.0122,1.0786,1.1527
0,0.036306,0.072833,0.10799,0.14481,0.18294,0.22011,0.25758,0.29421,0.32523,0.35188,0.36859,0.37413,0.36556,0.3437,0.31688,0.29425,0.28116,0.27075,0.25618,0.26629
0,0.083655,0.16253,0.2335,0.30216,0.36353,0.41476,0.45634,0.49079,0.51635,0.53546,0.54745,0.55709,0.56479,0.56796,0.57538,0.6211,0.72652,0.8537,0.98643,1.0911
0,0.13886,0.22287,0.28809,0.36354,0.42258,0.41407,0.41327,0.44945,0.49546,0.53752,0.57967,0.62099,0.66433,0.71253,0.76231,0.80474,0.84318,0.88015,0.91431,0.94596
0,0.094354,0.20273,0.33943,0.49371,0.66249,0.81448,0.95011,1.0629,1.1233,1.1408,1.1272,1.0725,0.99649,0.9251,0.87415,0.82526,0.79945,0.78361,0.77555,0.78724
0,0.13494,0.25959,0.38346,0.50698,0.6099,0.69036,0.77646,0.84658,0.92484,0.97831,0.96968,0.91377,0.80405,0.66141,0.61301,0.66757,0.74766,0.84131,0.97334,1.0999
0,0.032641,0.062375,0.090605,0.11337,0.13043,0.14256,0.14673,0.14405,0.13773,0.13098,0.12223,0.11346,0.11168,0.12125,0.14532,0.17905,0.22303,0.29226,0.39194,0.52881
0,0.074296,0.13516,0.19159,0.25593,0.33613,0.42116,0.47477,0.51249,0.53614,0.53392,0.48871,0.45609,0.53294,0.67677,0.78417,0.8909,1.0189,1.1498,1.2715,1.388
0,0.10115,0.2104,0.30378,0.3849,0.46467,0.5314,0.58294,0.63129,0.66727,0.69944,0.7357,0.78665,0.84637,0.89853,0.93953,0.97007,0.99263,1.0113,1.0307,1.044
0,0.1897,0.39188,0.57031,0.73932,0.72567,0.6958,0.69162,0.6784,0.67152,0.68057,0.71268,0.76051,0.81998,0.87874,0.92915,0.97864,1.0271,1.0825,1.1445,1.2237
0,0.12656,0.26501,0.42487,0.54968,0.67346,0.79851,0.89246,0.95656,0.97593,0.96767,0.96416,0.97872,1.0193,1.0549,1.0944,1.1304,1.1753,1.2061,1.2284,1.2908
0,0.037647,0.072331,0.10447,0.13583,0.16567,0.19392,0.22077,0.24144,0.26224,0.27989,0.29196,0.30044,0.30924,0.31811,0.33029,0.33778,0.34261,0.36848,0.43218,0.52798
0,0.10246,0.18769,0.26288,0.31751,0.36164,0.40678,0.43689,0.45211,0.4628,0.46793,0.46189,0.45549,0.45278,0.4484,0.47957,0.55797,0.6446,0.75567,0.89397,1.0426
0,0.073805,0.14478,0.21304,0.27092,0.31084,0.34101,0.36472,0.37459,0.37322,0.37294,0.38054,0.3943,0.41578,0.45161,0.49975,0.56356,0.63756,0.72104,0.81384,0.91035
0,0.11087,0.2278,0.34783,0.45767,0.54877,0.58925,0.55995,0.51996,0.49109,0.47951,0.49877,0.57658,0.71621,0.8586,0.98469,1.0823,1.1684,1.2605,1.3385,1.3989
0,0.21869,0.42663,0.5991,0.72438,0.8056,0.8599,0.90746,0.94647,0.96944,0.96475,0.92916,0.87388,0.83592,0.84309,0.88269,0.90564,0.91706,0.97158,1.1695,1.3846
0,0.048277,0.093486,0.13386,0.17355,0.21119,0.2486,0.28297,0.30284,0.314,0.32481,0.33525,0.33907,0.33837,0.33632,0.33969,0.34285,0.34178,0.35089,0.38454,0.46752
0,0.097701,0.18841,0.27159,0.33165,0.39406,0.42695,0.4409,0.44675,0.45599,0.47213,0.493,0.52612,0.5954,0.6977,0.82318,0.96672,1.1007,1.2077,1.2977,1.3825
0,0.10536,0.20314,0.29507,0.37729,0.45389,0.56089,0.70983,0.78821,0.81214,0.82232,0.82994,0.84066,0.8539,0.87279,0.90916,0.95798,1.0304,1.1168,1.2103,1.3034
0,0.10881,0.20193,0.30349,0.36986,0.41029,0.42488,0.42313,0.41247,0.39877,0.38747,0.38954,0.43408,0.49695,0.5756,0.68787,0.84758,1.0706,1.2525,1.3752,1.4789
0,0.18059,0.3567,0.53955,0.63601,0.74453,0.82188,0.91054,0.95406,0.95685,0.94333,0.92393,0.89771,0.86588,0.83561,0.81,0.80832,0.83294,0.87673,0.94157,1.0167
0,0.035222,0.072752,0.11062,0.14271,0.16842,0.19034,0.20887,0.23032,0.24935,0.26588,0.27829,0.28627,0.29134,0.29221,0.29246,0.307,0.34523,0.40214,0.4867,0.61729
0,0.063207,0.11536,0.16285,0.19865,0.22235,0.23848,0.23619,0.22602,0.2283,0.24265,0.25701,0.27779,0.33294,0.42565,0.53941,0.66618,0.7928,0.91506,1.0311,1.1502
0,0.11447,0.20601,0.27207,0.35563,0.41452,0.41874,0.39165,0.37195,0.37306,0.37647,0.39928,0.46122,0.54742,0.64393,0.72999,0.81679,0.89532,0.98672,1.0765,1.1829
0,0.080276,0.16293,0.24352,0.32113,0.39881,0.48015,0.55565,0.62855,0.69664,0.76627,0.8197,0.83436,0.83309,0.84215,0.87284,0.83428,0.86258,0.9122,1.0074,1.1011
0,0.17437,0.44304,0.71122,0.9054,1.0399,1.1385,1.2005,1.2612,1.3692,1.4919,1.6151,1.7161,1.8116,1.8797,1.9301,1.9666,1.9991,2.0231,2.0435,2.0693
0,0.032932,0.066692,0.1005,0.136,0.17464,0.21604,0.25076,0.27121,0.27989,0.27977,0.27736,0.27881,0.28028,0.30157,0.34909,0.41344,0.48927,0.57055,0.6536,0.74723
0,0.060811,0.11225,0.16003,0.20098,0.23291,0.25397,0.28002,0.29758,0.30111,0.29917,0.30885,0.3361,0.38234,0.43937,0.49035,0.54851,0.61626,0.6925,0.76413,0.83119
0,0.070915,0.14075,0.20421,0.26629,0.32965,0.4012,0.47527,0.53389,0.56575,0.57872,0.58232,0.60454,0.62223,0.61459,0.60262,0.59702,0.60638,0.63479,0.66564,0.71144
0,0.071461,0.1383,0.20278,0.27142,0.3501,0.43592,0.52037,0.57351,0.58931,0.58517,0.56815,0.54943,0.52609,0.50979,0.50145,0.49572,0.50475,0.55531,0.6474,0.7393
0,0.12533,0.24218,0.34927,0.44365,0.53319,0.60893,0.66515,0.70338,0.71458,0.71821,0.73126,0.75845,0.81711,0.91356,1.0357,1.1484,1.2353,1.3114,1.388,1.4459
0,0.043239,0.085727,0.12329,0.15481,0.1809,0.20516,0.2266,0.24041,0.24896,0.25698,0.26498,0.27106,0.27262,0.27299,0.27551,0.2827,0.29466,0.32312,0.3619,0.41093
0,0.043003,0.084989,0.12184,0.14998,0.17659,0.20066,0.21553,0.22886,0.24908,0.269,0.28876,0.30337,0.31283,0.32074,0.33526,0.36767,0.41223,0.47702,0.56086,0.66566
0,0.21864,0.42101,0.60064,0.72865,0.79977,0.8341,0.79258,0.68953,0.5979,0.56066,0.58662,0.65727,0.77803,0.93281,1.0852,1.2388,1.3656,1.4705,1.5554,1.6317
0,0.085376,0.16826,0.25805,0.35998,0.46034,0.55492,0.63398,0.6727,0.68742,0.68828,0.6904,0.68251,0.66676,0.6473,0.64046,0.64861,0.69058,0.7523,0.79342,0.83057
0,0.13133,0.26374,0.37877,0.48388,0.59901,0.72563,0.82928,0.90651,0.95533,0.98002,0.99058,1.0227,1.0441,1.0568,1.0815,1.1122,1.1513,1.2157,1.3022,1.3883
0,0.043537,0.085212,0.1259,0.16851,0.21407,0.25264,0.27917,0.29127,0.29628,0.29917,0.30396,0.30502,0.30258,0.31251,0.31455,0.31664,0.31683,0.32102,0.34644,0.40126
0,0.069056,0.13156,0.18863,0.24323,0.273,0.29665,0.31311,0.32314,0.32781,0.32677,0.32629,0.33206,0.33978,0.35104,0.3715,0.39577,0.41969,0.45565,0.50916,0.57237
0,0.10623,0.21615,0.31666,0.41691,0.5126,0.60839,0.69862,0.77381,0.81897,0.83491,0.8401,0.8408,0.82941,0.81748,0.89829,1.0679,1.204,1.2853,1.3312,1.3595
0,0.15636,0.28519,0.39011,0.52071,0.65421,0.76689,0.83775,0.87722,0.90366,0.92679,0.95055,0.97897,1.0103,1.0382,1.058,1.087,1.1225,1.1702,1.2184,1.2627
0,0.13552,0.2595,0.38675,0.51515,0.65316,0.77436,0.85191,0.90889,0.94536,0.97322,0.98828,0.99224,0.97667,0.94049,0.89318,0.85713,0.8359,0.85264,0.8786,0.92723
0,0.064912,0.12954,0.19379,0.24989,0.30542,0.35098,0.3806,0.39778,0.40576,0.41034,0.41927,0.43172,0.45972,0.48748,0.51509,0.54564,0.58204,0.59705,0.60085,0.67477
0,0.14023,0.29247,0.47186,0.64571,0.79815,0.92837,1.0294,1.0637,1.0831,1.0933,1.0889,1.0564,1.0136,0.97615,0.96194,0.99065,1.0817,1.2715,1.5264,1.7548
0,0.12549,0.23113,0.33953,0.42837,0.45523,0.48675,0.50665,0.5215,0.53574,0.55357,0.57144,0.59143,0.61746,0.64035,0.66251,0.68142,0.69591,0.71115,0.73002,0.75071
0,0.13041,0.26353,0.39971,0.5392,0.65897,0.76761,0.84302,0.87661,0.89471,0.90308,0.91021,0.90458,0.89452,0.8787,0.87616,0.89273,0.91128,0.92979,0.96534,1.0175
0,0.13913,0.29101,0.45233,0.63194,0.84143,0.98791,1.0026,0.99037,0.96396,0.92922,0.90124,0.86741,0.84603,0.85417,0.88138,0.91988,0.93689,0.96029,1.0079,1.0495
0,0.035745,0.071928,0.10173,0.12641,0.14692,0.17196,0.19335,0.20889,0.22279,0.23341,0.24702,0.26493,0.29698,0.334,0.36444,0.39678,0.42868,0.45173,0.4876,0.52786
0,0.056697,0.10158,0.13688,0.16922,0.19686,0.22366,0.24677,0.27091,0.29107,0.30686,0.31998,0.33126,0.34338,0.37125,0.41109,0.46869,0.5612,0.68311,0.79793,0.89525
0,0.16092,0.32006,0.4795,0.62311,0.76011,0.88006,0.96495,1.0112,1.047,1.0579,1.0444,1.0258,1.0119,0.99793,0.93933,0.93279,0.97419,1.0618,1.1555,1.2612
0,0.10583,0.20197,0.29865,0.37577,0.47125,0.53158,0.55967,0.58279,0.60493,0.62922,0.65462,0.6791,0.71403,0.75181,0.79074,0.83298,0.87388,0.91733,0.96458,1.0157
0,0.099153,0.21484,0.37787,0.47981,0.42009,0.42581,0.47052,0.52231,0.57382,0.60285,0.6276,0.64034,0.64308,0.63328,0.63157,0.65042,0.68164,0.71646,0.72961,0.7314
0,0.095772,0.1938,0.28611,0.3698,0.41314,0.40706,0.37577,0.36044,0.35326,0.34997,0.35603,0.36942,0.38151,0.40052,0.4229,0.4579,0.50473,0.56311,0.63789,0.72658
0,0.055753,0.10764,0.15606,0.20374,0.24774,0.28146,0.30467,0.32878,0.34971,0.3679,0.38257,0.39392,0.4014,0.4186,0.44879,0.51204,0.62748,0.77772,0.92681,1.0646
0,0.13044,0.26806,0.39574,0.50271,0.58663,0.64307,0.66577,0.66585,0.65436,0.62863,0.59537,0.55594,0.55603,0.62732,0.70644,0.79941,0.89523,0.97466,1.031,1.078
0,0.17613,0.35086,0.50377,0.61513,0.67972,0.73032,0.81052,0.88859,0.95224,1.0023,1.0466,1.0703,1.0745,1.0882,1.1078,1.1298,1.1639,1.2106,1.2854,1.3584
0,0.17178,0.28185,0.39474,0.48332,0.54906,0.60602,0.64092,0.65403,0.65597,0.66754,0.68931,0.71534,0.73383,0.78405,0.88975,1.0141,1.1717,1.3385,1.4974,1.621
0,0.090039,0.16562,0.21809,0.26268,0.30888,0.35107,0.38504,0.3996,0.39899,0.38897,0.3788,0.38412,0.40055,0.42016,0.44379,0.45911,0.46319,0.48785,0.55889,0.6591
0,0.083139,0.16278,0.24248,0.32011,0.39232,0.4564,0.50303,0.52184,0.5051,0.52493,0.56024,0.60425,0.6573,0.70256,0.74603,0.78048,0.81305,0.8443,0.8778,0.91424
0,0.11859,0.18963,0.22599,0.26424,0.30478,0.34554,0.38326,0.41508,0.44141,0.46161,0.47884,0.49169,0.50186,0.51459,0.52441,0.5362,0.5668,0.63033,0.7095,0.79387
0,0.11899,0.24743,0.39491,0.57105,0.66447,0.76779,0.83893,0.87857,0.90164,0.91445,0.92514,0.95623,0.98902,0.99738,1,0.98728,1.0014,1.0223,1.0721,1.1196
0,0.10141,0.19905,0.30144,0.40371,0.48496,0.55039,0.59724,0.63345,0.66155,0.68399,0.69636,0.69841,0.68109,0.65799,0.62373,0.58295,0.56728,0.57549,0.62443,0.66939
0,0.027619,0.054666,0.083827,0.10853,0.12622,0.15791,0.17952,0.20028,0.21958,0.23732,0.25373,0.27122,0.2905,0.30871,0.32669,0.34308,0.3632,0.38752,0.40817,0.43427
0,0.07226,0.14947,0.22791,0.29584,0.32824,0.33447,0.31988,0.31218,0.30573,0.30261,0.30194,0.31319,0.34213,0.38027,0.4347,0.49845,0.5659,0.62949,0.69729,0.75943
0,0.052235,0.12914,0.19577,0.26026,0.32687,0.38496,0.44432,0.50512,0.55956,0.61021,0.66134,0.71134,0.76358,0.81006,0.85812,0.91427,0.9703,1.0345,1.1241,1.233
0,0.1147,0.24533,0.39456,0.56845,0.70046,0.73152,0.7793,0.83729,0.90138,0.95805,0.99733,1.0293,1.0619,1.09,1.1338,1.1908,1.2576,1.3319,1.4073,1.4837
0,0.17554,0.34052,0.50472,0.6606,0.7997,0.92402,1.0237,1.1159,1.1839,1.212,1.2116,1.1911,1.1344,1.0781,1.0402,1.041,1.0853,1.1983,1.3315,1.4618
0,0.071926,0.14786,0.21693,0.27823,0.3319,0.37578,0.40671,0.40944,0.41567,0.43207,0.45166,0.46364,0.46317,0.47567,0.55025,0.68826,0.84025,0.99189,1.1275,1.2667
0,0.059465,0.11531,0.16305,0.20403,0.2312,0.25276,0.27665,0.30208,0.31989,0.33241,0.34302,0.35158,0.36258,0.37802,0.3974,0.41648,0.43847,0.47491,0.5397,0.64879
0,0.13352,0.23245,0.317,0.39531,0.42582,0.43638,0.45084,0.48421,0.51237,0.52162,0.53375,0.5667,0.62318,0.70573,0.8157,0.93839,1.0698,1.2134,1.3511,1.4718
0,0.12465,0.23271,0.30465,0.35162,0.3922,0.44253,0.49789,0.55047,0.59068,0.61635,0.62168,0.61711,0.60561,0.60108,0.61802,0.63979,0.64286,0.64988,0.70974,0.7805
0,0.080324,0.15401,0.21534,0.26701,0.30692,0.34197,0.36278,0.37792,0.39344,0.41345,0.43645,0.46437,0.48781,0.50255,0.51639,0.52532,0.53655,0.5609,0.60956,0.66178
0,0.063944,0.1311,0.19758,0.26335,0.32451,0.37941,0.42417,0.46112,0.48422,0.48714,0.47555,0.45588,0.42593,0.40063,0.40665,0.45072,0.52563,0.6049,0.69626,0.80224
0,0.051209,0.083841,0.10031,0.12703,0.14573,0.15535,0.16339,0.1706,0.1804,0.19471,0.21892,0.25015,0.27916,0.32026,0.36567,0.40978,0.45333,0.49728,0.5375,0.58186
0,0.10166,0.19651,0.28777,0.37451,0.46214,0.54493,0.6116,0.65808,0.68596,0.69931,0.70969,0.70038,0.67085,0.62863,0.60012,0.58828,0.58447,0.58963,0.61864,0.67324
0,0.15698,0.32591,0.49614,0.66502,0.83889,0.96564,1.0573,1.0624,1.0002,0.94142,0.89009,0.88072,0.88972,0.91973,0.99416,1.1034,1.1968,1.2831,1.3621,1.4406
0,0.077878,0.1584,0.24698,0.33415,0.42871,0.51927,0.58896,0.6339,0.64994,0.65528,0.66721,0.6856,0.68581,0.66473,0.642,0.63951,0.69505,0.7977,0.9104,1.0264
0,0.05109,0.10339,0.15133,0.18144,0.19706,0.20833,0.21311,0.20964,0.20005,0.18938,0.18918,0.2069,0.26842,0.37976,0.5235,0.6679,0.80165,0.91106,1.0015,1.0806
0,0.12773,0.25817,0.38356,0.50962,0.629,0.73473,0.82788,0.89247,0.94431,0.97706,0.99783,1.0146,1.032,1.0223,0.98848,0.93011,0.86939,0.89387,1.0232,1.1755
0,0.13605,0.28517,0.39109,0.46375,0.53671,0.60685,0.6744,0.73088,0.7754,0.81879,0.86252,0.91155,0.96998,1.0321,1.1053,1.1892,1.2637,1.314,1.3344,1.3551
0,0.075393,0.147,0.21598,0.28729,0.35958,0.4289,0.49609,0.55851,0.61348,0.65547,0.68262,0.68726,0.67274,0.64081,0.62303,0.6355,0.67114,0.71668,0.82663,0.95912
0,0.15045,0.30145,0.46017,0.65493,0.82845,0.93596,0.94734,0.92608,0.89596,0.8655,0.83573,0.81083,0.79537,0.81779,0.85848,0.90835,0.96646,1.0276,1.0893,1.1438
0,0.031578,0.062694,0.10573,0.12502,0.14411,0.16781,0.18941,0.20749,0.22014,0.22645,0.23111,0.23897,0.25336,0.27722,0.31495,0.35999,0.41619,0.48741,0.56541,0.64509
0,0.079919,0.15444,0.22699,0.30106,0.37623,0.4434,0.49879,0.53769,0.56784,0.59642,0.62283,0.64019,0.62759,0.64985,0.7221,0.83732,0.98023,1.1259,1.2775,1.4548
0,0.037877,0.074639,0.10807,0.13787,0.16698,0.20174,0.23925,0.27561,0.29969,0.31434,0.32915,0.33981,0.34233,0.32814,0.30839,0.30136,0.34724,0.42475,0.52232,0.63647
0,0.091677,0.18778,0.28218,0.36948,0.44476,0.51693,0.57791,0.61995,0.64572,0.66458,0.67855,0.68877,0.70218,0.72857,0.76365,0.7991,0.8333,0.86745,0.90087,0.9289
0,0.09289,0.18573,0.23782,0.26518,0.31364,0.37402,0.42398,0.45913,0.47527,0.48143,0.4876,0.5122,0.54908,0.60689,0.69507,0.81705,0.9349,1.0357,1.1138,1.1693
0,0.041545,0.078138,0.10731,0.12928,0.14959,0.16776,0.18069,0.18698,0.19046,0.19305,0.19638,0.20927,0.24588,0.32104,0.40716,0.49801,0.57755,0.64644,0.70867,0.76963
0,0.064381,0.12627,0.20258,0.25004,0.23535,0.21045,0.18014,0.18503,0.22469,0.27819,0.3409,0.40123,0.46794,0.5342,0.59562,0.66845,0.74926,0.83275,0.91347,0.99683
0,0.14937,0.32845,0.51374,0.66898,0.75063,0.79202,0.82041,0.8405,0.84823,0.83754,0.81302,0.77836,0.75322,0.73477,0.74447,0.78164,0.84915,0.9357,1.0248,1.1031
0,0.12938,0.26319,0.4089,0.55973,0.70766,0.81785,0.86411,0.88345,0.89255,0.85532,0.79188,0.72393,0.66948,0.676,0.7156,0.77283,0.84729,0.94061,1.0397,1.1281
0,0.076083,0.15307,0.22882,0.30027,0.3676,0.43055,0.48356,0.52026,0.56252,0.60766,0.63625,0.65911,0.67742,0.68083,0.67134,0.65887,0.67398,0.72349,0.77332,0.82265
0,0.18469,0.35798,0.48569,0.55102,0.57647,0.58044,0.586,0.59973,0.61273,0.60238,0.5555,0.45452,0.34768,0.3916,0.50032,0.61055,0.68992,0.74802,0.79825,0.83622
0,0.055682,0.11146,0.16537,0.21616,0.26221,0.3028,0.33973,0.36882,0.39095,0.4052,0.41256,0.41541,0.41123,0.41349,0.41832,0.42726,0.44398,0.47751,0.52436,0.60853
0,0.10728,0.21948,0.34177,0.46345,0.56825,0.65082,0.72335,0.76803,0.77555,0.76153,0.73974,0.70551,0.66321,0.66795,0.76983,0.9266,1.0589,1.1723,1.2609,1.3492
0,0.088324,0.16855,0.25083,0.33378,0.41371,0.48414,0.55104,0.60846,0.64585,0.66888,0.68164,0.69948,0.72361,0.76371,0.80687,0.83777,0.85385,0.89136,0.93307,0.97257
0,0.1373,0.28916,0.45485,0.65551,0.89518,1.0514,1.1664,1.2166,1.2292,1.2182,1.1705,1.1168,1.0711,1.0671,1.0859,1.0982,1.0923,1.0785,1.0724,1.0778
0,0.032732,0.06472,0.094409,0.1248,0.15583,0.18669,0.2137,0.23052,0.23926,0.24456,0.2474,0.24813,0.24492,0.24966,0.26015,0.27935,0.31593,0.35962,0.41691,0.48392
0,0.059301,0.1167,0.17287,0.21907,0.25831,0.29124,0.31899,0.34689,0.37431,0.39837,0.41584,0.43158,0.44412,0.45458,0.45885,0.4768,0.502,0.54692,0.61336,0.67214
0,0.13097,0.25249,0.36434,0.47095,0.56609,0.64652,0.70424,0.72415,0.72323,0.70671,0.68968,0.69669,0.68923,0.67856,0.69184,0.71058,0.73887,0.8368,0.98913,1.1614
0,0.091581,0.18209,0.27,0.34722,0.40528,0.4549,0.49903,0.53134,0.54614,0.54502,0.54222,0.54974,0.5614,0.56785,0.57357,0.57976,0.60704,0.66667,0.74434,0.81569
0,0.16426,0.35636,0.55768,0.64876,0.58395,0.5718,0.54606,0.5274,0.54649,0.56791,0.57838,0.59002,0.61353,0.63931,0.67809,0.73444,0.79705,0.86294,0.92924,0.9985
0,0.12261,0.22216,0.26798,0.25574,0.20836,0.17297,0.1527,0.1325,0.12426,0.13865,0.18067,0.23847,0.30919,0.3803,0.44969,0.52452,0.60104,0.67651,0.74966,0.82247
0,0.06922,0.14215,0.20138,0.24483,0.2806,0.3105,0.34022,0.36721,0.38859,0.40153,0.41116,0.41811,0.41662,0.42003,0.44776,0.51507,0.62055,0.74503,0.86348,0.95752
0,0.13978,0.28483,0.4225,0.54729,0.65455,0.74506,0.80735,0.82883,0.83051,0.83955,0.84831,0.85942,0.87113,0.87697,0.87784,0.88791,0.9015,0.90376,0.91344,0.94715
0,0.12754,0.24474,0.35044,0.45089,0.55282,0.65145,0.72564,0.77011,0.78968,0.80287,0.79102,0.7677,0.7492,0.74271,0.77143,0.80639,0.8444,0.90615,0.97761,1.0596
0,0.21856,0.40867,0.53769,0.61865,0.65631,0.66091,0.69161,0.72329,0.72459,0.71544,0.71185,0.74379,0.79685,0.87543,0.9503,0.99608,1.0305,1.0319,1.0307,1.0195
0,0.039377,0.075093,0.10915,0.16758,0.14876,0.16213,0.18024,0.19997,0.21814,0.22996,0.24057,0.25288,0.26117,0.26888,0.27879,0.28462,0.28214,0.25452,0.24953,0.40584
0,0.077649,0.1582,0.23899,0.32306,0.40509,0.48183,0.54176,0.59041,0.62712,0.64468,0.65439,0.66114,0.65598,0.64948,0.64773,0.66141,0.68142,0.69802,0.70632,0.72989
0,0.10002,0.2114,0.33146,0.45233,0.57579,0.70432,0.75839,0.75668,0.72745,0.69682,0.67381,0.67116,0.65536,0.64049,0.62971,0.63416,0.65321,0.67409,0.68732,0.71532
0,0.097871,0.188,0.26816,0.33425,0.39284,0.44137,0.48359,0.52243,0.55742,0.58805,0.61454,0.63586,0.6355,0.62831,0.62933,0.68231,0.7661,0.83801,0.88797,0.94357
0,0.072018,0.14173,0.20917,0.28051,0.35359,0.43008,0.49294,0.53795,0.55524,0.55971,0.55879,0.56333,0.54717,0.52544,0.52151,0.56365,0.63477,0.73364,0.84176,0.92384
0,0.046509,0.093408,0.13621,0.17074,0.1976,0.21625,0.22849,0.23854,0.2482,0.25272,0.25544,0.25877,0.25997,0.26401,0.27813,0.30052,0.33995,0.3873,0.44368,0.51506
0,0.11897,0.21701,0.28697,0.34338,0.39697,0.42922,0.44777,0.46136,0.48406,0.52332,0.5859,0.66381,0.76043,0.85934,0.95459,1.0557,1.1796,1.3131,1.4652,1.6142
0,0.10228,0.20883,0.3157,0.41082,0.50175,0.59571,0.67761,0.73396,0.77604,0.827,0.8991,0.97969,1.0734,1.1782,1.2811,1.4067,1.5447,1.6671,1.8024,1.9193
0,0.11013,0.22953,0.35628,0.44263,0.49855,0.57579,0.63828,0.67627,0.70602,0.71792,0.72653,0.72698,0.72399,0.7296,0.76119,0.82558,0.90822,0.96804,1.0417,1.1609
0,0.12405,0.25353,0.37032,0.47971,0.56516,0.64888,0.72448,0.74629,0.73576,0.72268,0.7061,0.68744,0.66844,0.65368,0.64915,0.66049,0.69125,0.76657,0.88229,0.98916
0,0.041288,0.071368,0.093184,0.11669,0.14166,0.15917,0.16832,0.17411,0.18284,0.18966,0.19018,0.18652,0.18407,0.18918,0.21299,0.25325,0.31783,0.38681,0.46867,0.5552
0,0.10749,0.21672,0.32348,0.4138,0.45445,0.46328,0.45574,0.43419,0.4104,0.37802,0.34992,0.33609,0.35396,0.40574,0.47558,0.55248,0.63106,0.70012,0.76658,0.83251
0,0.10456,0.20134,0.29299,0.39871,0.53443,0.68064,0.80025,0.89356,0.9491,0.98332,0.99047,0.97621,0.95374,1.0192,1.1405,1.2783,1.3767,1.4677,1.5488,1.617
0,0.12054,0.21501,0.28002,0.34087,0.39361,0.44027,0.48056,0.51539,0.54428,0.56662,0.58869,0.60878,0.63515,0.66195,0.68898,0.71765,0.73611,0.74859,0.78333,0.83073
0,0.15746,0.29703,0.43485,0.54844,0.61296,0.65737,0.67117,0.66193,0.64806,0.65018,0.66968,0.70301,0.7499,0.80527,0.86121,0.91752,0.95793,1.0055,1.0606,1.1149
0,0.061245,0.12166,0.1756,0.22405,0.26792,0.29815,0.3197,0.32899,0.33384,0.33999,0.34905,0.36294,0.36884,0.36601,0.35931,0.34947,0.33917,0.33247,0.3396,0.36962
0,0.056858,0.11398,0.17465,0.23228,0.28929,0.3497,0.40888,0.45874,0.48712,0.50602,0.51878,0.52385,0.52085,0.52107,0.52099,0.52642,0.5408,0.5655,0.58773,0.61237
0,0.11487,0.22928,0.34022,0.44101,0.53151,0.60595,0.67257,0.7182,0.76615,0.80541,0.83824,0.87562,0.92449,0.98213,1.0421,1.0953,1.1667,1.2387,1.2983,1.3574
0,0.17472,0.30038,0.37166,0.44655,0.52495,0.59864,0.66582,0.70537,0.72125,0.71881,0.70269,0.69252,0.70033,0.7203,0.74679,0.78598,0.81841,0.83625,0.85657,0.88188
0,0.18684,0.3717,0.54312,0.68717,0.80088,0.8957,0.96722,1.0229,1.0654,1.0974,1.1145,1.1215,1.1138,1.0872,1.0447,0.99697,0.95493,0.90358,0.85002,0.77596
0,0.018613,0.038554,0.054636,0.072482,0.082734,0.082697,0.076276,0.072669,0.072558,0.076263,0.086813,0.10191,0.11894,0.14142,0.17467,0.21792,0.26337,0.31344,0.36754,0.42551
0,0.13365,0.27929,0.44235,0.58609,0.64694,0.63829,0.58921,0.53977,0.50461,0.48021,0.46697,0.46853,0.47957,0.50226,0.54669,0.60443,0.6752,0.75208,0.83349,0.93238
0,0.12796,0.27134,0.40934,0.52911,0.64083,0.75126,0.82141,0.84003,0.84053,0.83759,0.82551,0.81938,0.83681,0.92513,1.0287,1.1312,1.2192,1.2976,1.3692,1.4494
0,0.099901,0.20325,0.30558,0.404,0.50241,0.59069,0.65834,0.68816,0.6892,0.67944,0.67667,0.69527,0.71022,0.70904,0.71663,0.71167,0.74142,0.80633,0.86529,0.89485
0,0.10057,0.20614,0.31528,0.42922,0.55861,0.68055,0.78807,0.8511,0.87667,0.89719,0.91325,0.90866,0.88436,0.84848,0.82895,0.86366,0.92945,0.99163,1.0469,1.0604
0,0.053787,0.11314,0.23342,0.36555,0.34936,0.30983,0.2933,0.29294,0.29373,0.30079,0.31319,0.32831,0.34328,0.36764,0.39812,0.43124,0.47955,0.55154,0.62935,0.70085
0,0.17581,0.33846,0.49804,0.65476,0.80114,0.91854,0.97151,1.0034,1.0094,1.007,0.99167,0.99199,1.0087,1.0184,1.0683,1.1873,1.3803,1.5472,1.6774,1.7704
0,0.16919,0.33301,0.46242,0.55233,0.62113,0.66672,0.70012,0.72478,0.74444,0.76273,0.7861,0.82169,0.86306,0.891,0.91136,0.94295,0.95973,0.97564,1.0252,1.1132
0,0.099289,0.19987,0.30065,0.39576,0.47877,0.54985,0.61152,0.66513,0.70601,0.72931,0.75542,0.8067,0.86313,0.90225,0.90758,0.91669,0.93815,0.96834,0.99929,1.0233
0,0.17118,0.32613,0.46065,0.58431,0.69713,0.79399,0.89694,0.95709,0.99947,1.0285,1.0464,1.0557,1.0465,1.0351,1.0286,1.0213,1.0276,1.0389,1.0506,1.0676
0,0.067743,0.13322,0.20355,0.27521,0.34555,0.39966,0.43292,0.4384,0.43603,0.43073,0.42494,0.40764,0.40154,0.42613,0.48148,0.58171,0.70025,0.82623,0.95198,1.0729
0,0.077842,0.148,0.21092,0.26499,0.31263,0.35729,0.39222,0.41579,0.42925,0.4469,0.47059,0.49623,0.5216,0.56574,0.62893,0.71412,0.81694,0.9388,1.0694,1.2056
0,0.11842,0.23052,0.32678,0.40795,0.47567,0.52492,0.55668,0.56713,0.5679,0.56248,0.5537,0.5481,0.54147,0.53309,0.53234,0.5418,0.55276,0.55096,0.54768,0.58926
0,0.15053,0.30523,0.44606,0.56225,0.65055,0.71132,0.75298,0.78862,0.81505,0.83349,0.8476,0.85968,0.86899,0.89891,0.96939,1.0692,1.1521,1.1814,1.1625,1.1646
0,0.2,0.36879,0.4974,0.58821,0.64155,0.68132,0.70872,0.69884,0.70691,0.70289,0.68369,0.66803,0.6967,0.76005,0.8262,0.8917,0.94526,0.98955,1.028,1.0664
0,0.07692,0.15869,0.24929,0.34731,0.46797,0.57841,0.64848,0.68965,0.71602,0.73065,0.74612,0.77006,0.7907,0.80656,0.81582,0.82151,0.83964,0.87862,0.94201,1.0228
0,0.094004,0.18471,0.26996,0.35036,0.41166,0.44184,0.45632,0.47532,0.50835,0.54845,0.58432,0.60514,0.63351,0.68021,0.76575,0.87833,1.014,1.1612,1.3148,1.4699
0,0.053876,0.10678,0.15929,0.21102,0.26337,0.3146,0.36305,0.40783,0.44794,0.4843,0.5237,0.56471,0.5998,0.6249,0.6433,0.6673,0.70461,0.75385,0.76289,0.75573
0,0.11379,0.23842,0.34941,0.40116,0.45,0.47387,0.4842,0.5205,0.59235,0.66506,0.73297,0.79937,0.88166,0.9694,1.053,1.1273,1.2055,1.2559,1.2875,1.3202
0,0.16629,0.3438,0.50603,0.64876,0.75715,0.84196,0.89641,0.92215,0.94002,0.9462,0.93184,0.88062,0.842,0.82127,0.80466,0.81298,0.84764,0.90608,0.98548,1.0775
0,0.022272,0.04231,0.059302,0.074188,0.088717,0.1019,0.11128,0.11655,0.1202,0.12076,0.11768,0.11493,0.11508,0.11905,0.12401,0.12662,0.13372,0.16705,0.20975,0.25352
0,0.054493,0.10992,0.16736,0.22144,0.27477,0.33001,0.38472,0.42072,0.44571,0.46326,0.48524,0.5178,0.56777,0.6263,0.67264,0.70425,0.72461,0.74531,0.77221,0.80947
0,0.14742,0.31001,0.44361,0.5131,0.53617,0.54803,0.55381,0.59094,0.64199,0.70338,0.76634,0.81808,0.86325,0.90436,0.95526,1.0323,1.146,1.2407,1.326,1.4111
0,0.07185,0.14224,0.21297,0.2762,0.33171,0.37567,0.40521,0.42076,0.42569,0.4251,0.4233,0.42711,0.42756,0.43036,0.4365,0.44532,0.45486,0.47545,0.51821,0.58495
0,0.092649,0.18153,0.3023,0.4244,0.49597,0.58032,0.67459,0.75296,0.81234,0.86543,0.91937,0.95107,0.95506,0.94062,0.95017,1.008,1.1202,1.1704,1.1575,1.1023
0,0.0184,0.032595,0.043154,0.053101,0.062435,0.070859,0.079672,0.08915,0.096425,0.10166,0.10575,0.11043,0.11581,0.12281,0.13142,0.13956,0.14252,0.14169,0.14818,0.18422
0,0.19841,0.42649,0.59894,0.76701,0.7205,0.70834,0.72403,0.73036,0.72273,0.71474,0.69999,0.69868,0.67946,0.65025,0.72146,0.84792,0.948,1.042,1.1219,1.2085
0,0.12676,0.29145,0.48371,0.66857,0.81707,0.92508,1.0089,1.0435,1.0484,1.0667,1.0515,0.98644,0.86894,0.76607,0.72319,0.7712,0.83306,0.91868,1.0033,1.0906
0,0.1365,0.26574,0.40628,0.57941,0.67324,0.68335,0.69603,0.72097,0.75846,0.81011,0.85913,0.89377,0.92557,1.0092,1.0738,1.0968,1.1094,1.1377,1.1672,1.1909
0,0.1607,0.29324,0.38879,0.47096,0.54233,0.5831,0.58305,0.57052,0.56823,0.60265,0.66308,0.72468,0.78135,0.83294,0.89321,0.94453,1.0066,1.0681,1.113,1.1482
0,0.032909,0.066857,0.099734,0.12868,0.15585,0.17965,0.2006,0.21857,0.23274,0.2445,0.25397,0.26062,0.26109,0.25559,0.24609,0.24567,0.24622,0.24096,0.25267,0.28762
0,0.11539,0.24058,0.37065,0.50388,0.63281,0.74648,0.83159,0.88357,0.91322,0.93776,0.9578,0.96715,0.96325,0.97393,0.99479,1.0157,1.0122,1.0251,1.0559,1.1487
0,0.15121,0.29826,0.42742,0.5584,0.68806,0.79297,0.88327,0.91442,0.91416,0.88968,0.81943,0.71075,0.65047,0.70313,0.81943,0.95088,1.0463,1.1268,1.2125,1.3116
0,0.12419,0.25126,0.38455,0.53893,0.70692,0.84748,0.92133,0.97991,1.0466,1.0957,1.1242,1.1381,1.1499,1.1656,1.183,1.2017,1.2158,1.2235,1.2334,1.2458
0,0.12183,0.24575,0.35986,0.46901,0.56889,0.66314,0.74278,0.79883,0.84664,0.89442,0.94095,0.98,1.0165,1.0533,1.0841,1.0937,1.0979,1.0995,1.103,1.0991
0,0.061946,0.11694,0.16945,0.21816,0.26192,0.30234,0.33664,0.35922,0.37194,0.38579,0.40325,0.42594,0.44599,0.46041,0.48463,0.50929,0.5202,0.52284,0.57103,0.68523
0,0.10165,0.16972,0.22483,0.276,0.31695,0.34507,0.37291,0.39374,0.41022,0.42144,0.42229,0.42047,0.41877,0.42066,0.43945,0.46873,0.50645,0.54819,0.60563,0.67753
0,0.12511,0.23255,0.31787,0.38635,0.42839,0.45511,0.47533,0.48603,0.50397,0.53482,0.58721,0.655,0.74068,0.85555,0.97262,1.0987,1.2176,1.3466,1.4732,1.6
0,0.14152,0.29453,0.44865,0.58674,0.70884,0.81529,0.89913,0.9174,0.91357,0.90133,0.86616,0.83191,0.8192,0.83296,0.87133,0.93482,1.0134,1.0912,1.1654,1.2502
0,0.175,0.37636,0.62369,0.8553,1.0123,1.1006,1.1503,1.1315,1.1271,1.0741,1.0237,0.99737,0.97502,0.95613,0.94954,0.96228,0.9775,0.98284,0.99056,1.0154
0,0.053385,0.10768,0.15818,0.19896,0.23184,0.26394,0.29669,0.32182,0.34159,0.34999,0.34979,0.34875,0.35567,0.37526,0.40632,0.4423,0.46994,0.5025,0.5395,0.58178
0,0.074755,0.14134,0.18274,0.20804,0.22232,0.22765,0.2274,0.22261,0.21842,0.21728,0.22601,0.2602,0.3365,0.45259,0.6087,0.81161,1.0233,1.2217,1.3922,1.55
0,0.22391,0.41133,0.54232,0.66938,0.79628,0.89574,0.92305,0.93995,0.93475,0.9197,0.89689,0.85549,0.82619,0.84198,0.92679,1.0608,1.1932,1.3232,1.4257,1.5088
0,0.081249,0.16762,0.25805,0.35229,0.44491,0.53649,0.6025,0.61654,0.58751,0.57277,0.59234,0.63815,0.66736,0.67294,0.68154,0.70604,0.73394,0.76799,0.80608,0.84659
0,0.19105,0.37434,0.53367,0.68601,0.83456,0.95571,1.0493,1.118,1.1682,1.1954,1.2033,1.2035,1.1837,1.1494,1.1006,1.0632,1.0435,1.056,1.124,1.2141
0,0.060085,0.12314,0.15979,0.17927,0.21454,0.25811,0.28328,0.28855,0.29321,0.30588,0.32142,0.34622,0.38609,0.4462,0.51873,0.6038,0.6814,0.75362,0.83073,0.91051
0,0.051214,0.092594,0.12904,0.16579,0.19788,0.22143,0.23506,0.24606,0.25575,0.26279,0.26708,0.26932,0.27558,0.28317,0.28897,0.31209,0.3697,0.45587,0.55765,0.67501
0,0.089281,0.16066,0.22384,0.27907,0.32544,0.36778,0.39763,0.41656,0.43288,0.44772,0.45675,0.46059,0.46713,0.48372,0.50939,0.55497,0.62969,0.70497,0.78072,0.84485
0,0.090436,0.18166,0.27104,0.35156,0.42806,0.49866,0.54971,0.58524,0.59758,0.60364,0.61109,0.60885,0.60038,0.60401,0.62064,0.63723,0.64972,0.6651,0.68682,0.72551
0,0.2053,0.42946,0.63054,0.78565,0.94383,1.0666,1.1077,1.0805,1.04,1.0044,0.97094,0.97784,1.0344,1.1152,1.1899,1.2225,1.228,1.2562,1.2959,1.3464
0,0.036759,0.064421,0.083393,0.099603,0.10598,0.10114,0.098431,0.099249,0.10566,0.11816,0.13785,0.16307,0.19667,0.23651,0.28138,0.33094,0.38094,0.42434,0.4665,0.51141
0,0.068709,0.13599,0.19755,0.25668,0.30808,0.35839,0.40475,0.43736,0.4602,0.48035,0.50487,0.53057,0.5621,0.62884,0.7076,0.79371,0.88079,0.94214,1.0079,1.1199
0,0.13193,0.25928,0.37587,0.46504,0.51497,0.55098,0.58141,0.61216,0.63578,0.64016,0.62784,0.60372,0.55367,0.53232,0.5991,0.7231,0.87096,1.0436,1.2199,1.4164
0,0.13295,0.28187,0.45457,0.66585,0.81089,0.82457,0.82862,0.81774,0.82871,0.83468,0.83457,0.8196,0.81596,0.82013,0.83062,0.83263,0.8403,0.87774,0.93295,0.99293
0,0.13438,0.30978,0.5121,0.54513,0.52414,0.55136,0.61211,0.67749,0.74044,0.79818,0.84037,0.88057,0.91064,0.93782,0.96457,0.98904,0.96914,0.862,0.764,0.75638
0,0.042611,0.086926,0.13175,0.17114,0.20518,0.23448,0.25127,0.26076,0.26684,0.26914,0.26962,0.27155,0.27275,0.2786,0.30367,0.34456,0.39769,0.45633,0.52241,0.57857
0,0.10899,0.22841,0.30982,0.35144,0.39786,0.45526,0.47344,0.46906,0.45974,0.45329,0.44347,0.42979,0.41276,0.3981,0.39013,0.40046,0.44802,0.54924,0.68271,0.83301
0,0.16584,0.3356,0.49278,0.6314,0.72363,0.78374,0.82797,0.87177,0.90817,0.91811,0.88379,0.84204,0.81216,0.79538,0.81033,0.87714,1.002,1.1438,1.2458,1.3166
0,0.12884,0.27399,0.42749,0.58911,0.73639,0.84115,0.88598,0.88411,0.87247,0.86516,0.87474,0.90663,0.96857,1.0617,1.1458,1.2213,1.2924,1.3493,1.4011,1.4491
0,0.20492,0.35682,0.45544,0.51674,0.55653,0.60298,0.65402,0.69674,0.72654,0.74283,0.76602,0.80484,0.8332,0.83514,0.82092,0.86619,0.98141,1.1015,1.225,1.3443
0,0.07524,0.1392,0.20192,0.23336,0.26171,0.28498,0.29312,0.29038,0.28181,0.26883,0.26179,0.25881,0.25216,0.24273,0.23369,0.23244,0.28159,0.36581,0.47911,0.61215
0,0.067163,0.13553,0.20629,0.28153,0.35144,0.42176,0.48387,0.51265,0.52792,0.54349,0.5576,0.57513,0.59854,0.63718,0.70404,0.77814,0.84766,0.93403,1.0563,1.2298
0,0.10214,0.19536,0.27833,0.34663,0.41044,0.45526,0.48231,0.50398,0.51115,0.51351,0.52346,0.52713,0.5112,0.49333,0.48786,0.51349,0.55799,0.62458,0.72297,0.84497
0,0.23604,0.4415,0.58873,0.63227,0.65113,0.6846,0.69382,0.71351,0.75919,0.83302,0.91944,1.0176,1.1385,1.261,1.3687,1.472,1.5663,1.6534,1.739,1.8208
0,0.19549,0.33984,0.45381,0.56504,0.62973,0.68735,0.7212,0.73334,0.72109,0.69684,0.67237,0.65217,0.65437,0.70499,0.80273,0.92644,1.0368,1.1573,1.3013,1.4298
0,0.074193,0.13949,0.20338,0.26939,0.32824,0.37466,0.39317,0.40158,0.41256,0.41802,0.42385,0.45231,0.50034,0.57227,0.65832,0.75002,0.84429,0.94532,1.0425,1.1383
0,0.11826,0.17467,0.22723,0.28652,0.30824,0.33718,0.37764,0.40347,0.43355,0.46747,0.49114,0.5242,0.58256,0.66417,0.77308,0.88118,0.97301,1.0595,1.1465,1.2395
0,0.19189,0.32277,0.42076,0.5255,0.65944,0.75499,0.76252,0.77008,0.80396,0.8366,0.86495,0.91674,0.96633,1.0052,1.0397,1.0928,1.1784,1.2592,1.31,1.3987
0,0.17392,0.4238,0.3957,0.42616,0.48807,0.56013,0.61272,0.64226,0.65613,0.65399,0.6484,0.65467,0.668,0.68766,0.7368,0.80053,0.85376,0.90053,0.96201,1.044
0,0.24416,0.42643,0.56764,0.649,0.73427,0.83359,0.90892,0.97122,1.0013,1.023,1.0633,1.1348,1.1905,1.2167,1.2342,1.2645,1.3008,1.3429,1.3922,1.4452
0,0.057449,0.11441,0.16436,0.20597,0.23818,0.26093,0.26989,0.27023,0.2701,0.2711,0.27666,0.29148,0.31566,0.35485,0.41742,0.51459,0.62623,0.74272,0.87479,1.0009
0,0.08912,0.17301,0.24126,0.30498,0.35757,0.40678,0.44503,0.45952,0.45283,0.44252,0.42942,0.43374,0.46086,0.54276,0.64928,0.82871,1.0803,1.3378,1.5643,1.75
0,0.20349,0.38213,0.52714,0.65627,0.75891,0.834,0.88202,0.91077,0.93161,0.95122,0.96062,0.95067,0.88727,0.82944,0.84548,1.0331,1.3087,1.5154,1.6927,1.8713
0,0.11293,0.22383,0.33507,0.44943,0.58513,0.71407,0.80752,0.86501,0.88918,0.88295,0.86031,0.85693,0.86933,0.87956,0.87223,0.84692,0.86009,0.899,0.95191,1.0096
0,0.14162,0.2783,0.39581,0.51271,0.63059,0.74969,0.8261,0.84486,0.83578,0.82268,0.8121,0.79884,0.76972,0.73525,0.70987,0.6964,0.70243,0.71651,0.73437,0.7658
0,0.046039,0.091848,0.13692,0.1823,0.2229,0.25893,0.29102,0.32017,0.34429,0.36009,0.36724,0.3687,0.35652,0.35023,0.35302,0.36818,0.41214,0.51212,0.6051,0.67919
0,0.071952,0.14298,0.20537,0.24903,0.27373,0.29756,0.31987,0.33101,0.33686,0.33884,0.3496,0.37788,0.43212,0.52338,0.64421,0.77861,0.91455,1.0344,1.1301,1.2086
0,0.086809,0.16999,0.24888,0.32865,0.40135,0.46392,0.50366,0.52456,0.52829,0.51861,0.52104,0.54642,0.57782,0.62234,0.68784,0.77538,0.90449,1.0834,1.2414,1.3625
0,0.14207,0.29747,0.5305,0.77476,0.80776,0.71858,0.66329,0.64246,0.63081,0.63197,0.64468,0.67067,0.70232,0.75498,0.81,0.87099,0.95355,1.0274,1.0872,1.1484
0,0.13655,0.27456,0.43737,0.62971,0.81543,0.96675,1.0468,1.0305,0.97629,0.92857,0.88111,0.84012,0.78137,0.71157,0.68423,0.70443,0.74614,0.78677,0.8486,0.9204
0,0.041694,0.083855,0.12639,0.16148,0.17995,0.1904,0.19503,0.19916,0.20217,0.20125,0.19066,0.17914,0.17649,0.20205,0.25472,0.33359,0.41607,0.50016,0.57763,0.65714
0,0.0914,0.1805,0.26808,0.35617,0.44592,0.52375,0.57874,0.61793,0.6328,0.63808,0.63461,0.62644,0.61245,0.61196,0.64742,0.72399,0.84036,0.95746,1.0483,1.1244
0,0.14687,0.32799,0.50594,0.69081,0.80033,0.84597,0.79503,0.74545,0.70725,0.67738,0.66284,0.65503,0.654,0.65874,0.67317,0.70123,0.75415,0.82641,0.91591,1.0095
0,0.065588,0.13195,0.19874,0.26773,0.33387,0.39035,0.44485,0.4881,0.51697,0.54124,0.55553,0.55444,0.55438,0.57179,0.59208,0.61641,0.66245,0.72999,0.80611,0.8649
0,0.12321,0.24867,0.38555,0.52781,0.6878,0.85235,0.9688,1.0417,1.0823,1.0983,1.0845,1.0715,1.04,0.97595,0.87122,0.75245,0.67126,0.64826,0.75958,0.94653
0,0.058298,0.11729,0.17685,0.23678,0.29267,0.34321,0.38629,0.4166,0.43783,0.44756,0.44747,0.44286,0.43357,0.41652,0.39558,0.3895,0.39946,0.42166,0.44524,0.47133
