0,0.10812,0.21186,0.31068,0.4151,0.518,0.60818,0.68443,0.74618,0.7899,0.81871,0.81574,0.79377,0.75855,0.71288,0.66542,0.62438,0.59449,0.57136,0.53988,0.46866
0,0.12736,0.24181,0.33758,0.43293,0.54797,0.68295,0.80322,0.89379,0.98179,1.0417,1.0241,0.96983,0.91008,0.85741,0.81458,0.76959,0.72903,0.69151,0.66171,0.64329
0,0.12623,0.24487,0.34452,0.45226,0.60329,0.82909,1.0367,1.1766,1.2615,1.3164,1.2997,1.2604,1.2088,1.1176,1.0371,0.97736,0.92691,0.86975,0.83079,0.81147
0,0.14484,0.28605,0.38976,0.48944,0.62224,0.79282,0.92673,1.0331,1.1205,1.1733,1.1587,1.1248,1.0897,1.0773,1.0784,1.0561,1.0096,0.95254,0.88109,0.8257
0,0.10857,0.20834,0.28881,0.37081,0.45908,0.54459,0.63046,0.69772,0.74241,0.77019,0.77098,0.75494,0.72168,0.67656,0.63175,0.5926,0.55956,0.52618,0.49115,0.4413
0,0.094787,0.19089,0.28991,0.38762,0.48991,0.58183,0.65564,0.71579,0.76085,0.79299,0.78864,0.76078,0.72479,0.68612,0.64983,0.61048,0.57754,0.54666,0.50253,0.42039
0,0.10506,0.20044,0.28722,0.3677,0.48387,0.6469,0.76758,0.86426,0.96013,1.0219,1.0007,0.94981,0.89274,0.83471,0.77311,0.71555,0.66824,0.63124,0.60098,0.59155
0,0.12526,0.24377,0.35537,0.47709,0.65203,0.9081,1.1448,1.2966,1.3812,1.4385,1.426,1.3858,1.3235,1.194,1.0936,1.015,0.94615,0.87994,0.84579,0.83118
0,0.15036,0.26732,0.36715,0.49336,0.66711,0.88952,1.0943,1.2469,1.3433,1.3924,1.366,1.3104,1.2489,1.1916,1.1494,1.0967,1.0591,1.0252,0.97052,0.92207
0,0.11099,0.2061,0.29347,0.37002,0.453,0.53775,0.62539,0.70253,0.75351,0.78235,0.78197,0.76434,0.73266,0.68912,0.6463,0.60914,0.57586,0.5397,0.49325,0.43508
0,0.081399,0.16723,0.25987,0.35253,0.44735,0.53491,0.61133,0.67971,0.72856,0.76172,0.76298,0.74392,0.71088,0.66768,0.62935,0.5961,0.57136,0.54513,0.50931,0.44762
0,0.11651,0.22329,0.31595,0.40339,0.5068,0.66472,0.82489,0.92216,1.0094,1.0709,1.0534,1.0017,0.94345,0.88337,0.82081,0.75451,0.70718,0.67406,0.64993,0.64682
0,0.13359,0.26275,0.375,0.4767,0.61165,0.84082,1.0807,1.2568,1.3554,1.4122,1.4058,1.371,1.3044,1.1854,1.073,0.98626,0.91518,0.85274,0.80812,0.79764
0,0.13581,0.26464,0.38463,0.52964,0.71995,0.93807,1.122,1.2292,1.2949,1.3363,1.3428,1.3526,1.3676,1.3762,1.3592,1.3075,1.2563,1.2022,1.1355,1.0751
0,0.10556,0.19592,0.27695,0.35191,0.44366,0.53556,0.62869,0.70153,0.74985,0.77671,0.7752,0.75838,0.72634,0.68391,0.64108,0.60418,0.57126,0.53611,0.49349,0.43591
0,0.097423,0.19042,0.28619,0.38267,0.48445,0.59283,0.67918,0.7485,0.8006,0.83637,0.83021,0.8005,0.76363,0.71884,0.67687,0.63508,0.60411,0.57011,0.50938,0.43058
0,0.13063,0.24584,0.35417,0.44288,0.54283,0.70926,0.88918,0.99149,1.0812,1.1436,1.1297,1.0859,1.0292,0.96652,0.89447,0.8316,0.7884,0.75914,0.74639,0.73658
0,0.13735,0.27248,0.38147,0.46255,0.59155,0.81796,1.0623,1.2452,1.34,1.394,1.3834,1.3405,1.2633,1.1339,1.0191,0.93743,0.8787,0.83299,0.79285,0.78479
0,0.16462,0.2998,0.40573,0.51645,0.64958,0.81758,0.96511,1.0638,1.1383,1.1819,1.1715,1.1567,1.1448,1.1402,1.1372,1.1143,1.0856,1.0487,1.0112,0.97733
0,0.10711,0.18891,0.26218,0.3395,0.42431,0.52626,0.62447,0.68934,0.72644,0.74751,0.7476,0.73507,0.71622,0.68724,0.65088,0.61586,0.5802,0.54206,0.49393,0.43038
0,0.09527,0.18396,0.26769,0.36327,0.48005,0.60901,0.70754,0.78572,0.84614,0.88446,0.87556,0.8507,0.81726,0.77512,0.73627,0.697,0.67097,0.64327,0.60134,0.54364
0,0.13879,0.25844,0.36387,0.44544,0.52985,0.67169,0.85663,0.9818,1.0728,1.1337,1.1246,1.0784,1.0169,0.94647,0.88136,0.81914,0.79017,0.77138,0.75997,0.75414
0,0.16747,0.32297,0.46796,0.6186,0.82273,1.0734,1.3249,1.4588,1.5301,1.567,1.5683,1.5542,1.5144,1.4432,1.3642,1.2797,1.1998,1.1414,1.0857,1.0346
0,0.13622,0.26714,0.39487,0.50966,0.63618,0.7853,0.92054,1.001,1.059,1.0963,1.116,1.1484,1.1872,1.2299,1.2322,1.2124,1.1782,1.1323,1.0851,1.0506
0,0.097777,0.18669,0.26909,0.33813,0.4054,0.46618,0.53466,0.60521,0.65661,0.68651,0.6818,0.65602,0.62292,0.5864,0.5534,0.52183,0.49453,0.46619,0.42775,0.36948
0,0.12387,0.23853,0.34379,0.4468,0.53343,0.61057,0.68413,0.75722,0.82164,0.85594,0.85061,0.82228,0.77552,0.72005,0.6699,0.63314,0.60429,0.57616,0.54548,0.48975
0,0.13234,0.24837,0.35279,0.45211,0.56867,0.71461,0.83108,0.92788,1.0277,1.0953,1.0746,1.016,0.95388,0.8968,0.84901,0.80421,0.76629,0.7329,0.70856,0.69384
0,0.14867,0.28543,0.418,0.53879,0.66817,0.88051,1.0927,1.2174,1.3057,1.359,1.3433,1.3021,1.255,1.1882,1.1228,1.071,1.0176,0.95739,0.91556,0.89238
0,0.15568,0.30419,0.4491,0.60127,0.77585,0.99691,1.1953,1.3266,1.4172,1.4729,1.4626,1.4239,1.37,1.3104,1.2763,1.2382,1.1847,1.1235,1.049,0.98918
0,0.10567,0.20486,0.2903,0.36164,0.42493,0.4858,0.55353,0.61614,0.66505,0.69698,0.69063,0.66245,0.62639,0.59033,0.55745,0.52527,0.49898,0.47696,0.44504,0.39066
0,0.09315,0.19595,0.29481,0.3915,0.4755,0.55176,0.62892,0.69964,0.76114,0.7936,0.78613,0.75626,0.7089,0.66147,0.6196,0.58678,0.55409,0.51899,0.48528,0.43285
0,0.10105,0.19733,0.2842,0.38178,0.51507,0.67551,0.7848,0.88946,0.99283,1.0615,1.0395,0.98262,0.92183,0.85838,0.79699,0.73123,0.68319,0.64479,0.62494,0.62567
0,0.13462,0.2664,0.39725,0.53278,0.70204,0.95409,1.1925,1.3454,1.4321,1.483,1.4721,1.4333,1.3752,1.2762,1.1807,1.1019,1.0243,0.95115,0.90777,0.89431
0,0.15781,0.30674,0.44399,0.59306,0.80936,1.1098,1.384,1.5372,1.6347,1.694,1.68,1.6287,1.5635,1.4769,1.3994,1.3227,1.2675,1.2096,1.13,1.0689
0,0.09494,0.19146,0.27885,0.35054,0.41685,0.4808,0.54741,0.6172,0.67189,0.70567,0.6998,0.67432,0.63825,0.60135,0.56636,0.53739,0.51167,0.4852,0.45065,0.39499
0,0.090708,0.18739,0.28281,0.37474,0.46162,0.53972,0.61892,0.69462,0.75498,0.79644,0.79398,0.76682,0.72466,0.68123,0.64017,0.60614,0.57631,0.54302,0.51234,0.47014
0,0.11837,0.22486,0.32648,0.41783,0.53816,0.71331,0.85671,0.95488,1.0561,1.1217,1.102,1.0419,0.97539,0.90956,0.85261,0.78948,0.73469,0.69948,0.67478,0.6694
0,0.13857,0.27823,0.41492,0.53972,0.66351,0.86773,1.1109,1.2712,1.3773,1.4332,1.4256,1.3882,1.3212,1.2297,1.1394,1.0635,0.99651,0.93738,0.89823,0.88681
0,0.15904,0.30633,0.44919,0.62286,0.86164,1.1525,1.3919,1.511,1.5916,1.6438,1.6459,1.6395,1.6239,1.6001,1.558,1.4904,1.407,1.3327,1.2287,1.1493
0,0.093457,0.18061,0.26021,0.33448,0.4091,0.48358,0.55797,0.6211,0.66768,0.69781,0.69117,0.66697,0.63356,0.59828,0.56515,0.53598,0.5093,0.48066,0.44433,0.38327
0,0.10499,0.19831,0.29066,0.38351,0.48902,0.58064,0.66381,0.74257,0.80435,0.84203,0.83617,0.80641,0.76444,0.71922,0.67248,0.63188,0.59634,0.55216,0.49613,0.44657
0,0.12912,0.24339,0.34764,0.44118,0.55194,0.74069,0.91885,1.0149,1.1159,1.1801,1.1634,1.1122,1.0445,0.97857,0.90884,0.83476,0.78092,0.74551,0.73173,0.72639
0,0.14094,0.26749,0.38874,0.4947,0.62015,0.82363,1.0749,1.2535,1.3492,1.4038,1.395,1.3548,1.2805,1.1709,1.0773,1.0028,0.94217,0.89456,0.8562,0.84926
0,0.17556,0.33026,0.46314,0.57743,0.72304,0.94168,1.1483,1.2693,1.36,1.4073,1.3971,1.3663,1.323,1.275,1.2393,1.1956,1.1578,1.1174,1.0575,1.0002
0,0.091918,0.1715,0.24436,0.31684,0.38876,0.46264,0.53761,0.59891,0.64432,0.67094,0.66854,0.64677,0.61737,0.5832,0.55278,0.52445,0.49668,0.46724,0.4253,0.36161
0,0.098966,0.18893,0.27964,0.37714,0.48713,0.58579,0.67952,0.77818,0.85033,0.89019,0.88103,0.84871,0.80318,0.75716,0.71767,0.68071,0.64783,0.6147,0.57285,0.53654
0,0.12811,0.24495,0.34408,0.42614,0.52809,0.70126,0.90382,1.0204,1.1222,1.1884,1.1748,1.1221,1.054,0.97978,0.90591,0.82594,0.78116,0.75566,0.74417,0.74523
0,0.1753,0.34294,0.49285,0.63195,0.77992,0.99115,1.2247,1.3577,1.444,1.4842,1.4854,1.4653,1.412,1.3414,1.2807,1.2077,1.1333,1.0724,1.0247,0.99076
0,0.1665,0.3272,0.46921,0.58739,0.72526,0.91071,1.0971,1.1909,1.2603,1.3082,1.3179,1.3097,1.3098,1.313,1.2966,1.2765,1.2583,1.2224,1.1601,1.0969
0,0.10732,0.2052,0.2913,0.36882,0.43845,0.50197,0.57277,0.64577,0.69806,0.72816,0.72397,0.70102,0.67029,0.63312,0.59538,0.56182,0.53231,0.49714,0.4531,0.38948
0,0.092828,0.18525,0.27999,0.38704,0.47461,0.54425,0.61435,0.68202,0.73587,0.76591,0.75934,0.73301,0.69335,0.65092,0.61076,0.57709,0.55557,0.53986,0.52008,0.48032
0,0.13278,0.24943,0.3521,0.4709,0.61861,0.78134,0.88881,0.99092,1.0929,1.1646,1.1423,1.0791,1.014,0.95678,0.9132,0.87463,0.84031,0.80941,0.76997,0.73527
0,0.14986,0.29229,0.42677,0.54505,0.69935,0.97083,1.2359,1.3757,1.4723,1.5407,1.5218,1.4716,1.4226,1.3657,1.282,1.2068,1.1389,1.0666,1.0103,0.98409
0,0.16399,0.33694,0.51084,0.71279,0.97967,1.265,1.4938,1.681,1.8089,1.88,1.868,1.8188,1.7487,1.65,1.5644,1.5113,1.4541,1.3739,1.3097,1.2664
0,0.11185,0.21841,0.30255,0.38262,0.44992,0.51406,0.58372,0.64668,0.69444,0.7258,0.72089,0.6958,0.66256,0.62676,0.58641,0.54995,0.51798,0.48735,0.45136,0.39162
0,0.087668,0.18886,0.2931,0.38895,0.47381,0.54035,0.60893,0.67293,0.72596,0.75459,0.74735,0.72453,0.68867,0.65061,0.61611,0.58591,0.56067,0.53713,0.51319,0.4637
0,0.11154,0.21095,0.29802,0.41064,0.55436,0.72256,0.82251,0.92002,1.0329,1.1067,1.0831,1.0236,0.95944,0.89749,0.84512,0.78863,0.73422,0.6934,0.65716,0.64147
0,0.14183,0.27639,0.40816,0.54618,0.72964,1.0467,1.3162,1.4717,1.5708,1.6385,1.622,1.5691,1.5066,1.4192,1.3125,1.2089,1.1212,1.0335,0.98332,0.97283
0,0.15245,0.32191,0.50122,0.71342,1.0258,1.4061,1.694,1.9072,2.049,2.1222,2.1027,2.0243,1.9231,1.7928,1.6874,1.6211,1.5478,1.4344,1.3464,1.3079
0,0.1095,0.21376,0.30656,0.384,0.45686,0.51984,0.58975,0.66472,0.71952,0.75148,0.74613,0.72184,0.68849,0.65168,0.61178,0.57792,0.54736,0.51455,0.47323,0.41044
0,0.093646,0.19986,0.29561,0.38291,0.46228,0.53047,0.6076,0.67566,0.73233,0.76456,0.76136,0.74218,0.70977,0.67743,0.64708,0.61551,0.58666,0.56267,0.5432,0.51127
0,0.12763,0.24437,0.34406,0.44186,0.57713,0.76802,0.89605,0.99898,1.1026,1.1648,1.1436,1.0846,1.0214,0.9564,0.90204,0.8573,0.81184,0.76057,0.71123,0.68751
0,0.13863,0.27309,0.40061,0.53197,0.66609,0.91232,1.2054,1.3842,1.4938,1.5611,1.5493,1.5077,1.446,1.3505,1.2431,1.1478,1.0712,0.99353,0.92702,0.91769
0,0.15554,0.3496,0.58937,0.8652,1.1862,1.511,1.7748,1.9501,2.0875,2.1617,2.1526,2.1114,2.043,1.9639,1.8861,1.8109,1.7113,1.5979,1.5055,1.4794
0,0.1058,0.20963,0.29904,0.37216,0.44701,0.52574,0.60173,0.66734,0.714,0.74358,0.73817,0.71554,0.68305,0.64507,0.60795,0.57441,0.54415,0.51361,0.47248,0.4138
0,0.10183,0.21262,0.3184,0.42073,0.50493,0.57222,0.64095,0.71465,0.77354,0.80507,0.79925,0.77845,0.74128,0.7003,0.66349,0.63482,0.60533,0.57716,0.54325,0.50028
0,0.13893,0.26351,0.37213,0.47294,0.59896,0.80105,0.96202,1.0608,1.1627,1.2274,1.2087,1.1587,1.094,1.027,0.9704,0.90933,0.85063,0.79969,0.76286,0.73932
0,0.14503,0.27972,0.40449,0.50927,0.63261,0.86376,1.1683,1.3648,1.4748,1.5391,1.5259,1.4805,1.406,1.2901,1.1775,1.0859,1.0174,0.95489,0.90737,0.90759
0,0.16701,0.32732,0.48196,0.64902,0.8772,1.1719,1.3916,1.5693,1.6926,1.7512,1.7259,1.6608,1.5781,1.4897,1.4093,1.3352,1.2694,1.2043,1.1574,1.1301
0,0.10298,0.19279,0.27588,0.35591,0.42902,0.50261,0.57987,0.6434,0.69139,0.71987,0.71564,0.69486,0.66473,0.63255,0.60099,0.57326,0.54137,0.50457,0.45547,0.39294
0,0.098812,0.19882,0.2946,0.39853,0.49699,0.57959,0.65949,0.74539,0.80812,0.84441,0.83946,0.81444,0.77502,0.73119,0.69718,0.66735,0.64609,0.63077,0.60979,0.57779
0,0.13734,0.2599,0.35976,0.45449,0.57484,0.77361,0.97555,1.086,1.186,1.2505,1.2358,1.1815,1.1147,1.0443,0.98042,0.91102,0.84439,0.79167,0.75359,0.74472
0,0.18,0.35213,0.49971,0.64184,0.78443,1.0117,1.2891,1.4575,1.5611,1.6097,1.6057,1.5777,1.5239,1.4522,1.3813,1.304,1.214,1.1388,1.0782,1.0362
0,0.14777,0.28333,0.4215,0.58188,0.78425,1.0186,1.2016,1.3209,1.4078,1.4597,1.4499,1.426,1.3909,1.35,1.3058,1.2639,1.2351,1.201,1.1576,1.1271
0,0.10048,0.18505,0.26428,0.34665,0.42544,0.49296,0.56237,0.63747,0.69297,0.7258,0.71794,0.69172,0.65578,0.61639,0.58048,0.55329,0.5286,0.49509,0.45225,0.40193
0,0.10624,0.20963,0.30627,0.40539,0.47959,0.53947,0.60319,0.66763,0.72606,0.75967,0.74558,0.70918,0.66494,0.62216,0.58896,0.56272,0.5471,0.53834,0.51908,0.47177
0,0.11383,0.2174,0.31622,0.41773,0.57753,0.78067,0.90925,1.0143,1.1117,1.1616,1.1323,1.0746,1.0075,0.94437,0.89014,0.84488,0.81274,0.78092,0.73982,0.71127
0,0.12268,0.23646,0.35984,0.49932,0.70118,1.0027,1.2751,1.4264,1.547,1.6173,1.5896,1.5303,1.4635,1.393,1.3096,1.23,1.1602,1.096,1.0556,1.0459
0,0.18573,0.3702,0.55994,0.76728,0.99839,1.2742,1.5025,1.6665,1.7783,1.8415,1.8276,1.7894,1.7419,1.6605,1.5792,1.5137,1.4367,1.3359,1.2406,1.1911
0,0.092089,0.17811,0.25466,0.33356,0.40852,0.48038,0.55917,0.63351,0.688,0.71863,0.71106,0.68437,0.64594,0.60697,0.57046,0.53926,0.51137,0.48488,0.45739,0.41391
0,0.085979,0.17581,0.26968,0.35424,0.43247,0.49759,0.56434,0.63658,0.69767,0.73408,0.71823,0.68165,0.63593,0.59692,0.56525,0.53951,0.51971,0.5051,0.48439,0.43912
0,0.077868,0.15193,0.22762,0.32513,0.51803,0.76342,0.88829,0.98317,1.0714,1.1234,1.0973,1.0444,0.97984,0.91999,0.86232,0.80166,0.76448,0.7378,0.70892,0.71502
0,0.11566,0.23794,0.36674,0.52886,0.77125,1.1335,1.4057,1.5542,1.6733,1.7365,1.7122,1.6549,1.5835,1.5,1.3913,1.2904,1.2005,1.1229,1.0683,1.058
0,0.18373,0.34719,0.52827,0.74112,1.0077,1.3643,1.6758,1.8684,2.0002,2.0655,2.049,2.0018,1.9269,1.8131,1.6855,1.5647,1.4459,1.3224,1.2218,1.1984
0,0.094079,0.17933,0.26271,0.34487,0.4284,0.50051,0.57212,0.64494,0.70169,0.73602,0.72731,0.70062,0.66274,0.62438,0.58786,0.55748,0.53328,0.5031,0.46674,0.41498
0,0.098283,0.19405,0.28303,0.3585,0.42881,0.49268,0.56052,0.63229,0.69348,0.73084,0.72005,0.69204,0.6569,0.62196,0.59325,0.56825,0.54937,0.53231,0.51533,0.48686
0,0.10086,0.19524,0.28784,0.39096,0.53836,0.75527,0.9324,1.0545,1.1555,1.2103,1.1823,1.1196,1.0472,0.97583,0.91323,0.84738,0.80381,0.76491,0.7331,0.73791
0,0.11978,0.23477,0.36075,0.50838,0.69982,1.0014,1.3054,1.4845,1.609,1.6818,1.6569,1.5982,1.5185,1.4136,1.2986,1.1822,1.097,1.0183,0.96689,0.98587
0,0.16766,0.34471,0.55169,0.80127,1.0918,1.4551,1.7509,1.9109,2.0297,2.097,2.0935,2.0611,1.9912,1.9156,1.8057,1.7002,1.565,1.4276,1.337,1.2855
0,0.08552,0.16078,0.2361,0.3153,0.40021,0.48326,0.56397,0.63488,0.68795,0.71867,0.71019,0.68434,0.64615,0.60604,0.57022,0.53838,0.51005,0.48078,0.44901,0.39917
0,0.10666,0.21133,0.31955,0.42628,0.50493,0.56618,0.63786,0.71304,0.7743,0.8096,0.79755,0.76518,0.72366,0.6798,0.64454,0.61913,0.60044,0.58233,0.5507,0.5052
0,0.1109,0.21443,0.3096,0.40929,0.54947,0.79619,1.0195,1.136,1.2355,1.2886,1.2647,1.2159,1.1503,1.08,1.0095,0.9436,0.89605,0.86374,0.84316,0.82892
0,0.12846,0.24474,0.35611,0.47947,0.64309,0.92159,1.2359,1.4432,1.5715,1.6482,1.6289,1.5673,1.4772,1.3468,1.2239,1.1262,1.0558,0.99805,0.97114,0.99194
0,0.21111,0.38829,0.5346,0.68777,0.85605,1.1235,1.3716,1.5415,1.6662,1.7223,1.7073,1.657,1.5806,1.4888,1.3841,1.2901,1.2109,1.1524,1.0919,1.0427
0,0.088124,0.15905,0.22688,0.30133,0.37308,0.4447,0.52674,0.60134,0.6518,0.68118,0.67553,0.65081,0.61611,0.58023,0.54754,0.51994,0.49569,0.46243,0.42411,0.37756
0,0.11257,0.21714,0.32411,0.42799,0.5163,0.59326,0.66445,0.74421,0.80894,0.84784,0.83467,0.80396,0.76499,0.72467,0.69064,0.66285,0.64688,0.63562,0.61583,0.5877
0,0.12499,0.23793,0.33677,0.42821,0.55278,0.78442,1.034,1.1721,1.2724,1.3302,1.309,1.2548,1.1799,1.1017,1.0226,0.94196,0.887,0.85677,0.82931,0.83497
0,0.16591,0.32148,0.45978,0.60644,0.76892,1.0304,1.3223,1.5231,1.6328,1.6859,1.6787,1.6456,1.5776,1.476,1.3884,1.2984,1.2205,1.1457,1.0879,1.0738
0,0.20272,0.39315,0.52953,0.64842,0.7892,1.0139,1.2237,1.3586,1.4625,1.5239,1.5207,1.4827,1.4232,1.3488,1.2811,1.2396,1.208,1.1633,1.1025,1.0404
0,0.1121,0.2145,0.30567,0.38478,0.46203,0.54124,0.62949,0.70831,0.76313,0.79416,0.79525,0.7746,0.74068,0.69496,0.64945,0.61374,0.57781,0.5393,0.48828,0.41979
0,0.097025,0.19549,0.29024,0.40148,0.51424,0.59122,0.66095,0.72076,0.76413,0.7908,0.77876,0.74948,0.71237,0.6724,0.64128,0.61485,0.60131,0.58653,0.55521,0.47769
0,0.12824,0.24283,0.35746,0.49455,0.64094,0.76761,0.87661,0.97546,1.0667,1.1211,1.0951,1.039,0.97672,0.92275,0.87982,0.84065,0.81567,0.79401,0.76767,0.73521
0,0.15118,0.27215,0.3825,0.50746,0.69369,0.97535,1.2084,1.3401,1.4646,1.5465,1.5091,1.4306,1.357,1.3015,1.2403,1.1658,1.0944,1.0259,0.98666,0.98947
0,0.17168,0.33183,0.4981,0.68544,0.89096,1.1626,1.4528,1.6444,1.7638,1.8307,1.8135,1.7596,1.7004,1.6226,1.5308,1.4552,1.3741,1.2617,1.1889,1.1867
0,0.11387,0.22119,0.31147,0.39543,0.46667,0.54361,0.62308,0.69409,0.74555,0.77628,0.77467,0.75318,0.71458,0.6684,0.62543,0.58551,0.54862,0.5162,0.48063,0.42105
0,0.086306,0.17359,0.27168,0.38166,0.48996,0.57092,0.63752,0.69685,0.74262,0.77265,0.75967,0.729,0.6918,0.65593,0.62645,0.60137,0.58303,0.56175,0.52014,0.44294
0,0.10874,0.20206,0.31434,0.4499,0.6062,0.72697,0.82843,0.9235,1.019,1.0764,1.0521,0.99756,0.93636,0.87492,0.81774,0.76603,0.73062,0.70494,0.68328,0.65428
0,0.1367,0.25553,0.37234,0.52211,0.74755,1.0643,1.2992,1.441,1.5685,1.6402,1.6038,1.5259,1.4522,1.3771,1.2869,1.1958,1.1075,1.0288,0.9837,0.98215
0,0.17247,0.32847,0.49741,0.69568,0.91625,1.2607,1.6143,1.8243,1.9669,2.0397,2.0199,1.9552,1.8786,1.7626,1.6316,1.5234,1.4137,1.2913,1.2176,1.2284
0,0.11456,0.22416,0.32456,0.41071,0.48815,0.56541,0.65029,0.73192,0.78972,0.82017,0.82006,0.80108,0.76593,0.72051,0.67454,0.63501,0.59775,0.56122,0.51405,0.44535
0,0.079179,0.16723,0.25936,0.35193,0.44958,0.53893,0.60948,0.67489,0.72651,0.75828,0.74912,0.71942,0.68557,0.65319,0.62748,0.60848,0.59493,0.58167,0.55137,0.49773
0,0.13168,0.24489,0.35528,0.49017,0.65663,0.81844,0.93347,1.0408,1.1256,1.1722,1.1507,1.0993,1.0412,0.98427,0.9262,0.88024,0.84887,0.81037,0.75702,0.7204
0,0.14301,0.2634,0.38082,0.50485,0.66464,0.93835,1.2214,1.38,1.5042,1.5825,1.5528,1.4785,1.3996,1.3181,1.2315,1.1401,1.0493,0.96401,0.92066,0.94618
0,0.16191,0.33055,0.52485,0.74514,0.99006,1.3319,1.6643,1.8702,2.0062,2.0798,2.0692,2.0207,1.9305,1.8235,1.7223,1.6289,1.5053,1.3642,1.2866,1.2514
0,0.10987,0.21938,0.31816,0.40274,0.4844,0.57233,0.65903,0.73603,0.78846,0.818,0.8172,0.79699,0.75947,0.71101,0.66622,0.6276,0.59425,0.56194,0.52058,0.45821
0,0.09689,0.18672,0.28806,0.39048,0.49677,0.58739,0.65575,0.72944,0.78519,0.81555,0.80477,0.77362,0.72921,0.68352,0.64369,0.61381,0.59186,0.56305,0.50967,0.45354
0,0.13544,0.25347,0.36091,0.49517,0.68202,0.87147,1.0036,1.1048,1.1923,1.2434,1.2234,1.18,1.127,1.0653,1.0059,0.95534,0.90921,0.8573,0.8086,0.77123
0,0.15577,0.28845,0.39525,0.50009,0.64267,0.89694,1.196,1.375,1.5094,1.583,1.5515,1.4779,1.3898,1.2862,1.1853,1.1024,1.0347,0.97506,0.9473,0.98188
0,0.19344,0.37163,0.5184,0.65394,0.80211,1.0628,1.3589,1.5638,1.6952,1.7519,1.7313,1.6741,1.5879,1.4856,1.3764,1.2884,1.2008,1.1275,1.0791,1.066
0,0.10555,0.19968,0.29035,0.37171,0.45628,0.5421,0.63177,0.70495,0.75207,0.77784,0.77794,0.76186,0.73289,0.69528,0.65444,0.61794,0.58043,0.54107,0.49802,0.43216
0,0.087371,0.17089,0.27284,0.37905,0.49302,0.5947,0.67816,0.76946,0.83521,0.86715,0.85583,0.8247,0.78129,0.73625,0.69935,0.67068,0.65178,0.63025,0.59137,0.54752
0,0.13076,0.24733,0.34251,0.46113,0.63649,0.84396,1.0028,1.1132,1.2009,1.2495,1.2352,1.1894,1.1306,1.0621,0.99915,0.94443,0.88632,0.82557,0.77963,0.75921
0,0.18353,0.35233,0.48585,0.60403,0.7433,0.97476,1.2466,1.4278,1.5317,1.5773,1.5626,1.5223,1.4598,1.3799,1.3032,1.2409,1.1664,1.0952,1.0434,1.0282
0,0.21055,0.40873,0.56057,0.68155,0.81825,1.0276,1.2588,1.3995,1.5101,1.5809,1.5729,1.5277,1.4674,1.3996,1.3354,1.2809,1.2433,1.2033,1.154,1.0991
0,0.138,0.27429,0.40556,0.50014,0.54854,0.5894,0.63946,0.69638,0.74976,0.78396,0.78634,0.76615,0.73352,0.70676,0.69087,0.68929,0.70063,0.71108,0.70026,0.65977
0,0.16797,0.32289,0.45616,0.56772,0.65504,0.72687,0.80794,0.893,0.96568,1.0005,0.97622,0.90989,0.84031,0.81148,0.80388,0.80075,0.80473,0.81317,0.81282,0.77866
0,0.15525,0.30911,0.44453,0.57268,0.70048,0.83192,0.98395,1.1567,1.273,1.3231,1.3047,1.235,1.1662,1.1552,1.1707,1.1826,1.1852,1.1807,1.1721,1.154
0,0.13818,0.27772,0.40096,0.51131,0.62144,0.73861,0.87929,1.0344,1.1513,1.2213,1.2383,1.2083,1.1795,1.197,1.2222,1.2229,1.219,1.2111,1.1886,1.1359
0,0.1276,0.26219,0.39533,0.51963,0.61836,0.70129,0.77452,0.83907,0.90004,0.96727,0.98585,0.97262,1.0367,1.1798,1.2859,1.3221,1.3302,1.2899,1.2131,1.16
0,0.13869,0.27669,0.39459,0.47604,0.52984,0.58006,0.62888,0.68587,0.74059,0.77577,0.77245,0.74671,0.7066,0.67684,0.66538,0.66632,0.67208,0.67922,0.67481,0.62803
0,0.12604,0.24592,0.36197,0.46809,0.56621,0.65546,0.75043,0.85435,0.93081,0.96384,0.94454,0.87839,0.79492,0.73907,0.70815,0.69257,0.68812,0.69241,0.68154,0.63523
0,0.13178,0.26201,0.37921,0.48888,0.60847,0.7367,0.8762,1.0385,1.1492,1.2063,1.1884,1.1076,1.0235,1.0135,1.0416,1.0556,1.0651,1.0718,1.0669,1.0398
0,0.16171,0.29574,0.39892,0.48485,0.61305,0.76228,0.92224,1.0697,1.1759,1.2372,1.2479,1.2028,1.1384,1.114,1.1264,1.1304,1.1291,1.136,1.1343,1.1052
0,0.12736,0.24656,0.36165,0.46874,0.56638,0.65174,0.7339,0.81632,0.89586,0.98487,1.0161,0.99989,1.0368,1.2169,1.3463,1.421,1.4565,1.4461,1.3791,1.3064
0,0.13455,0.26561,0.37838,0.46645,0.52902,0.5761,0.6304,0.68356,0.73435,0.77032,0.76925,0.74575,0.71305,0.68736,0.67256,0.6742,0.68206,0.6919,0.68319,0.64223
0,0.11494,0.22819,0.33117,0.42122,0.50996,0.60047,0.71218,0.83914,0.92634,0.95781,0.93408,0.86145,0.76009,0.69723,0.66488,0.65173,0.65937,0.67468,0.66952,0.63563
0,0.13747,0.27139,0.39254,0.51987,0.64291,0.76882,0.89761,1.0567,1.1782,1.2381,1.2255,1.1564,1.0801,1.0697,1.0893,1.1027,1.1071,1.1076,1.0923,1.062
0,0.14002,0.26664,0.36696,0.4657,0.57822,0.70333,0.83744,0.9738,1.0857,1.1543,1.166,1.1244,1.0705,1.0906,1.1075,1.1138,1.1216,1.1262,1.0976,1.0583
0,0.16476,0.32183,0.45243,0.53415,0.57071,0.62178,0.69587,0.78703,0.87214,0.96095,0.97591,0.96527,1.1174,1.3996,1.5835,1.6992,1.7535,1.7274,1.6426,1.5659
0,0.12314,0.23825,0.34396,0.43339,0.49958,0.55086,0.6155,0.68349,0.74469,0.78616,0.78588,0.76172,0.7224,0.693,0.67868,0.67893,0.68306,0.68935,0.68085,0.63238
0,0.15154,0.29738,0.4173,0.52219,0.60827,0.6841,0.77344,0.88786,0.97782,1.0194,1.0013,0.9257,0.82471,0.77113,0.75334,0.75013,0.75078,0.75783,0.74985,0.72601
0,0.1326,0.26802,0.39118,0.50684,0.62769,0.74081,0.865,1.0236,1.1469,1.213,1.2157,1.1672,1.0975,1.0784,1.1019,1.1194,1.133,1.1389,1.1299,1.0952
0,0.13098,0.23985,0.33779,0.44051,0.54406,0.64219,0.73692,0.84279,0.92828,1.0018,1.0273,1.0047,0.96627,0.98819,1.01,1.019,1.0203,1.0205,0.99288,0.94241
0,0.11912,0.22537,0.31358,0.39105,0.45901,0.52616,0.59684,0.67998,0.75413,0.82948,0.86075,0.87418,1.0202,1.2552,1.448,1.5343,1.537,1.4773,1.3877,1.3159
0,0.13726,0.26206,0.38161,0.47603,0.53222,0.57742,0.62177,0.67999,0.7371,0.78114,0.7864,0.77074,0.74268,0.72106,0.71626,0.72069,0.73089,0.73503,0.72009,0.68331
0,0.13724,0.27586,0.40419,0.51283,0.60786,0.68627,0.78588,0.91723,1.0164,1.0664,1.05,0.98581,0.8913,0.83026,0.81704,0.81879,0.83056,0.84795,0.84867,0.82022
0,0.11645,0.23706,0.35806,0.47212,0.5863,0.70227,0.82268,0.97167,1.0988,1.1783,1.1867,1.1362,1.0736,1.0814,1.1219,1.1484,1.1645,1.1703,1.1623,1.1241
0,0.16094,0.32042,0.4689,0.60156,0.7168,0.78776,0.84622,0.94683,1.0844,1.2082,1.2498,1.2818,1.3349,1.4078,1.4631,1.4816,1.4853,1.4742,1.4205,1.3294
0,0.11916,0.2346,0.32342,0.3957,0.44643,0.48997,0.5476,0.60947,0.68985,0.79367,0.84026,0.90818,1.1075,1.3647,1.547,1.6321,1.6239,1.5498,1.4623,1.3927
0,0.13465,0.25661,0.37197,0.46223,0.5237,0.58007,0.6414,0.69326,0.73619,0.76517,0.75963,0.73372,0.70248,0.67484,0.65947,0.65641,0.66409,0.67055,0.65946,0.61564
0,0.16244,0.31918,0.4597,0.57804,0.66983,0.75942,0.85183,0.94106,1.0084,1.0463,1.0251,0.95619,0.88389,0.8556,0.85639,0.86173,0.87059,0.88527,0.8929,0.86031
0,0.16953,0.32727,0.4734,0.6119,0.7344,0.86548,1.0495,1.2466,1.3747,1.4231,1.3988,1.3153,1.2067,1.1578,1.1644,1.1658,1.1642,1.1664,1.1655,1.1547
0,0.13665,0.27255,0.41991,0.56909,0.72894,0.90908,1.1052,1.2839,1.4157,1.5029,1.5148,1.4757,1.4268,1.4373,1.46,1.4782,1.4914,1.4915,1.4744,1.4355
0,0.15801,0.31254,0.46248,0.62341,0.79018,0.9261,1.0257,1.1126,1.1954,1.2668,1.278,1.2507,1.2779,1.3874,1.4692,1.5041,1.5064,1.4766,1.4007,1.2995
0,0.13569,0.25869,0.37605,0.46973,0.54217,0.5988,0.64813,0.70182,0.74853,0.78224,0.77495,0.74122,0.70504,0.67855,0.6631,0.66056,0.66393,0.66739,0.66049,0.60693
0,0.12137,0.23508,0.34113,0.44667,0.53915,0.62658,0.72625,0.81742,0.88192,0.91837,0.90185,0.83554,0.75993,0.71856,0.69899,0.69383,0.69699,0.70973,0.71933,0.69511
0,0.14905,0.2859,0.40566,0.51802,0.64016,0.77442,0.94794,1.1413,1.2612,1.3199,1.2944,1.1937,1.0467,0.98821,1.0096,1.0241,1.031,1.0419,1.0437,1.0357
0,0.13465,0.26631,0.3953,0.53123,0.704,0.90909,1.1255,1.3115,1.4463,1.5165,1.5198,1.4521,1.3561,1.3177,1.3365,1.3541,1.3628,1.3632,1.3519,1.3354
0,0.14217,0.29208,0.44337,0.60439,0.76616,0.90269,1.0113,1.1118,1.21,1.3078,1.3386,1.3111,1.3177,1.4553,1.5541,1.6024,1.6302,1.6294,1.5744,1.4798
0,0.11872,0.22861,0.33069,0.41915,0.49129,0.55271,0.6172,0.67395,0.72086,0.75543,0.75111,0.72166,0.68594,0.65911,0.64531,0.64488,0.65378,0.66087,0.65266,0.60483
0,0.11656,0.22328,0.3244,0.41772,0.50818,0.60847,0.72282,0.83753,0.91377,0.95013,0.93113,0.86103,0.76347,0.71079,0.69221,0.68914,0.69414,0.70813,0.71975,0.70245
0,0.15274,0.30687,0.44725,0.57432,0.69908,0.81539,0.95468,1.1314,1.2604,1.3166,1.3033,1.2227,1.1123,1.068,1.0792,1.0894,1.0894,1.0875,1.0755,1.0509
0,0.12546,0.25166,0.37984,0.51124,0.6561,0.81473,0.99062,1.1643,1.2984,1.3903,1.4019,1.3368,1.2637,1.2659,1.3104,1.3352,1.3475,1.3479,1.3334,1.3073
0,0.17613,0.35738,0.53375,0.68371,0.77217,0.83186,0.92388,1.0457,1.1651,1.2659,1.2718,1.2607,1.4311,1.7012,1.8395,1.9319,1.9733,1.9582,1.8767,1.7686
0,0.11586,0.22,0.31568,0.40061,0.46281,0.52031,0.58468,0.64843,0.70535,0.74698,0.74463,0.71622,0.67714,0.64388,0.62719,0.62602,0.63114,0.63521,0.62649,0.57811
0,0.13471,0.2557,0.37084,0.47562,0.56688,0.65368,0.75698,0.86572,0.94668,0.98877,0.97143,0.89993,0.79897,0.74536,0.74172,0.74915,0.76008,0.76917,0.77352,0.75408
0,0.15213,0.305,0.44731,0.56768,0.68096,0.79097,0.934,1.1129,1.2478,1.3144,1.3093,1.2394,1.1207,1.0663,1.078,1.0926,1.0982,1.1058,1.1064,1.0773
0,0.12599,0.24481,0.36541,0.48363,0.6083,0.72981,0.86908,1.001,1.1111,1.2031,1.2259,1.1924,1.1374,1.151,1.1824,1.2084,1.2202,1.2209,1.2061,1.1752
0,0.14607,0.27542,0.38774,0.49088,0.57675,0.66024,0.75423,0.85372,0.96211,1.0691,1.0995,1.0945,1.2073,1.4435,1.6125,1.6742,1.6779,1.6395,1.5453,1.4207
0,0.1276,0.24886,0.35582,0.44581,0.51109,0.5659,0.6194,0.67085,0.71896,0.75875,0.76371,0.74545,0.71984,0.69645,0.68441,0.68262,0.69332,0.69977,0.68434,0.63742
0,0.11729,0.23628,0.35322,0.45855,0.54908,0.63814,0.74029,0.85428,0.94496,0.99561,0.9791,0.90732,0.81748,0.76908,0.76875,0.77872,0.79363,0.8151,0.83522,0.82719
0,0.14008,0.27806,0.40446,0.51645,0.61931,0.73246,0.8704,1.0438,1.1826,1.2618,1.2623,1.1836,1.0634,1.0367,1.069,1.0925,1.1061,1.1103,1.1057,1.0727
0,0.15797,0.30778,0.45006,0.57223,0.67304,0.76333,0.85417,0.97833,1.1259,1.2634,1.3146,1.3408,1.3979,1.4758,1.5396,1.573,1.5787,1.5572,1.517,1.474
0,0.1257,0.2484,0.35283,0.43479,0.49986,0.56254,0.63591,0.71148,0.81469,0.93838,0.98613,1.039,1.218,1.4576,1.6198,1.7027,1.7201,1.6737,1.571,1.4574
0,0.12796,0.25074,0.37322,0.4679,0.52856,0.5783,0.63583,0.69059,0.73415,0.76528,0.76456,0.74283,0.71321,0.68961,0.67646,0.67708,0.68895,0.69852,0.69062,0.64829
0,0.14412,0.28327,0.40125,0.49978,0.58386,0.67392,0.77626,0.8702,0.94278,0.97555,0.94506,0.8714,0.79996,0.76993,0.76624,0.77479,0.78947,0.80797,0.82021,0.79293
0,0.16968,0.33672,0.47846,0.60394,0.71899,0.86054,1.068,1.2755,1.4137,1.4694,1.4443,1.3486,1.2207,1.1466,1.1395,1.1431,1.1559,1.1743,1.1806,1.1675
0,0.13893,0.2825,0.43795,0.59799,0.77641,0.97167,1.1808,1.3682,1.5071,1.5991,1.6169,1.5688,1.48,1.4489,1.4698,1.4864,1.4988,1.5034,1.4802,1.4301
0,0.16985,0.35799,0.55895,0.78182,0.98524,1.1628,1.2695,1.3557,1.4318,1.4978,1.4923,1.4065,1.3309,1.3235,1.3275,1.3183,1.3404,1.3545,1.3429,1.3524
0,0.12327,0.24367,0.35552,0.45549,0.53405,0.5968,0.65087,0.70948,0.76155,0.79769,0.79446,0.76527,0.72941,0.70109,0.68632,0.68576,0.69112,0.6969,0.69359,0.64791
0,0.11137,0.21702,0.32368,0.42275,0.51977,0.62414,0.73279,0.82073,0.8914,0.92235,0.89727,0.82678,0.75013,0.69985,0.675,0.67019,0.67525,0.68953,0.69675,0.67019
0,0.14979,0.28849,0.40989,0.52266,0.65416,0.80537,1.0054,1.1998,1.3241,1.3848,1.3601,1.2489,1.0699,0.97908,0.98527,0.99908,1.0132,1.0299,1.0449,1.0464
0,0.14363,0.29043,0.42633,0.56658,0.75952,0.99332,1.2263,1.4245,1.5563,1.6337,1.6496,1.5807,1.4423,1.3597,1.3694,1.3831,1.3869,1.3877,1.3778,1.3634
0,0.17735,0.36539,0.57064,0.79759,0.99564,1.1549,1.2383,1.3206,1.4105,1.5079,1.5356,1.459,1.3327,1.3215,1.3322,1.3567,1.3941,1.425,1.4183,1.4094
0,0.12148,0.23449,0.33721,0.42683,0.50012,0.56176,0.62917,0.68801,0.73373,0.77059,0.76833,0.74342,0.71102,0.68824,0.67459,0.67433,0.68265,0.69104,0.68537,0.64276
0,0.1168,0.229,0.33185,0.43257,0.53956,0.64028,0.76664,0.87632,0.94194,0.96973,0.94258,0.8683,0.7851,0.72909,0.69904,0.69221,0.70598,0.7293,0.74321,0.71776
0,0.15673,0.3098,0.44954,0.57504,0.6982,0.82568,0.97794,1.1592,1.2951,1.3621,1.3418,1.2455,1.1044,1.0309,1.0293,1.0371,1.0455,1.0567,1.0598,1.0433
0,0.13028,0.25945,0.3923,0.53332,0.70168,0.89302,1.0966,1.2677,1.4035,1.5014,1.5186,1.4365,1.3134,1.2679,1.2929,1.3244,1.3403,1.338,1.3197,1.2804
0,0.26551,0.56313,0.82777,1.0377,1.1701,1.2364,1.3071,1.3794,1.4668,1.5736,1.5732,1.4507,1.3836,1.4814,1.5267,1.572,1.62,1.6529,1.6519,1.6477
0,0.11352,0.22081,0.31799,0.40019,0.46897,0.53117,0.59932,0.66025,0.71605,0.75833,0.76016,0.73864,0.7029,0.67184,0.65435,0.6531,0.65902,0.66643,0.65903,0.61415
0,0.13771,0.26985,0.39164,0.50819,0.61015,0.7031,0.80801,0.91819,0.99056,1.0238,0.99671,0.91568,0.81679,0.76048,0.74436,0.7441,0.75613,0.77892,0.7819,0.74363
0,0.15375,0.30766,0.45638,0.58267,0.70114,0.81966,0.96444,1.1483,1.2925,1.3656,1.3518,1.2673,1.1274,1.0469,1.0493,1.0662,1.0772,1.0906,1.0952,1.0688
0,0.13535,0.26155,0.39214,0.52733,0.67502,0.83374,0.98468,1.107,1.216,1.308,1.3397,1.2893,1.1834,1.1552,1.1894,1.2105,1.2206,1.2269,1.2147,1.18
0,0.16817,0.33956,0.51264,0.67698,0.80124,0.87028,0.91011,0.96724,1.0532,1.1427,1.184,1.1623,1.1996,1.3539,1.4087,1.4317,1.4469,1.4404,1.3928,1.3393
0,0.13135,0.25143,0.35594,0.44325,0.50832,0.56494,0.61873,0.66891,0.71965,0.76367,0.77106,0.75726,0.73626,0.71937,0.71012,0.71268,0.72436,0.72893,0.71573,0.67337
0,0.12585,0.24997,0.37188,0.49085,0.58916,0.6756,0.78144,0.9004,0.99135,1.0314,1.0052,0.925,0.83448,0.79008,0.78521,0.79441,0.81539,0.84052,0.85607,0.84025
0,0.14438,0.28352,0.41216,0.52931,0.6399,0.76114,0.91789,1.1024,1.2342,1.3141,1.3063,1.2189,1.0734,1.0184,1.0466,1.076,1.089,1.0952,1.0973,1.0689
0,0.15957,0.31486,0.46558,0.59335,0.69882,0.80718,0.92619,1.0638,1.2215,1.3697,1.4167,1.4141,1.4298,1.4774,1.5359,1.5708,1.5806,1.5621,1.5266,1.4675
0,0.15896,0.30458,0.43426,0.53348,0.5866,0.60328,0.62012,0.69052,0.80054,0.92293,0.97792,1.0028,1.1828,1.4224,1.501,1.514,1.5025,1.4792,1.4081,1.3416
0,0.14124,0.28086,0.39939,0.47881,0.53756,0.59454,0.65039,0.70254,0.75435,0.79042,0.788,0.76714,0.737,0.70653,0.68729,0.68819,0.70481,0.71608,0.70851,0.6689
0,0.14731,0.28954,0.41542,0.51652,0.60667,0.7014,0.80132,0.88197,0.94614,0.98011,0.95359,0.88017,0.81547,0.78656,0.78019,0.78473,0.79453,0.80936,0.81153,0.77303
0,0.16824,0.32337,0.45546,0.57244,0.68836,0.82025,1.0437,1.2899,1.4406,1.4945,1.4552,1.3181,1.1375,1.0642,1.05,1.0419,1.0478,1.0623,1.0692,1.0584
0,0.14503,0.28896,0.42295,0.58059,0.788,1.0384,1.2914,1.4884,1.6167,1.6992,1.6882,1.5976,1.4398,1.3582,1.3749,1.3964,1.4263,1.4523,1.4571,1.4519
0,0.17942,0.36028,0.55202,0.74512,0.95782,1.1843,1.37,1.5012,1.6115,1.7065,1.7197,1.6676,1.6143,1.6321,1.69,1.7251,1.7438,1.724,1.6749,1.5914
0,0.14903,0.27352,0.37217,0.44495,0.50182,0.55109,0.60129,0.65625,0.7035,0.74059,0.7401,0.71239,0.67749,0.64673,0.63201,0.63281,0.64187,0.65005,0.6479,0.60533
0,0.10845,0.20808,0.2976,0.39073,0.4931,0.6106,0.72378,0.81319,0.8832,0.91985,0.89188,0.8174,0.74238,0.69233,0.66498,0.66193,0.67182,0.68754,0.69616,0.66422
0,0.13695,0.26413,0.38092,0.48863,0.5891,0.72856,0.96869,1.2109,1.3545,1.4126,1.3689,1.2165,0.99324,0.92921,0.94117,0.95055,0.96271,0.98825,1.0195,1.044
0,0.14801,0.28949,0.44074,0.61851,0.85289,1.1405,1.4224,1.6264,1.7495,1.8251,1.8154,1.6984,1.4566,1.2948,1.2918,1.314,1.337,1.366,1.3975,1.4217
0,0.17197,0.35251,0.53802,0.74287,0.96243,1.1805,1.3639,1.4828,1.595,1.7002,1.7353,1.702,1.6185,1.6465,1.7324,1.7913,1.8218,1.8219,1.7853,1.7171
0,0.13709,0.26197,0.37022,0.45013,0.51115,0.57354,0.63781,0.68955,0.73745,0.77171,0.76722,0.74395,0.70828,0.68192,0.66861,0.67084,0.68327,0.69598,0.68984,0.65267
0,0.10964,0.21795,0.32312,0.42771,0.54038,0.6583,0.7743,0.87436,0.94186,0.97082,0.94002,0.86353,0.78684,0.73679,0.7076,0.70847,0.72909,0.74959,0.76436,0.73681
0,0.16354,0.30561,0.44264,0.57251,0.68656,0.80402,0.9861,1.2101,1.3649,1.4274,1.3937,1.2613,1.0902,1.0251,1.0285,1.0245,1.0238,1.0386,1.053,1.0492
0,0.13909,0.27398,0.40486,0.56268,0.75836,1.0007,1.2657,1.4529,1.5745,1.6529,1.659,1.5502,1.3202,1.2262,1.2392,1.2668,1.2983,1.332,1.3584,1.368
0,0.18849,0.38555,0.58033,0.7864,0.96895,1.0864,1.2207,1.3922,1.5498,1.6843,1.72,1.6887,1.782,2.0154,2.1343,2.1885,2.2028,2.1864,2.1252,2.0321
0,0.12382,0.2389,0.33617,0.41108,0.47137,0.5299,0.58806,0.64259,0.69266,0.73186,0.7338,0.71155,0.67471,0.64889,0.6365,0.63847,0.6481,0.65724,0.65173,0.61711
0,0.12794,0.25105,0.36622,0.47779,0.58366,0.68748,0.79473,0.89434,0.96517,0.99815,0.96335,0.87714,0.79113,0.74048,0.71858,0.72092,0.74338,0.7709,0.78139,0.74166
0,0.16256,0.30958,0.44315,0.55685,0.66054,0.77419,0.95262,1.181,1.3515,1.4263,1.4042,1.2835,1.1113,1.0345,1.0351,1.0414,1.0499,1.0711,1.0868,1.0697
0,0.1353,0.26508,0.39205,0.54638,0.73784,0.94506,1.1408,1.2764,1.3677,1.4418,1.458,1.3837,1.2118,1.1601,1.1777,1.2052,1.2321,1.2662,1.2855,1.2971
0,0.16339,0.31155,0.45397,0.58415,0.70052,0.80377,0.93702,1.0854,1.2201,1.3298,1.3818,1.3747,1.4462,1.6222,1.7246,1.7617,1.7726,1.7439,1.6638,1.5592
0,0.13608,0.26404,0.36579,0.43934,0.49668,0.5406,0.58587,0.63251,0.67875,0.71765,0.72195,0.70224,0.67775,0.65977,0.65258,0.66014,0.67689,0.68752,0.67979,0.64713
0,0.12664,0.24843,0.36909,0.48435,0.58996,0.69241,0.80263,0.90829,0.98892,1.0298,1.0048,0.93515,0.86218,0.82902,0.82087,0.83118,0.85334,0.87819,0.89112,0.8643
0,0.16007,0.31095,0.45066,0.57706,0.68258,0.80134,0.98774,1.2044,1.3451,1.4156,1.3977,1.2899,1.1193,1.0724,1.0829,1.0879,1.0917,1.1037,1.1159,1.103
0,0.16876,0.34304,0.50614,0.66037,0.81239,0.97629,1.143,1.2917,1.4172,1.5137,1.5235,1.4717,1.421,1.4251,1.4739,1.5156,1.5491,1.5706,1.5755,1.5542
0,0.16273,0.32372,0.4725,0.60729,0.71673,0.80645,0.90443,1.0213,1.1571,1.2979,1.3798,1.4346,1.5876,1.7714,1.8845,1.9344,1.9403,1.8939,1.796,1.689
0,0.13166,0.25573,0.37687,0.47821,0.5489,0.60569,0.6602,0.71901,0.77146,0.80862,0.8106,0.78778,0.75359,0.7262,0.71182,0.70809,0.71523,0.72236,0.70951,0.66121
0,0.14513,0.28038,0.39047,0.48263,0.55663,0.62243,0.70555,0.79636,0.87307,0.92195,0.90445,0.83837,0.77117,0.73469,0.72301,0.73044,0.74588,0.76189,0.76899,0.73592
0,0.16866,0.3237,0.46558,0.59666,0.72515,0.89386,1.0949,1.2822,1.4029,1.4499,1.4258,1.3268,1.1785,1.1013,1.0888,1.1052,1.1297,1.1545,1.175,1.1779
0,0.16058,0.3209,0.46531,0.60626,0.77763,0.99605,1.2284,1.4274,1.5536,1.6295,1.6216,1.5433,1.4053,1.3267,1.3431,1.3664,1.3862,1.4011,1.4081,1.4059
0,0.15743,0.3285,0.52598,0.73723,0.95544,1.1709,1.3406,1.4705,1.5672,1.6591,1.6801,1.6211,1.5296,1.4905,1.5388,1.5738,1.5928,1.5939,1.5674,1.5457
0,0.13685,0.27033,0.39133,0.50083,0.58393,0.65129,0.698,0.75245,0.8022,0.84216,0.84166,0.81261,0.77364,0.74352,0.72639,0.72209,0.72319,0.72677,0.72136,0.66826
0,0.11103,0.21277,0.30379,0.39196,0.47773,0.56659,0.6716,0.77145,0.85058,0.89971,0.87893,0.80715,0.72906,0.68016,0.65288,0.64763,0.66199,0.67629,0.67535,0.63632
0,0.13999,0.27696,0.40272,0.5237,0.65927,0.83004,1.039,1.237,1.3541,1.398,1.367,1.2512,1.0774,0.9812,0.9656,0.9835,1.0114,1.0443,1.0771,1.0908
0,0.15905,0.30898,0.44702,0.60772,0.83027,1.0952,1.361,1.5698,1.6916,1.7552,1.7447,1.6545,1.4696,1.3267,1.3186,1.3433,1.3615,1.3815,1.4085,1.4453
0,0.15789,0.33357,0.52259,0.72983,0.94999,1.1624,1.3369,1.4577,1.5627,1.6679,1.7083,1.6745,1.5692,1.5399,1.6084,1.6717,1.6993,1.7165,1.7109,1.6751
0,0.1329,0.25934,0.36942,0.46538,0.53784,0.5988,0.66671,0.72616,0.77871,0.81653,0.81625,0.79173,0.75721,0.73206,0.71579,0.71308,0.71674,0.72368,0.71379,0.6589
0,0.09828,0.1942,0.28829,0.37277,0.45969,0.55165,0.66945,0.79403,0.87921,0.923,0.89703,0.81891,0.7346,0.68427,0.66059,0.66846,0.6915,0.70746,0.71385,0.68322
0,0.15809,0.30484,0.44625,0.58377,0.71657,0.8787,1.0577,1.2287,1.3544,1.4083,1.3823,1.2727,1.1219,1.0396,1.0164,1.0297,1.0523,1.0805,1.1058,1.1062
0,0.14401,0.27904,0.40899,0.55259,0.73121,0.974,1.2351,1.4202,1.524,1.5997,1.5993,1.5107,1.3263,1.2289,1.2425,1.2701,1.2956,1.3246,1.3453,1.3549
0,0.18741,0.38458,0.58816,0.79297,0.97911,1.1106,1.2335,1.3813,1.5282,1.6598,1.6936,1.6551,1.6577,1.7807,1.8712,1.9432,1.9696,1.9669,1.9295,1.876
0,0.11713,0.2291,0.32632,0.41677,0.48801,0.55412,0.62421,0.69087,0.75395,0.80497,0.80903,0.78491,0.74218,0.70787,0.68801,0.68399,0.68665,0.69507,0.68725,0.63598
0,0.12718,0.24726,0.35857,0.45723,0.54619,0.62919,0.73011,0.83344,0.91436,0.96068,0.93816,0.85415,0.75279,0.70512,0.68578,0.68845,0.70513,0.72391,0.73026,0.70702
0,0.1572,0.3123,0.45571,0.59111,0.72305,0.86534,1.0414,1.2299,1.3613,1.4247,1.4067,1.3091,1.164,1.0763,1.0602,1.0804,1.1052,1.1302,1.1544,1.147
0,0.15401,0.30352,0.43842,0.58067,0.75244,0.95655,1.1495,1.2922,1.3757,1.4426,1.4572,1.3867,1.2349,1.157,1.1823,1.214,1.2475,1.2778,1.3013,1.3
0,0.16498,0.3172,0.46113,0.59586,0.72029,0.84409,0.96603,1.0964,1.2194,1.3416,1.3914,1.3875,1.4157,1.5256,1.618,1.6599,1.6631,1.638,1.5683,1.4738
0,0.13425,0.25846,0.37289,0.46714,0.54268,0.59882,0.64839,0.70389,0.75924,0.80817,0.81823,0.80121,0.77388,0.75365,0.74207,0.7407,0.74767,0.75153,0.74024,0.6945
0,0.12651,0.24874,0.35839,0.45356,0.53621,0.61473,0.71452,0.83224,0.93689,0.99087,0.96873,0.89608,0.80794,0.76634,0.75836,0.76971,0.79067,0.81109,0.81876,0.80394
0,0.14903,0.29439,0.42676,0.55197,0.67409,0.81623,0.99768,1.1812,1.3039,1.3743,1.36,1.2607,1.1147,1.036,1.0518,1.0839,1.112,1.1372,1.1548,1.1463
0,0.16953,0.34304,0.50751,0.65842,0.80136,0.95316,1.1211,1.2828,1.4097,1.5058,1.5185,1.4848,1.4223,1.4254,1.4921,1.5487,1.5718,1.5784,1.5678,1.5334
0,0.14925,0.30165,0.45529,0.59964,0.72554,0.82641,0.91273,1.0239,1.1665,1.3149,1.3921,1.4375,1.555,1.6885,1.7868,1.8471,1.852,1.8096,1.7201,1.6195
0,0.18298,0.35481,0.50779,0.65385,0.79144,0.89684,0.95869,0.99428,1.0376,1.0701,1.0597,1.0189,0.98058,0.95972,0.93145,0.906,0.90356,0.93653,0.97809,0.97679
0,0.23387,0.43129,0.60717,0.76714,0.89644,1.0014,1.0829,1.1558,1.2338,1.2823,1.2688,1.2042,1.133,1.0969,1.0776,1.071,1.0924,1.1162,1.1131,1.0931
0,0.15045,0.30826,0.46802,0.60592,0.72654,0.84291,0.97752,1.1323,1.2574,1.3426,1.3496,1.2714,1.1929,1.2266,1.3016,1.3426,1.3761,1.3713,1.3385,1.3154
0,0.19116,0.40095,0.61245,0.78153,0.87274,0.93268,1.0068,1.0792,1.1321,1.1655,1.1742,1.1305,1.0328,1.0695,1.1501,1.2003,1.2565,1.2799,1.2833,1.2619
0,0.13719,0.28032,0.41449,0.53987,0.65723,0.76482,0.84581,0.89481,0.94369,0.97579,0.9825,0.96379,0.89053,0.82655,0.88165,0.97917,1.1125,1.236,1.2582,1.2903
0,0.18231,0.37304,0.54214,0.68969,0.819,0.90999,0.96224,1.011,1.0547,1.0778,1.0663,1.0284,0.98551,0.95796,0.92828,0.90494,0.90789,0.94032,0.97718,0.98002
0,0.16998,0.33469,0.4854,0.61486,0.72997,0.8362,0.92276,1.0071,1.0974,1.1677,1.1583,1.0697,0.95918,0.90713,0.88127,0.86546,0.86844,0.88823,0.91875,0.92727
0,0.15638,0.31742,0.46392,0.60382,0.72984,0.85152,0.98588,1.1113,1.2025,1.2748,1.2724,1.2051,1.1294,1.1703,1.2093,1.2166,1.2746,1.3424,1.3226,1.2556
0,0.20848,0.43891,0.66802,0.84502,0.95502,1.0354,1.1204,1.1776,1.2106,1.2327,1.2423,1.2141,1.1276,1.1275,1.2091,1.2521,1.309,1.3756,1.3509,1.3208
0,0.16164,0.30393,0.43984,0.56373,0.67761,0.78091,0.86222,0.92747,0.97242,0.98946,0.99208,0.97764,0.89384,0.80591,0.87836,1.0572,1.2412,1.356,1.3474,1.3508
0,0.17293,0.34449,0.50232,0.64485,0.76399,0.84883,0.90576,0.94884,0.98709,1.0109,1.0022,0.96368,0.92927,0.91414,0.8932,0.87035,0.86858,0.89664,0.93294,0.93102
0,0.16238,0.32044,0.45939,0.59001,0.7213,0.84046,0.93086,1.0035,1.0856,1.1628,1.1485,1.0595,0.96846,0.91469,0.88585,0.86966,0.87297,0.89194,0.94851,0.97796
0,0.13144,0.25986,0.38293,0.50617,0.62519,0.75046,0.89817,1.023,1.112,1.1852,1.1931,1.1229,1.0363,1.0708,1.1472,1.1906,1.2356,1.2379,1.1986,1.1557
0,0.20514,0.41757,0.60743,0.74629,0.83818,0.92602,1.016,1.0703,1.0827,1.1087,1.1157,1.0902,1.0046,1.0289,1.1467,1.1885,1.2324,1.2961,1.2602,1.2224
0,0.16143,0.33611,0.51992,0.68558,0.82507,0.93719,1.0397,1.0879,1.1004,1.1042,1.0988,1.0784,1.0079,0.91701,0.88108,0.9536,1.24,1.4927,1.523,1.4973
0,0.15948,0.31997,0.47007,0.60132,0.71709,0.81013,0.87003,0.91507,0.9586,0.98738,0.98059,0.9461,0.90112,0.86712,0.83892,0.82559,0.83954,0.87494,0.91306,0.91406
0,0.16449,0.33641,0.50107,0.65656,0.80622,0.92637,1.0202,1.0937,1.1741,1.2506,1.2443,1.1636,1.1043,1.0907,1.0618,1.0437,1.0349,1.0383,1.0646,1.0647
0,0.12252,0.25746,0.39139,0.51237,0.62462,0.74751,0.88489,0.98402,1.0704,1.139,1.1435,1.0812,1.01,1.0497,1.1357,1.2026,1.2595,1.2789,1.2471,1.1968
0,0.17325,0.35941,0.54974,0.69731,0.7941,0.89244,0.9742,1.0066,1.0078,1.0222,1.0358,1.0305,0.96664,0.97843,1.0896,1.1375,1.1972,1.2319,1.1993,1.1294
0,0.14908,0.29323,0.42907,0.55162,0.66051,0.75543,0.82724,0.85948,0.86844,0.87118,0.86775,0.87104,0.85459,0.81149,0.81722,0.91564,1.1248,1.3061,1.2823,1.2455
0,0.16989,0.33333,0.48944,0.62909,0.74879,0.84541,0.91062,0.95395,0.99425,1.0197,1.0168,0.99036,0.95244,0.93374,0.90976,0.89458,0.9008,0.93508,0.97281,0.96675
0,0.15485,0.30735,0.45085,0.59209,0.71565,0.82584,0.91453,0.99702,1.0969,1.1853,1.1719,1.0866,1.019,1.0162,1.0329,1.0412,1.0452,1.0362,1.0406,1.0404
0,0.12046,0.24005,0.35713,0.47127,0.58909,0.71009,0.8328,0.92913,0.99965,1.0667,1.0803,1.0265,0.96348,1.0053,1.0794,1.1232,1.1912,1.2326,1.2222,1.1843
0,0.17209,0.34329,0.50354,0.6564,0.81207,0.93878,1.0363,1.0729,1.0995,1.1243,1.128,1.1109,1.0694,1.0592,1.154,1.2672,1.3592,1.4375,1.3975,1.3194
0,0.1229,0.24771,0.37245,0.48823,0.58809,0.66738,0.71746,0.75267,0.78039,0.81192,0.83586,0.85061,0.84518,0.83993,0.90105,1.0414,1.2459,1.4342,1.4162,1.3566
0,0.16076,0.31914,0.46681,0.59764,0.7137,0.79631,0.84887,0.89627,0.94815,0.98112,0.97296,0.93531,0.88945,0.87269,0.85286,0.82612,0.82692,0.86447,0.89351,0.89204
0,0.18908,0.35583,0.50851,0.66565,0.80728,0.91807,1.0105,1.1047,1.1883,1.2392,1.2303,1.1658,1.0834,1.0384,1.0321,1.0267,1.0596,1.0896,1.1077,1.1053
0,0.16405,0.3467,0.52251,0.68064,0.80938,0.92623,1.0655,1.2278,1.3641,1.4597,1.4602,1.3507,1.2265,1.2281,1.2668,1.2957,1.3291,1.3369,1.3417,1.3443
0,0.16713,0.33128,0.48852,0.63804,0.76065,0.90102,1.0488,1.1967,1.3009,1.3682,1.3777,1.3214,1.184,1.1415,1.2454,1.351,1.4511,1.5038,1.5251,1.495
0,0.14998,0.30904,0.46425,0.62427,0.77763,0.91517,1.0241,1.092,1.1407,1.1753,1.18,1.144,1.0152,0.90083,0.95463,1.0601,1.1953,1.3191,1.318,1.3286
0,0.16623,0.34046,0.50098,0.64357,0.76313,0.85912,0.92232,0.98009,1.0227,1.0457,1.0333,0.99681,0.95508,0.93804,0.90526,0.87611,0.87651,0.91177,0.94802,0.94391
0,0.1407,0.27429,0.40365,0.53942,0.66589,0.76731,0.85512,0.94693,1.0304,1.0885,1.0826,1.0066,0.91158,0.87141,0.86838,0.87164,0.89515,0.89661,0.93404,0.9634
0,0.1829,0.36912,0.52159,0.66806,0.79724,0.91444,1.0434,1.174,1.2777,1.3659,1.3561,1.2537,1.1211,1.1213,1.1297,1.15,1.2113,1.2609,1.2647,1.2531
0,0.19216,0.39376,0.56803,0.72451,0.85365,1.0007,1.1462,1.2816,1.3809,1.4387,1.452,1.3845,1.2411,1.1832,1.2591,1.3374,1.4281,1.5001,1.5096,1.4837
0,0.1581,0.33187,0.51075,0.67567,0.81932,0.95143,1.0476,1.1128,1.1552,1.1841,1.1937,1.1721,1.0454,0.8975,1.0002,1.19,1.3449,1.454,1.4449,1.4388
0,0.15523,0.31368,0.46204,0.59237,0.69532,0.77665,0.83205,0.87907,0.92456,0.95127,0.94138,0.90585,0.86425,0.85337,0.83878,0.81749,0.81726,0.84841,0.88294,0.88238
0,0.14282,0.28691,0.42429,0.56689,0.71606,0.83891,0.9371,1.0217,1.1108,1.1793,1.1689,1.083,0.99907,0.95156,0.93112,0.92965,0.94067,0.96426,1.0421,1.0914
0,0.14967,0.30564,0.45677,0.60187,0.73248,0.8575,1.0045,1.1362,1.2373,1.3192,1.3196,1.2228,1.0974,1.0975,1.1427,1.1747,1.2183,1.2274,1.2017,1.1826
0,0.17622,0.35107,0.51057,0.64382,0.77021,0.90302,1.0281,1.1418,1.2246,1.2695,1.2722,1.2048,1.0642,1.0802,1.2037,1.3109,1.3997,1.4438,1.4302,1.3988
0,0.17196,0.36176,0.55466,0.74256,0.90907,1.0576,1.1456,1.1875,1.228,1.2672,1.2671,1.2261,1.1344,1.0185,1.0015,1.1419,1.4528,1.7341,1.7417,1.6769
0,0.14666,0.2977,0.42679,0.54386,0.64792,0.72324,0.77424,0.816,0.86301,0.89695,0.88924,0.85282,0.80604,0.78286,0.7645,0.7489,0.75543,0.79113,0.83358,0.83306
0,0.15604,0.30804,0.44992,0.59817,0.74077,0.86372,0.95416,1.0336,1.1098,1.174,1.1695,1.0941,1.0356,1.0255,1.023,1.0286,1.0427,1.0434,1.0579,1.0662
0,0.1523,0.29801,0.44659,0.5876,0.70683,0.82711,0.96811,1.0967,1.1935,1.2614,1.2606,1.1792,1.045,1.0547,1.1095,1.156,1.2099,1.235,1.2289,1.215
0,0.17605,0.35517,0.50701,0.63346,0.7471,0.85986,0.95018,1.0087,1.0486,1.0703,1.0818,1.0555,0.95544,0.97763,1.1137,1.2432,1.328,1.3501,1.3305,1.2795
0,0.15879,0.3178,0.4636,0.59355,0.69785,0.78278,0.8514,0.89918,0.93088,0.96519,0.97621,0.95254,0.88752,0.83071,0.87902,1.01,1.213,1.3838,1.3368,1.2795
0,0.13758,0.27665,0.41025,0.53411,0.63902,0.72419,0.79128,0.84059,0.87766,0.90819,0.90697,0.88202,0.84779,0.82758,0.80932,0.78851,0.79588,0.83978,0.88224,0.87461
0,0.12806,0.2598,0.39202,0.52229,0.65037,0.76793,0.87007,0.96775,1.0669,1.1362,1.1259,1.04,0.95867,0.93072,0.95251,0.97899,1.0044,1.0052,1.0385,1.0706
0,0.14195,0.27912,0.41097,0.54977,0.67738,0.80184,0.93861,1.0511,1.1352,1.2055,1.2082,1.1259,1.0062,1.018,1.0668,1.107,1.1807,1.2154,1.2102,1.2018
0,0.16498,0.33997,0.51774,0.68491,0.81234,0.91375,1.0023,1.0596,1.0897,1.1175,1.1265,1.1118,1.0549,1.0768,1.2167,1.3705,1.4947,1.5292,1.5134,1.4608
0,0.13047,0.25889,0.38829,0.50163,0.6051,0.68651,0.7356,0.77608,0.81984,0.86851,0.89108,0.88866,0.84129,0.82871,0.9436,1.0884,1.2453,1.4196,1.4089,1.3413
0,0.16813,0.3306,0.47672,0.60899,0.72905,0.82617,0.88094,0.92648,0.97484,1.0068,0.99893,0.96247,0.91815,0.89532,0.86971,0.84589,0.8493,0.8886,0.92576,0.92155
0,0.19511,0.38385,0.55104,0.70024,0.83851,0.95318,1.0339,1.1091,1.1844,1.2352,1.2287,1.163,1.0871,1.0548,1.0439,1.0433,1.0615,1.0843,1.125,1.1372
0,0.17216,0.34839,0.52231,0.69251,0.83851,0.96361,1.1143,1.2796,1.414,1.5128,1.5093,1.3961,1.2352,1.203,1.2323,1.2719,1.3123,1.3214,1.3407,1.3674
0,0.15981,0.31326,0.47122,0.63221,0.77904,0.94301,1.1187,1.2812,1.3832,1.4576,1.4672,1.3985,1.2259,1.1564,1.2395,1.3375,1.4423,1.5231,1.5443,1.5379
0,0.24053,0.47421,0.68912,0.86717,1.031,1.1772,1.3167,1.3868,1.415,1.4405,1.4528,1.4267,1.2979,1.232,1.3507,1.4024,1.4405,1.5471,1.5862,1.6165
0,0.16827,0.33236,0.48835,0.62526,0.74925,0.83861,0.91236,0.97161,1.0183,1.049,1.0404,0.9995,0.95085,0.91771,0.88684,0.86203,0.86605,0.91075,0.95757,0.95697
0,0.15161,0.30492,0.44668,0.57636,0.69597,0.80522,0.89765,0.98407,1.0692,1.1369,1.1297,1.0407,0.94052,0.8938,0.87315,0.85723,0.85977,0.90272,0.99064,1.0244
0,0.1864,0.36254,0.52383,0.66979,0.7992,0.93421,1.0954,1.2379,1.3495,1.4289,1.4157,1.307,1.1224,1.0706,1.0866,1.1047,1.1744,1.2082,1.2183,1.2331
0,0.17738,0.35642,0.53157,0.6896,0.83682,1.014,1.2079,1.3572,1.4619,1.5271,1.5392,1.4688,1.2812,1.1698,1.2179,1.2961,1.3922,1.4953,1.5258,1.5409
0,0.2356,0.45137,0.6537,0.80985,0.97503,1.1593,1.3005,1.3667,1.3795,1.3906,1.4176,1.4291,1.2891,1.1966,1.3592,1.4603,1.5266,1.6137,1.6415,1.6794
0,0.15255,0.30387,0.44813,0.57545,0.68169,0.76467,0.83082,0.8838,0.93021,0.96258,0.95416,0.9178,0.86844,0.83819,0.81988,0.80257,0.80888,0.84501,0.88577,0.88742
0,0.13911,0.28465,0.42609,0.57251,0.71287,0.84306,0.94483,1.032,1.1178,1.1884,1.1767,1.0907,1.0019,0.941,0.90803,0.89046,0.90373,0.97511,1.0877,1.1317
0,0.15249,0.31047,0.47074,0.62848,0.76447,0.90235,1.0679,1.2141,1.3215,1.3993,1.395,1.29,1.1338,1.1124,1.1589,1.2151,1.2648,1.254,1.2292,1.2306
0,0.16174,0.32367,0.47809,0.6385,0.79098,0.95612,1.1091,1.2223,1.2996,1.3498,1.354,1.2828,1.1139,1.0477,1.1464,1.2478,1.3421,1.4005,1.397,1.4062
0,0.21383,0.43603,0.64918,0.86239,1.1416,1.3794,1.5093,1.5283,1.5098,1.5151,1.5188,1.4858,1.4056,1.2422,1.1508,1.2497,1.4155,1.599,1.6428,1.6572
0,0.14933,0.29308,0.42121,0.53662,0.63699,0.71333,0.77857,0.83328,0.8764,0.91163,0.90606,0.87239,0.82234,0.78472,0.76792,0.75769,0.76846,0.80783,0.84955,0.85281
0,0.15455,0.31078,0.45501,0.59798,0.75453,0.88492,0.99026,1.0677,1.143,1.2128,1.2125,1.1325,1.057,1.0327,1.0123,1.0016,1.0066,1.0378,1.1132,1.1448
0,0.14748,0.29999,0.45448,0.59862,0.7268,0.86607,1.0234,1.1627,1.271,1.3484,1.3393,1.2394,1.0827,1.0677,1.1369,1.2011,1.2684,1.2703,1.238,1.2502
0,0.17053,0.34165,0.49847,0.63475,0.77048,0.90963,1.0203,1.0951,1.1407,1.1684,1.1798,1.1499,1.0255,0.98476,1.1155,1.2361,1.3257,1.3557,1.3374,1.3306
0,0.19116,0.40114,0.62371,0.80241,0.93558,1.0392,1.1199,1.1484,1.1584,1.1669,1.1839,1.178,1.1363,1.0989,1.1645,1.2783,1.3696,1.45,1.404,1.358
0,0.14063,0.284,0.41795,0.5426,0.64486,0.72778,0.79593,0.85234,0.90388,0.93485,0.93237,0.90679,0.86301,0.83393,0.81028,0.7941,0.80458,0.85271,0.90338,0.90382
0,0.14014,0.28377,0.43009,0.57353,0.70814,0.83297,0.93386,1.0089,1.0943,1.1731,1.1646,1.0881,1.0181,0.9923,0.99394,1.0031,1.0157,1.0398,1.1259,1.1558
0,0.14683,0.28933,0.4354,0.57798,0.71016,0.85322,0.99806,1.1422,1.2475,1.321,1.3195,1.2234,1.0614,1.0371,1.1133,1.1853,1.2522,1.2605,1.2196,1.2388
0,0.15757,0.32703,0.4948,0.65283,0.78225,0.90251,1.0075,1.0822,1.1333,1.1752,1.1812,1.1499,1.0758,1.0633,1.187,1.3524,1.4735,1.5107,1.5176,1.4908
0,0.18134,0.36433,0.53403,0.68192,0.80767,0.90164,0.96685,0.97902,0.98122,0.9809,0.99131,0.98828,0.95636,0.95399,1.0576,1.161,1.2591,1.3248,1.2715,1.2161
0,0.18418,0.3752,0.55861,0.72306,0.86881,0.9773,1.0381,1.0746,1.1139,1.1418,1.1323,1.0977,1.0561,1.0348,1.0079,0.98742,0.99596,1.0359,1.0643,1.0655
0,0.17704,0.35175,0.51644,0.66578,0.81839,0.94225,1.0296,1.1227,1.2036,1.2573,1.2522,1.1997,1.128,1.083,1.0607,1.0525,1.0757,1.1115,1.1599,1.1706
0,0.20249,0.41983,0.63388,0.8266,0.97867,1.0884,1.1792,1.301,1.4637,1.6026,1.5941,1.4263,1.2906,1.2583,1.249,1.252,1.2646,1.2835,1.3218,1.3379
0,0.17381,0.3562,0.53397,0.69796,0.84429,1.0179,1.2078,1.4003,1.5677,1.6809,1.6923,1.5905,1.359,1.2732,1.3522,1.4363,1.516,1.5732,1.649,1.6758
0,0.22302,0.4524,0.67966,0.89206,1.0797,1.2701,1.4266,1.5208,1.5715,1.6095,1.6193,1.584,1.4588,1.3565,1.4072,1.4992,1.5959,1.7318,1.7408,1.655
0,0.18642,0.37666,0.56909,0.74907,0.89718,0.99763,1.0574,1.102,1.1381,1.1579,1.1444,1.1082,1.0753,1.0583,1.0292,0.99902,0.9962,1.0251,1.056,1.0545
0,0.14456,0.28768,0.4214,0.54164,0.65671,0.75787,0.84841,0.94673,1.0399,1.112,1.1057,1.0281,0.92746,0.86795,0.83635,0.8272,0.84767,0.90373,0.99901,1.0317
0,0.19717,0.40459,0.61988,0.79495,0.93282,1.0323,1.1249,1.2616,1.406,1.51,1.5008,1.362,1.2143,1.1978,1.1681,1.1735,1.2039,1.2249,1.2406,1.2735
0,0.18887,0.38363,0.5632,0.7191,0.86653,1.0742,1.2938,1.4928,1.6603,1.7682,1.7837,1.6886,1.4631,1.3326,1.3814,1.4452,1.5227,1.6037,1.687,1.7617
0,0.2506,0.50828,0.73981,0.94621,1.1344,1.3114,1.4626,1.5405,1.5629,1.5806,1.6044,1.5955,1.4705,1.3449,1.4481,1.6264,1.7739,1.863,1.8296,1.7611
0,0.17005,0.344,0.51371,0.67233,0.8142,0.91058,0.96722,1.012,1.0456,1.0682,1.0564,1.0234,0.9862,0.96169,0.93601,0.91774,0.92481,0.96066,0.99259,0.98877
0,0.13033,0.25811,0.37922,0.50603,0.63615,0.75807,0.8676,0.97082,1.0653,1.1394,1.1326,1.0481,0.95858,0.88908,0.84956,0.82829,0.85023,0.94114,1.0593,1.0973
0,0.17757,0.36739,0.57082,0.76901,0.93605,1.0613,1.1525,1.2776,1.4184,1.5367,1.5355,1.3906,1.2504,1.2198,1.2086,1.224,1.2511,1.2404,1.2471,1.2341
0,0.17923,0.35663,0.51306,0.65538,0.80162,0.99866,1.1876,1.3539,1.4855,1.571,1.5759,1.4754,1.2635,1.1847,1.2651,1.3311,1.3875,1.4322,1.5258,1.6098
0,0.22591,0.46704,0.70874,0.94489,1.156,1.3525,1.4774,1.5147,1.5333,1.5696,1.5738,1.538,1.4411,1.3357,1.3634,1.5675,1.874,2.0371,2.0441,1.9414
0,0.15941,0.31271,0.4551,0.58643,0.70218,0.79281,0.8573,0.91162,0.95352,0.97803,0.96894,0.93339,0.88448,0.85445,0.83504,0.82343,0.83606,0.87454,0.90642,0.90535
0,0.14144,0.27796,0.40575,0.5313,0.65824,0.77925,0.87684,0.96364,1.0506,1.1241,1.1279,1.0547,0.97987,0.94835,0.93557,0.93823,0.94209,0.96321,1.0456,1.0684
0,0.17651,0.36633,0.56077,0.74873,0.89451,1.0031,1.1014,1.2406,1.3837,1.4927,1.4907,1.3594,1.2153,1.185,1.1854,1.1955,1.2347,1.2544,1.2703,1.2702
0,0.18715,0.37574,0.53245,0.66159,0.78984,0.94637,1.0875,1.218,1.3187,1.3676,1.3787,1.3197,1.1649,1.1186,1.2201,1.2884,1.3353,1.3692,1.4306,1.4775
0,0.19538,0.39506,0.574,0.72548,0.85787,0.96466,1.0367,1.079,1.1028,1.1376,1.1653,1.1662,1.1087,1.0853,1.1968,1.3734,1.5661,1.6852,1.6062,1.489
0,0.1791,0.36034,0.53943,0.69236,0.8161,0.89669,0.94543,0.98795,1.0207,1.0452,1.0424,1.0155,0.98347,0.96476,0.95101,0.93597,0.93933,0.96788,0.99745,0.99421
0,0.12661,0.26072,0.39655,0.53353,0.65399,0.76266,0.87019,0.96889,1.0759,1.161,1.1596,1.0856,1.0035,0.96662,0.96984,0.97833,0.99407,1.0475,1.1371,1.1612
0,0.18004,0.37456,0.56113,0.74536,0.90815,1.0307,1.1384,1.2795,1.413,1.5055,1.5104,1.4075,1.2694,1.2702,1.2864,1.3048,1.3445,1.3572,1.3431,1.3372
0,0.17408,0.34809,0.5272,0.70252,0.85927,1.0179,1.1515,1.2626,1.3543,1.4323,1.4417,1.3803,1.2688,1.2353,1.365,1.4858,1.5626,1.6121,1.6607,1.7013
0,0.1529,0.31218,0.4651,0.60447,0.72947,0.83182,0.88685,0.90804,0.9269,0.979,1.0146,1.0254,0.99966,1.0169,1.1516,1.2962,1.4294,1.5911,1.5438,1.4656
0,0.17322,0.34069,0.49275,0.63137,0.75696,0.86621,0.93372,0.98306,1.0334,1.0665,1.0548,1.0095,0.96366,0.93928,0.90456,0.87028,0.86679,0.90512,0.95086,0.95331
0,0.21205,0.40543,0.56641,0.71342,0.83588,0.9326,1.0016,1.06,1.1172,1.166,1.1652,1.1158,1.0618,1.0267,1.0123,1.0082,1.033,1.0557,1.0825,1.0948
0,0.17013,0.35023,0.52856,0.69683,0.84193,0.9746,1.1174,1.302,1.4577,1.5695,1.5685,1.4396,1.2468,1.1717,1.1766,1.2284,1.2739,1.3212,1.3923,1.4369
0,0.17854,0.35146,0.5213,0.68097,0.83942,1.0339,1.2167,1.4006,1.5593,1.6652,1.6767,1.5896,1.3759,1.2288,1.2777,1.3662,1.4899,1.5731,1.6102,1.6304
0,0.21191,0.42268,0.62298,0.81934,1.0041,1.1933,1.3766,1.4907,1.5586,1.614,1.6215,1.5685,1.4215,1.296,1.305,1.3227,1.3974,1.5431,1.6297,1.6399
0,0.16648,0.33022,0.48959,0.63161,0.75866,0.85574,0.93248,0.99573,1.0414,1.0675,1.0575,1.0164,0.97071,0.93714,0.89074,0.8581,0.86155,0.90077,0.95564,0.96226
0,0.16322,0.31637,0.45684,0.57849,0.6741,0.76393,0.84686,0.91385,0.98296,1.0503,1.0491,0.97303,0.88404,0.83087,0.80571,0.79819,0.81247,0.84513,0.91865,0.95535
0,0.1849,0.37128,0.54309,0.69126,0.82556,0.9742,1.1527,1.3203,1.448,1.5455,1.5357,1.4113,1.1983,1.0948,1.0833,1.112,1.1785,1.2418,1.3249,1.3887
0,0.19839,0.39474,0.57797,0.75411,0.91959,1.1248,1.3313,1.5229,1.6749,1.7878,1.8032,1.7136,1.4717,1.268,1.2911,1.3585,1.4714,1.5696,1.6483,1.7234
0,0.23195,0.46304,0.67281,0.86377,1.0481,1.2286,1.3855,1.5027,1.5611,1.5839,1.606,1.5921,1.4692,1.334,1.3772,1.4755,1.5981,1.7234,1.7566,1.7659
0,0.15581,0.30626,0.44732,0.58221,0.69435,0.78691,0.84926,0.89648,0.93953,0.97085,0.9613,0.9213,0.87602,0.85732,0.82959,0.80503,0.79924,0.83236,0.88115,0.88194
0,0.16217,0.31372,0.45488,0.58621,0.70161,0.79989,0.88908,0.96514,1.0347,1.1098,1.1047,1.0224,0.93336,0.86786,0.82724,0.81422,0.8323,0.90406,1.0163,1.0577
0,0.16107,0.33288,0.51671,0.6826,0.82008,0.95759,1.1146,1.2805,1.4153,1.5043,1.5008,1.3889,1.1939,1.1118,1.1132,1.184,1.2492,1.2672,1.3092,1.3362
0,0.17798,0.34601,0.50362,0.65267,0.81741,1.006,1.188,1.3522,1.4806,1.5651,1.5749,1.5007,1.2846,1.1239,1.1703,1.2602,1.3748,1.4364,1.4959,1.5672
0,0.2036,0.432,0.65519,0.85674,1.0611,1.2438,1.3691,1.4297,1.4811,1.5428,1.5526,1.5048,1.3955,1.2575,1.2452,1.3759,1.5888,1.7958,1.8589,1.8592
0,0.14611,0.28912,0.42416,0.54002,0.64745,0.73396,0.80467,0.85785,0.90015,0.93487,0.92713,0.88923,0.83526,0.7987,0.7716,0.75616,0.76871,0.8072,0.85735,0.8606
0,0.15709,0.30624,0.4434,0.58203,0.70909,0.81226,0.89307,0.96217,1.0386,1.1139,1.1206,1.0499,0.97345,0.94516,0.92304,0.9149,0.92673,0.94518,1.0082,1.0248
0,0.15812,0.32577,0.50157,0.65412,0.79413,0.93233,1.0888,1.2538,1.3889,1.4794,1.4794,1.3718,1.1816,1.1183,1.1561,1.2349,1.3027,1.3196,1.3589,1.3856
0,0.19097,0.37426,0.53741,0.68571,0.83181,0.9787,1.1175,1.2492,1.3484,1.4143,1.4311,1.3893,1.2419,1.1101,1.1471,1.2405,1.3616,1.4144,1.4551,1.4996
0,0.1736,0.36025,0.53815,0.68236,0.80094,0.90427,0.98965,1.0527,1.0932,1.1312,1.1483,1.1399,1.0823,1.0419,1.1134,1.2215,1.3976,1.5564,1.5131,1.4577
0,0.14686,0.29253,0.42957,0.56099,0.67381,0.76659,0.84065,0.89747,0.94684,0.97792,0.973,0.94251,0.90046,0.87334,0.84156,0.81305,0.81638,0.86324,0.92032,0.92555
0,0.14852,0.29451,0.43447,0.56764,0.67567,0.76671,0.83906,0.90409,0.99405,1.0836,1.0884,1.0181,0.94836,0.93342,0.9425,0.9504,0.96241,0.9895,1.0472,1.0707
0,0.16224,0.31926,0.4883,0.64525,0.78525,0.92711,1.0709,1.2263,1.3496,1.4342,1.443,1.3501,1.1668,1.0909,1.1364,1.2144,1.2911,1.3209,1.3487,1.3764
0,0.18207,0.36744,0.55398,0.73632,0.89587,1.05,1.1739,1.2795,1.3849,1.4699,1.4871,1.4395,1.3444,1.2552,1.3154,1.4347,1.5794,1.6622,1.6861,1.7017
0,0.15247,0.31086,0.45209,0.57953,0.69654,0.80149,0.87923,0.92987,0.96946,1.0232,1.0533,1.0509,1.0213,1.0209,1.1109,1.2282,1.3735,1.5405,1.5251,1.4931
0,0.11197,0.20844,0.29668,0.3809,0.46749,0.55043,0.636,0.71428,0.76255,0.7892,0.78886,0.7715,0.74305,0.70472,0.66109,0.62667,0.59419,0.55687,0.50678,0.44436
