0,0.085139,0.17705,0.2688,0.35314,0.42543,0.48536,0.53577,0.56843,0.59361,0.6235,0.66452,0.71705,0.77508,0.83574,0.89274,0.94999,0.99024,1.0129,1.0121,0.95791
0,0.084426,0.18255,0.27697,0.36206,0.44184,0.5104,0.57698,0.6451,0.71522,0.79076,0.87476,0.95572,1.0292,1.0922,1.146,1.1944,1.2335,1.2641,1.2765,1.266
0,0.11465,0.24438,0.38668,0.52933,0.66551,0.79285,0.91126,1.0089,1.0884,1.1697,1.2454,1.3114,1.3669,1.4093,1.4413,1.4709,1.502,1.5325,1.5481,1.5414
0,0.11954,0.24371,0.36042,0.47959,0.59864,0.71492,0.8258,0.92066,0.99878,1.08,1.1637,1.2408,1.3107,1.373,1.4347,1.4932,1.5392,1.5787,1.618,1.6504
0,0.084843,0.17119,0.25548,0.33286,0.39155,0.42358,0.43815,0.4449,0.4489,0.44496,0.44127,0.44963,0.47084,0.50244,0.54666,0.59859,0.64598,0.68297,0.68293,0.67225
0,0.097275,0.19501,0.28458,0.36899,0.44182,0.50786,0.56291,0.60594,0.63496,0.66889,0.71024,0.75683,0.81011,0.8641,0.91615,0.96809,1.0048,1.0167,1.0017,0.97749
0,0.078759,0.16845,0.25806,0.3393,0.39993,0.44481,0.48283,0.51467,0.53992,0.56716,0.60327,0.65045,0.70348,0.7643,0.82784,0.89306,0.96094,1.0108,1.033,1.0375
0,0.13816,0.28833,0.4267,0.55527,0.68466,0.81262,0.92336,1.0134,1.0929,1.175,1.2472,1.3087,1.3591,1.4001,1.437,1.474,1.5156,1.546,1.5625,1.5426
0,0.13281,0.26597,0.39694,0.5255,0.64986,0.76417,0.87112,0.97084,1.058,1.143,1.2339,1.3287,1.4195,1.5079,1.5904,1.6628,1.728,1.7881,1.8401,1.8761
0,0.085144,0.1737,0.25573,0.32215,0.37698,0.41661,0.44189,0.46165,0.47145,0.47841,0.49408,0.51321,0.53381,0.55439,0.5828,0.61597,0.64157,0.66087,0.67404,0.69789
0,0.076011,0.16041,0.23958,0.31536,0.38586,0.44794,0.50264,0.54991,0.59083,0.63072,0.66677,0.70597,0.74775,0.78624,0.82229,0.85944,0.89156,0.90941,0.90762,0.88476
0,0.074111,0.15371,0.23319,0.31293,0.38679,0.44942,0.50673,0.56632,0.63269,0.70196,0.7744,0.84449,0.90846,0.96672,1.0148,1.0572,1.0922,1.119,1.1345,1.1281
0,0.10696,0.22497,0.3426,0.46437,0.58957,0.71061,0.82119,0.91233,0.99312,1.0733,1.1474,1.2071,1.2603,1.3015,1.3357,1.3693,1.4017,1.4337,1.456,1.4636
0,0.13954,0.28548,0.4165,0.52595,0.60117,0.68303,0.77653,0.86744,0.95939,1.0482,1.1287,1.2008,1.2729,1.3398,1.4042,1.4618,1.5282,1.5949,1.6433,1.6749
0,0.076722,0.16374,0.24365,0.30602,0.36068,0.3988,0.42565,0.44776,0.47166,0.49114,0.51043,0.52884,0.54676,0.56311,0.58615,0.61204,0.63866,0.65665,0.66244,0.69147
0,0.087462,0.19033,0.292,0.38803,0.47125,0.54183,0.59872,0.64911,0.69857,0.75343,0.80575,0.85016,0.88459,0.91217,0.93216,0.95387,0.9767,0.99288,0.9862,0.96689
0,0.087343,0.17964,0.27166,0.35678,0.42835,0.49137,0.55038,0.60962,0.67095,0.74159,0.81567,0.88657,0.95056,1.0077,1.0563,1.0973,1.1321,1.1593,1.178,1.1816
0,0.13315,0.26186,0.39849,0.53576,0.66937,0.78472,0.87678,0.96203,1.0467,1.1405,1.2219,1.2966,1.3667,1.4266,1.4771,1.5254,1.5717,1.6214,1.6588,1.6677
0,0.12321,0.25033,0.36118,0.44934,0.51601,0.57467,0.63787,0.70744,0.79008,0.8857,0.98501,1.0725,1.152,1.2253,1.2915,1.3536,1.4069,1.4608,1.4997,1.5199
0,0.094705,0.19338,0.28888,0.37339,0.44859,0.50839,0.54629,0.5708,0.59534,0.61014,0.63656,0.674,0.71092,0.75135,0.79757,0.84266,0.87936,0.89919,0.89163,0.84432
0,0.066825,0.13477,0.20358,0.2703,0.3337,0.39279,0.44608,0.50098,0.56104,0.62165,0.67963,0.73073,0.77515,0.8128,0.84328,0.86796,0.89196,0.90922,0.91381,0.90298
0,0.078136,0.16022,0.24357,0.31766,0.38415,0.444,0.50187,0.56284,0.62714,0.68957,0.7565,0.82147,0.88131,0.93665,0.98415,1.0237,1.0603,1.092,1.1112,1.1205
0,0.11896,0.24462,0.37096,0.50245,0.64046,0.78978,0.91491,1.023,1.1311,1.2388,1.3214,1.3872,1.4519,1.5261,1.5926,1.6616,1.7233,1.7649,1.7689,1.7253
0,0.15728,0.3157,0.47631,0.60302,0.67815,0.73007,0.78876,0.86033,0.94927,1.0483,1.1475,1.2467,1.3441,1.4295,1.4952,1.5486,1.5947,1.6481,1.7114,1.7734
0,0.080445,0.15844,0.23168,0.29466,0.35175,0.39552,0.43249,0.46145,0.48191,0.49483,0.51166,0.53208,0.55874,0.59821,0.64936,0.70967,0.76525,0.81578,0.84848,0.87177
0,0.090428,0.17545,0.26127,0.34106,0.40601,0.46099,0.50662,0.54245,0.56645,0.58949,0.62046,0.65813,0.70453,0.76169,0.83361,0.92866,1.0166,1.0824,1.1074,1.0718
0,0.091785,0.19377,0.29465,0.38862,0.47025,0.54129,0.60813,0.67432,0.73932,0.80504,0.87521,0.94934,1.0207,1.0821,1.1339,1.1757,1.2136,1.2413,1.2463,1.235
0,0.10799,0.22145,0.33344,0.44558,0.5613,0.6658,0.76285,0.85013,0.92876,1.0001,1.0713,1.1398,1.1999,1.2533,1.2964,1.3372,1.3796,1.4223,1.449,1.4397
0,0.10242,0.21328,0.31643,0.41776,0.51212,0.60112,0.69036,0.78309,0.86527,0.94042,1.0142,1.0832,1.1473,1.2083,1.2637,1.3258,1.3846,1.4338,1.4697,1.5009
0,0.086313,0.18252,0.27224,0.3497,0.41297,0.46533,0.50495,0.53289,0.54674,0.55166,0.55589,0.56056,0.56107,0.56631,0.59067,0.64233,0.71099,0.77194,0.7954,0.80295
0,0.092451,0.18526,0.27202,0.35436,0.4261,0.48808,0.5409,0.58146,0.61026,0.64419,0.68583,0.73205,0.781,0.83454,0.89944,0.9765,1.0393,1.076,1.0812,1.0658
0,0.088426,0.18454,0.28087,0.36905,0.43909,0.48974,0.52758,0.55879,0.58856,0.62197,0.66643,0.72281,0.78112,0.84428,0.90586,0.96345,1.0254,1.0721,1.1019,1.1071
0,0.12142,0.24188,0.35627,0.46212,0.55659,0.64945,0.7357,0.80927,0.87354,0.93874,1.0056,1.0716,1.1331,1.1944,1.2526,1.3131,1.3747,1.4308,1.4588,1.437
0,0.10971,0.22146,0.33109,0.43918,0.54759,0.65092,0.74738,0.83909,0.92131,0.99894,1.0804,1.1571,1.2301,1.2974,1.3579,1.4131,1.4678,1.5113,1.5453,1.5768
0,0.082517,0.16475,0.23658,0.29601,0.34076,0.37588,0.4076,0.42509,0.43189,0.4444,0.46102,0.4796,0.50182,0.53042,0.57392,0.62609,0.67827,0.72622,0.75723,0.77266
0,0.080177,0.16862,0.2579,0.33471,0.40485,0.47492,0.5389,0.5854,0.61825,0.6486,0.67789,0.7108,0.74841,0.78983,0.84122,0.90366,0.95648,0.99257,1.0059,0.99113
0,0.084598,0.17184,0.25769,0.33478,0.40279,0.46452,0.52511,0.58798,0.65515,0.72431,0.79801,0.86556,0.92296,0.97821,1.03,1.0713,1.1046,1.1321,1.1481,1.1538
0,0.10406,0.20812,0.31116,0.4107,0.50289,0.59154,0.67393,0.74913,0.82336,0.89393,0.96808,1.0366,1.0957,1.149,1.2024,1.2509,1.2947,1.3403,1.3719,1.3708
0,0.11425,0.22044,0.31987,0.41429,0.49895,0.5863,0.68033,0.76698,0.84667,0.91249,0.97715,1.038,1.1024,1.1655,1.2255,1.282,1.3456,1.4001,1.4305,1.446
0,0.080607,0.16342,0.23672,0.29653,0.34668,0.38403,0.40652,0.41371,0.42182,0.42737,0.43811,0.44872,0.46453,0.48663,0.51817,0.562,0.61581,0.66699,0.70702,0.74638
0,0.082487,0.1744,0.27103,0.36191,0.45145,0.528,0.58508,0.63276,0.6778,0.72155,0.76513,0.80955,0.85224,0.89088,0.92878,0.9643,0.99359,1.0054,0.9906,0.96267
0,0.086684,0.1776,0.26888,0.35053,0.41951,0.4802,0.53418,0.58869,0.65002,0.71399,0.77821,0.84043,0.89918,0.95006,0.99475,1.0328,1.0688,1.0993,1.1213,1.1348
0,0.11054,0.22104,0.33104,0.44167,0.54068,0.63248,0.71521,0.79089,0.86484,0.94092,1.0215,1.1003,1.1744,1.2428,1.3003,1.3523,1.4043,1.4522,1.489,1.4943
0,0.092587,0.18725,0.27864,0.36366,0.4361,0.50385,0.57511,0.64903,0.7254,0.79452,0.86683,0.93607,1.0006,1.0627,1.1165,1.1637,1.2186,1.2829,1.3492,1.4215
0,0.091519,0.18561,0.26892,0.34646,0.41366,0.47109,0.518,0.54735,0.56503,0.57178,0.58311,0.59604,0.62039,0.66438,0.72191,0.7751,0.8148,0.83665,0.8392,0.83416
0,0.064186,0.13151,0.2027,0.27786,0.35601,0.43331,0.50382,0.56411,0.62507,0.68757,0.75184,0.80724,0.84982,0.89064,0.93124,0.97152,1.0041,1.0281,1.0288,1.0074
0,0.079788,0.16397,0.2491,0.32576,0.39122,0.45158,0.50845,0.56788,0.6363,0.70349,0.76843,0.82575,0.87905,0.92819,0.97529,1.0179,1.0546,1.0846,1.1082,1.1234
0,0.10744,0.21197,0.31986,0.42603,0.53598,0.64851,0.75814,0.86002,0.95824,1.0585,1.1593,1.2417,1.3123,1.3781,1.4378,1.4914,1.5495,1.5988,1.6266,1.6273
0,0.11896,0.25551,0.39669,0.51277,0.59061,0.65227,0.70522,0.76086,0.82115,0.8858,0.95753,1.0316,1.0984,1.1639,1.2217,1.2762,1.3324,1.3911,1.4531,1.5239
0,0.083762,0.16727,0.24348,0.31077,0.36678,0.40662,0.43668,0.46177,0.4772,0.4906,0.51976,0.56235,0.61575,0.67176,0.73632,0.80738,0.86525,0.91408,0.9453,0.9666
0,0.096907,0.19799,0.29805,0.39892,0.49127,0.56389,0.61639,0.64438,0.65951,0.6773,0.69998,0.7221,0.75137,0.78744,0.83986,0.9042,0.96751,1.0251,1.0299,0.96936
0,0.089599,0.18398,0.28357,0.38253,0.47302,0.55262,0.62576,0.6964,0.76736,0.84066,0.91968,0.99425,1.0596,1.1146,1.1647,1.2111,1.25,1.2708,1.2659,1.2381
0,0.095322,0.1992,0.30336,0.40439,0.50028,0.59326,0.68675,0.78021,0.86924,0.9545,1.0338,1.1067,1.1741,1.2354,1.2886,1.3349,1.3761,1.4151,1.44,1.4399
0,0.1276,0.26311,0.40569,0.54318,0.67418,0.80353,0.93755,1.0341,1.105,1.1671,1.2429,1.3154,1.3799,1.4419,1.5052,1.5695,1.6342,1.689,1.7123,1.7172
0,0.073698,0.15304,0.23653,0.31386,0.37443,0.42469,0.46047,0.48192,0.49204,0.50067,0.50501,0.51229,0.52316,0.54118,0.58766,0.66594,0.75977,0.83137,0.86269,0.83858
0,0.088826,0.18136,0.27131,0.35938,0.44419,0.52073,0.58011,0.61786,0.64225,0.66231,0.69118,0.7239,0.76625,0.81081,0.86116,0.92107,0.97674,1.0132,1.0222,1.0131
0,0.081184,0.16414,0.24909,0.32673,0.38828,0.436,0.47783,0.51427,0.55454,0.60043,0.65621,0.71866,0.78247,0.84453,0.90655,0.9779,1.0459,1.0919,1.1046,1.0931
0,0.10557,0.21777,0.32175,0.4184,0.50466,0.58572,0.66987,0.75168,0.83161,0.9118,0.98966,1.065,1.1408,1.2121,1.2753,1.3318,1.3851,1.4281,1.4466,1.4322
0,0.15711,0.32787,0.49708,0.65266,0.79771,0.92363,1.0312,1.1306,1.2288,1.3311,1.4293,1.5242,1.6172,1.6997,1.782,1.8677,1.9462,2.0021,2.019,1.9978
0,0.075276,0.15082,0.2154,0.27129,0.31327,0.34688,0.36785,0.38369,0.39445,0.4101,0.4309,0.45817,0.49423,0.53953,0.60047,0.67164,0.72656,0.76667,0.79146,0.80206
0,0.08247,0.16885,0.24664,0.3282,0.41648,0.49801,0.56422,0.60251,0.63475,0.66257,0.68548,0.70726,0.73095,0.75741,0.78804,0.82663,0.85922,0.8835,0.902,0.91982
0,0.0874,0.17735,0.26424,0.34859,0.42663,0.49723,0.56712,0.63674,0.70944,0.78239,0.85302,0.91706,0.97572,1.026,1.067,1.099,1.1256,1.1446,1.1505,1.1457
0,0.096949,0.20189,0.30612,0.40493,0.50092,0.59126,0.68474,0.77568,0.86699,0.95179,1.0311,1.1023,1.1674,1.225,1.279,1.3296,1.3684,1.3977,1.4172,1.4141
0,0.15134,0.29872,0.43697,0.56373,0.69358,0.82662,0.95191,1.018,1.0646,1.1172,1.1865,1.2461,1.3024,1.3494,1.3944,1.4533,1.5107,1.5581,1.5791,1.578
0,0.066828,0.14285,0.2119,0.27795,0.32971,0.36699,0.39078,0.40301,0.41245,0.42376,0.44412,0.4724,0.50551,0.54508,0.59999,0.666,0.73662,0.79245,0.81672,0.81036
0,0.085205,0.18101,0.27762,0.36954,0.45966,0.542,0.61513,0.66659,0.70439,0.73838,0.77625,0.81383,0.84994,0.88265,0.9161,0.95386,0.98634,1.0069,1.0059,0.98897
0,0.081835,0.1723,0.26308,0.34932,0.42546,0.48938,0.54885,0.60855,0.66991,0.73146,0.79193,0.85232,0.90936,0.96261,1.012,1.0518,1.088,1.1143,1.1271,1.1321
0,0.09953,0.20608,0.31131,0.41182,0.51007,0.6045,0.69836,0.78973,0.8779,0.96044,1.0367,1.1063,1.1716,1.2294,1.2861,1.339,1.3779,1.4022,1.4103,1.4054
0,0.12248,0.24871,0.3537,0.4486,0.52137,0.59114,0.66704,0.74164,0.81097,0.86882,0.93145,0.99606,1.0613,1.1193,1.1736,1.2343,1.3042,1.3745,1.4205,1.4574
0,0.078079,0.16355,0.24206,0.31598,0.38086,0.42988,0.47417,0.50483,0.52203,0.53311,0.5463,0.5708,0.61311,0.67052,0.74793,0.82482,0.88806,0.9352,0.95196,0.93706
0,0.070834,0.14614,0.22384,0.30303,0.39034,0.47233,0.55148,0.6154,0.66659,0.71527,0.76041,0.80663,0.84868,0.88256,0.91735,0.95678,0.98641,1.005,1.0111,0.99664
0,0.078253,0.16298,0.24686,0.32531,0.39591,0.45922,0.51971,0.58494,0.65422,0.72564,0.79648,0.86055,0.91788,0.96553,1.0056,1.0418,1.0709,1.0903,1.0993,1.1075
0,0.098651,0.19519,0.29724,0.4034,0.50986,0.61748,0.72523,0.82623,0.93584,1.0384,1.128,1.1996,1.2539,1.3045,1.3516,1.399,1.4478,1.4877,1.5039,1.4911
0,0.1402,0.2853,0.42159,0.53601,0.61772,0.69525,0.77274,0.85126,0.93634,1.0265,1.1176,1.2051,1.2799,1.3461,1.4077,1.4622,1.509,1.561,1.6171,1.7019
0,0.098261,0.19894,0.28553,0.35258,0.40373,0.43839,0.46356,0.47585,0.48042,0.48965,0.50415,0.51917,0.53619,0.55662,0.58844,0.64409,0.71307,0.76695,0.8007,0.87792
0,0.091706,0.18474,0.27542,0.36622,0.44146,0.50015,0.54708,0.58338,0.61464,0.6409,0.67384,0.71353,0.75895,0.81369,0.88143,0.96861,1.0551,1.1175,1.1285,1.0884
0,0.10869,0.22091,0.32836,0.42904,0.5232,0.61586,0.70326,0.7881,0.87108,0.95224,1.0375,1.1196,1.19,1.2513,1.2995,1.3311,1.3521,1.3663,1.3786,1.3948
0,0.1096,0.22029,0.3309,0.43997,0.54998,0.66394,0.7732,0.87537,0.96954,1.0537,1.1305,1.2049,1.2784,1.3476,1.4134,1.466,1.5111,1.5476,1.5667,1.5646
0,0.13195,0.26627,0.3989,0.53202,0.66664,0.79551,0.89708,0.97738,1.0499,1.1221,1.1992,1.2692,1.3362,1.4001,1.459,1.5161,1.5744,1.6211,1.6469,1.6392
0,0.085798,0.17717,0.26241,0.33875,0.39833,0.4426,0.47032,0.47943,0.4765,0.46839,0.4585,0.45425,0.45868,0.4785,0.50709,0.55119,0.60218,0.63902,0.6538,0.72476
0,0.094483,0.19303,0.28842,0.3779,0.45469,0.52195,0.57737,0.62172,0.65475,0.67624,0.70682,0.74461,0.79045,0.84507,0.90033,0.96402,1.0146,1.0396,1.0385,1.0151
0,0.098827,0.20251,0.29861,0.38667,0.45841,0.5125,0.56067,0.60162,0.65075,0.7047,0.76232,0.81941,0.87514,0.93148,0.9819,1.0246,1.0571,1.0849,1.0998,1.0863
0,0.11889,0.24043,0.36036,0.47268,0.57648,0.67074,0.76782,0.86102,0.94546,1.0274,1.0998,1.1718,1.2425,1.3112,1.375,1.4338,1.4945,1.5497,1.5878,1.5726
0,0.1508,0.30958,0.47703,0.64106,0.80908,0.94919,1.0707,1.1797,1.2839,1.3807,1.4755,1.5613,1.646,1.7203,1.788,1.8503,1.911,1.9643,1.9976,1.9936
0,0.085383,0.16987,0.24903,0.31128,0.35585,0.38789,0.41014,0.42288,0.42944,0.43927,0.45134,0.46075,0.47401,0.4948,0.52599,0.56871,0.61191,0.64775,0.67448,0.73624
0,0.081826,0.1666,0.25008,0.33216,0.41053,0.48223,0.54214,0.5891,0.6299,0.66044,0.68981,0.72587,0.77231,0.82506,0.88361,0.94259,0.99442,1.0258,1.0229,1.0014
0,0.089581,0.18805,0.29043,0.3883,0.48198,0.572,0.65319,0.72929,0.79826,0.87238,0.94911,1.0184,1.0845,1.1428,1.1861,1.2143,1.2409,1.2617,1.28,1.3004
0,0.10318,0.21505,0.32713,0.43811,0.54433,0.64602,0.7472,0.84176,0.92949,1.0116,1.0922,1.1709,1.2444,1.3146,1.381,1.4435,1.4862,1.5169,1.5263,1.5223
0,0.14133,0.27224,0.40186,0.52787,0.64675,0.77771,0.90699,1.0084,1.09,1.1725,1.266,1.3572,1.4457,1.5316,1.6154,1.6948,1.7695,1.8164,1.8426,1.8436
0,0.0978,0.19447,0.28013,0.34826,0.40151,0.43412,0.44992,0.45613,0.46248,0.47285,0.48178,0.49594,0.51054,0.52644,0.54688,0.57896,0.61584,0.64771,0.68916,0.77062
0,0.085232,0.17695,0.26139,0.34384,0.42146,0.49018,0.55025,0.60102,0.64307,0.67942,0.72043,0.76357,0.80679,0.85524,0.91289,0.96577,1.0043,1.0262,1.0198,0.99676
0,0.099835,0.20234,0.30592,0.39972,0.48212,0.55218,0.61479,0.67256,0.73726,0.8104,0.88038,0.94302,1.0039,1.0625,1.1118,1.1469,1.1773,1.2033,1.2271,1.2388
0,0.10665,0.21725,0.32607,0.4307,0.52506,0.61768,0.71108,0.80697,0.9022,0.99704,1.088,1.1718,1.2484,1.3183,1.3835,1.438,1.4862,1.5193,1.5262,1.5091
0,0.10217,0.21142,0.3147,0.41136,0.4936,0.58025,0.66609,0.74978,0.83916,0.92502,1.0089,1.0826,1.1504,1.2096,1.2652,1.3171,1.3666,1.4152,1.463,1.5123
0,0.078019,0.16263,0.23734,0.30206,0.35542,0.40662,0.44581,0.47006,0.47961,0.47812,0.48257,0.49243,0.51723,0.56044,0.62109,0.69646,0.76518,0.79681,0.79574,0.78203
0,0.07265,0.14976,0.22492,0.30018,0.37454,0.44929,0.52163,0.58659,0.63981,0.69296,0.75332,0.81557,0.87475,0.93257,0.98686,1.0347,1.0672,1.0901,1.0921,1.0836
0,0.086425,0.17929,0.27059,0.35426,0.42581,0.48613,0.54451,0.60558,0.67842,0.75805,0.84403,0.91774,0.9797,1.036,1.0798,1.1117,1.1437,1.1706,1.1866,1.1911
0,0.11847,0.23878,0.35634,0.46222,0.55982,0.66425,0.77028,0.88085,0.99531,1.1019,1.1919,1.2674,1.3339,1.3893,1.4393,1.4874,1.524,1.5554,1.5737,1.5697
0,0.12437,0.26193,0.40536,0.53332,0.64957,0.76095,0.86368,0.95723,1.046,1.1359,1.2246,1.3028,1.3682,1.4202,1.4622,1.5007,1.5493,1.6054,1.685,1.765
0,0.094305,0.19618,0.29069,0.37104,0.43551,0.47984,0.50922,0.52846,0.54618,0.56624,0.59728,0.63755,0.67728,0.72582,0.7894,0.85565,0.9135,0.95785,0.96846,0.97656
0,0.1026,0.21075,0.31136,0.39935,0.46833,0.51635,0.55758,0.58597,0.6121,0.64093,0.67628,0.72223,0.77181,0.82281,0.88687,0.96362,1.0357,1.0669,1.0142,0.93364
0,0.08707,0.18468,0.28436,0.38141,0.47612,0.56655,0.64603,0.71713,0.78114,0.8439,0.90981,0.97176,1.0286,1.0766,1.1194,1.1552,1.1806,1.1986,1.205,1.1969
0,0.093462,0.19475,0.3022,0.40815,0.51045,0.60708,0.7021,0.79193,0.8736,0.95108,1.0347,1.11,1.1774,1.2388,1.2936,1.3416,1.3811,1.4118,1.4347,1.4448
0,0.11426,0.2338,0.35275,0.47988,0.61307,0.73174,0.83328,0.91912,0.99839,1.0774,1.1553,1.2238,1.2842,1.3376,1.3884,1.4379,1.485,1.5249,1.5497,1.5537
0,0.079957,0.16539,0.24601,0.3183,0.38441,0.43233,0.46041,0.48083,0.49345,0.49847,0.49945,0.50392,0.51394,0.52975,0.56046,0.62179,0.69489,0.76219,0.80672,0.83387
0,0.11132,0.22315,0.32821,0.42181,0.50055,0.55907,0.60306,0.63598,0.66035,0.68176,0.70756,0.74793,0.79195,0.83568,0.88069,0.94129,0.99292,1.0122,0.98154,0.96096
0,0.08067,0.1621,0.24377,0.31466,0.36912,0.41159,0.44733,0.48432,0.52328,0.57191,0.62775,0.68771,0.74786,0.80925,0.87097,0.93693,1.0001,1.0515,1.0869,1.1036
0,0.10209,0.2081,0.31233,0.40824,0.49742,0.58202,0.66306,0.73581,0.80003,0.86794,0.93535,1.0008,1.0677,1.1329,1.1958,1.2629,1.3218,1.3684,1.3968,1.3997
0,0.12577,0.2509,0.3769,0.5114,0.6539,0.78143,0.89617,1.0032,1.1079,1.2081,1.3,1.3796,1.4479,1.5099,1.5663,1.618,1.661,1.6977,1.7298,1.7262
0,0.081352,0.16253,0.23714,0.30136,0.34823,0.3805,0.4001,0.40829,0.41341,0.42392,0.44306,0.46961,0.50546,0.54803,0.6069,0.6742,0.73418,0.78182,0.80255,0.801
0,0.090644,0.18581,0.27775,0.36709,0.45285,0.52981,0.58444,0.62533,0.66412,0.69287,0.7185,0.74649,0.77552,0.80886,0.84723,0.89783,0.94185,0.96294,0.95196,0.9249
0,0.080808,0.16771,0.25518,0.34666,0.4446,0.53562,0.62023,0.70252,0.77302,0.83781,0.90331,0.96668,1.0209,1.0635,1.1,1.1261,1.1462,1.161,1.1694,1.1786
0,0.10342,0.2112,0.31648,0.41494,0.50888,0.59509,0.67877,0.76404,0.85085,0.93861,1.0211,1.0926,1.1545,1.2082,1.2573,1.3068,1.3472,1.379,1.3997,1.4054
0,0.11289,0.22827,0.3351,0.43622,0.53006,0.62975,0.73071,0.82057,0.91179,1.008,1.1033,1.1836,1.2525,1.3162,1.3757,1.4381,1.5063,1.555,1.5833,1.5932
0,0.073296,0.14657,0.21396,0.27126,0.31923,0.35646,0.37903,0.39016,0.39743,0.41146,0.42972,0.45068,0.47368,0.50674,0.55099,0.60718,0.66318,0.70812,0.72026,0.74345
0,0.10115,0.20435,0.29361,0.37026,0.44303,0.51125,0.56862,0.61178,0.65046,0.69273,0.73923,0.78298,0.82571,0.86474,0.9082,0.94888,0.98149,0.99727,0.98561,0.96303
0,0.080164,0.1691,0.26,0.34931,0.43743,0.51958,0.58921,0.65429,0.71858,0.78502,0.85497,0.92491,0.98595,1.038,1.0842,1.1193,1.1459,1.1659,1.1843,1.1978
0,0.10428,0.20506,0.30931,0.41412,0.50855,0.59844,0.67925,0.75191,0.82664,0.90867,0.99025,1.0653,1.1295,1.1877,1.2433,1.2941,1.3347,1.3646,1.3786,1.3783
0,0.097638,0.20053,0.30023,0.39105,0.47008,0.5429,0.62261,0.70756,0.80626,0.90136,0.98817,1.0598,1.1215,1.1805,1.2349,1.2834,1.3263,1.368,1.4235,1.474
0,0.080455,0.16958,0.26587,0.35587,0.43609,0.49284,0.53192,0.55566,0.57453,0.58631,0.60941,0.64024,0.67538,0.72283,0.78585,0.85358,0.91047,0.95895,0.97825,0.9638
0,0.077011,0.15143,0.22484,0.293,0.35837,0.41985,0.47215,0.51841,0.56778,0.61667,0.67168,0.72439,0.77437,0.82533,0.87085,0.9105,0.93884,0.94897,0.9385,0.91343
0,0.074897,0.16167,0.2474,0.32661,0.40597,0.48664,0.56323,0.64119,0.71942,0.79228,0.86148,0.9244,0.98033,1.0229,1.0557,1.0836,1.1071,1.1274,1.1424,1.1591
0,0.10507,0.21096,0.31143,0.42579,0.54933,0.67032,0.77824,0.87849,0.98021,1.0846,1.1788,1.254,1.313,1.3682,1.4193,1.468,1.5145,1.5602,1.5979,1.5998
0,0.1081,0.23286,0.35579,0.465,0.55662,0.65247,0.75391,0.85944,0.96267,1.0608,1.1518,1.2313,1.2952,1.3462,1.3884,1.4235,1.4623,1.5152,1.5864,1.6611
0,0.077597,0.16253,0.24131,0.31035,0.36976,0.41322,0.44192,0.46091,0.47856,0.49596,0.51752,0.54165,0.5703,0.59935,0.62464,0.65721,0.69786,0.73591,0.76504,0.80478
0,0.09885,0.19595,0.28093,0.35576,0.41933,0.47699,0.53925,0.61279,0.6974,0.79321,0.88659,0.97575,1.0538,1.1207,1.1764,1.227,1.2707,1.2977,1.3039,1.2921
0,0.08056,0.16686,0.25869,0.34789,0.43123,0.51542,0.60491,0.69425,0.78823,0.87984,0.96699,1.0394,1.1015,1.1582,1.2059,1.2408,1.2711,1.3024,1.3279,1.3383
0,0.11854,0.25119,0.39406,0.54373,0.69687,0.85401,0.99583,1.1073,1.1932,1.2667,1.3346,1.399,1.4518,1.4962,1.535,1.5738,1.6155,1.6557,1.7004,1.731
0,0.13011,0.28628,0.45722,0.64275,0.81614,0.94847,1.0525,1.1275,1.1953,1.2614,1.3348,1.4054,1.4653,1.5195,1.5804,1.6433,1.7153,1.7867,1.8436,1.875
0,0.089484,0.1778,0.25474,0.31632,0.3642,0.40035,0.43239,0.46175,0.48842,0.51761,0.55091,0.58346,0.6203,0.66059,0.69634,0.73453,0.76907,0.79481,0.80164,0.81169
0,0.085514,0.16816,0.24481,0.31556,0.37435,0.42843,0.48338,0.53781,0.59284,0.65342,0.71901,0.78661,0.85511,0.92149,0.98183,1.0372,1.0873,1.1176,1.1258,1.1314
0,0.085159,0.18425,0.28096,0.36499,0.42764,0.47684,0.52522,0.5849,0.65619,0.73306,0.80347,0.87212,0.93861,0.99838,1.0447,1.0878,1.1289,1.1614,1.1798,1.1933
0,0.12879,0.28283,0.44237,0.60276,0.75877,0.90585,1.0345,1.134,1.2048,1.2683,1.3287,1.3801,1.4285,1.4796,1.5279,1.5751,1.6236,1.6796,1.7311,1.758
0,0.15387,0.33103,0.50772,0.68365,0.85382,0.99504,1.1145,1.2049,1.2837,1.3692,1.4599,1.5432,1.6172,1.6841,1.7503,1.8178,1.8875,1.9604,2.0231,2.0531
0,0.071987,0.14763,0.22531,0.3001,0.359,0.40634,0.44331,0.46671,0.47807,0.49505,0.51441,0.53844,0.56019,0.58453,0.61513,0.65268,0.69571,0.72951,0.749,0.76846
0,0.069998,0.14752,0.22212,0.29086,0.35952,0.42663,0.48621,0.5367,0.58553,0.63952,0.70034,0.75783,0.81506,0.87542,0.92816,0.96736,0.99467,1.0195,1.0393,1.0518
0,0.084403,0.17985,0.27615,0.36938,0.45664,0.5353,0.60936,0.68729,0.76496,0.8472,0.92362,0.99495,1.0579,1.1174,1.1668,1.2066,1.2406,1.2712,1.299,1.3184
0,0.12061,0.25943,0.40532,0.56907,0.73512,0.89826,1.0373,1.1339,1.1999,1.2645,1.3282,1.3888,1.4423,1.494,1.5492,1.6022,1.6569,1.714,1.769,1.7922
0,0.18585,0.36057,0.4971,0.63157,0.78739,0.95177,1.0944,1.2073,1.3065,1.4136,1.5111,1.5988,1.6649,1.7242,1.7798,1.8364,1.9027,1.9817,2.0515,2.0709
0,0.070093,0.15139,0.22918,0.30093,0.36361,0.41634,0.4588,0.4912,0.51067,0.52789,0.54483,0.5653,0.58362,0.59992,0.62578,0.66288,0.69663,0.7198,0.72716,0.72972
0,0.074048,0.1602,0.24622,0.3328,0.4145,0.49341,0.56891,0.63463,0.69667,0.76765,0.8381,0.90595,0.96325,1.0066,1.0319,1.0481,1.0666,1.0935,1.1202,1.1264
0,0.091261,0.18764,0.28882,0.38796,0.47581,0.55173,0.62977,0.72099,0.81344,0.90582,0.99259,1.0707,1.135,1.1875,1.2323,1.2691,1.3048,1.3404,1.3672,1.3778
0,0.12292,0.26424,0.41197,0.56985,0.74135,0.91245,1.0637,1.1809,1.2687,1.3447,1.4173,1.4803,1.5374,1.5946,1.65,1.7131,1.788,1.8685,1.9329,1.9674
0,0.14622,0.30217,0.45106,0.58637,0.70739,0.82264,0.93984,1.0434,1.132,1.2108,1.281,1.344,1.39,1.4347,1.4798,1.5359,1.5958,1.6578,1.7021,1.7012
0,0.073762,0.15088,0.22463,0.29749,0.36746,0.43455,0.49279,0.52569,0.55181,0.58531,0.61872,0.65211,0.69321,0.73434,0.77212,0.80594,0.83451,0.85177,0.86118,0.88767
0,0.053507,0.11634,0.18611,0.25478,0.32325,0.3848,0.44085,0.49335,0.55001,0.61271,0.67623,0.73452,0.78578,0.83124,0.87119,0.90194,0.92343,0.94449,0.97032,0.99639
0,0.084142,0.17054,0.26326,0.35855,0.45208,0.54363,0.63691,0.7251,0.80705,0.88646,0.96351,1.0349,1.0972,1.15,1.1953,1.2359,1.2745,1.3099,1.3336,1.342
0,0.13464,0.29188,0.4399,0.59701,0.75957,0.92241,1.0671,1.1914,1.3112,1.4195,1.5131,1.5973,1.6728,1.7359,1.7941,1.8492,1.908,1.9761,2.0344,2.0608
0,0.17344,0.37297,0.53699,0.65544,0.75598,0.86317,0.98072,1.0878,1.1746,1.257,1.3278,1.3852,1.4278,1.4722,1.5204,1.5682,1.5992,1.6314,1.6577,1.6834
0,0.081742,0.17727,0.26792,0.34704,0.40285,0.43833,0.46395,0.48618,0.5082,0.53681,0.57017,0.5979,0.62484,0.65296,0.6885,0.73477,0.79255,0.85103,0.89513,0.90934
0,0.093363,0.1891,0.27405,0.34704,0.40862,0.46294,0.51685,0.57548,0.63498,0.70202,0.77091,0.8431,0.91197,0.97649,1.0397,1.1042,1.1663,1.208,1.2222,1.2054
0,0.090094,0.19118,0.28824,0.37628,0.45701,0.53114,0.59951,0.67518,0.75638,0.84799,0.93803,1.0178,1.0881,1.1455,1.1938,1.2375,1.2722,1.293,1.3075,1.3262
0,0.12349,0.2618,0.39901,0.53442,0.66017,0.7825,0.88759,0.97676,1.0631,1.1453,1.2245,1.2928,1.3542,1.4087,1.4526,1.4889,1.5243,1.5657,1.5963,1.5988
0,0.1323,0.27842,0.44506,0.61137,0.76732,0.90822,1.0298,1.117,1.1804,1.243,1.3062,1.3685,1.4272,1.4782,1.5362,1.6015,1.6643,1.7286,1.7795,1.8088
0,0.085132,0.17152,0.25639,0.3283,0.38542,0.42688,0.45156,0.47364,0.4988,0.5266,0.55745,0.58678,0.61855,0.65838,0.70482,0.75448,0.80375,0.8455,0.87015,0.88936
0,0.084949,0.17688,0.26283,0.34104,0.40785,0.46455,0.51343,0.55465,0.59527,0.64176,0.69186,0.74668,0.80856,0.86814,0.92531,0.98279,1.0369,1.0745,1.0891,1.0799
0,0.091854,0.19061,0.28434,0.36888,0.43813,0.49445,0.54721,0.60113,0.66194,0.73423,0.80929,0.87872,0.9401,0.99433,1.0453,1.0901,1.131,1.168,1.199,1.2191
0,0.11949,0.25255,0.39205,0.53005,0.66229,0.78657,0.89769,0.99924,1.0898,1.1713,1.2512,1.3299,1.3956,1.4548,1.5016,1.545,1.5918,1.6428,1.6833,1.686
0,0.13957,0.29382,0.46126,0.62566,0.77855,0.91294,1.0271,1.1202,1.192,1.2638,1.3401,1.4117,1.4776,1.5404,1.6005,1.6648,1.7339,1.8078,1.8772,1.9344
0,0.078738,0.16054,0.23543,0.2976,0.34745,0.38211,0.41109,0.43181,0.44635,0.46089,0.4833,0.50767,0.5357,0.56968,0.60773,0.65735,0.71383,0.77615,0.82186,0.84856
0,0.075385,0.15123,0.22645,0.29706,0.36503,0.42768,0.48236,0.52939,0.57372,0.62226,0.67239,0.72385,0.77079,0.81276,0.84601,0.875,0.90858,0.93948,0.95363,0.94822
0,0.090223,0.18843,0.28507,0.37614,0.46328,0.54199,0.61719,0.68709,0.75725,0.82733,0.8943,0.9581,1.0192,1.0754,1.1225,1.166,1.2049,1.2454,1.2823,1.3169
0,0.11909,0.23931,0.36497,0.49198,0.61907,0.73856,0.83707,0.92579,1.0066,1.0815,1.15,1.2122,1.2732,1.3282,1.374,1.4155,1.4554,1.4961,1.5294,1.5401
0,0.19923,0.40675,0.54908,0.65636,0.74869,0.84729,0.94265,1.0396,1.1412,1.2424,1.3337,1.4166,1.4829,1.5393,1.5985,1.651,1.7081,1.7762,1.8354,1.8608
0,0.073422,0.14743,0.21631,0.28138,0.33735,0.38407,0.41577,0.42971,0.43753,0.45184,0.4689,0.49101,0.51532,0.53992,0.5753,0.62125,0.67285,0.71654,0.75589,0.77403
0,0.070722,0.14919,0.22888,0.30658,0.37764,0.44394,0.50761,0.56632,0.61828,0.67294,0.7301,0.78659,0.84139,0.88918,0.9256,0.95895,0.98462,1.0076,1.0221,1.0135
0,0.09031,0.18995,0.29129,0.3825,0.46476,0.54042,0.61443,0.69126,0.77357,0.86099,0.9433,1.0138,1.0756,1.1249,1.1669,1.2064,1.2474,1.2868,1.3203,1.3459
0,0.11828,0.24726,0.38086,0.51659,0.63778,0.74869,0.84205,0.92598,1.0095,1.0903,1.1678,1.2433,1.3134,1.3796,1.4335,1.4721,1.5134,1.5665,1.6263,1.6838
0,0.1548,0.31051,0.45048,0.57518,0.6798,0.78757,0.90466,1.0161,1.1105,1.1894,1.2633,1.3361,1.3978,1.4486,1.501,1.5556,1.6144,1.6731,1.7092,1.7299
0,0.06854,0.15229,0.22718,0.29419,0.35409,0.4083,0.44979,0.48927,0.5252,0.56889,0.60501,0.63862,0.67515,0.71164,0.74426,0.77498,0.80234,0.82517,0.83162,0.82949
0,0.062175,0.12886,0.19173,0.25344,0.30966,0.3644,0.41985,0.48171,0.54547,0.61812,0.69146,0.75821,0.81568,0.86081,0.89356,0.91651,0.93577,0.95113,0.96504,0.97594
0,0.079115,0.16711,0.25733,0.34745,0.43263,0.5116,0.5899,0.66506,0.7416,0.82431,0.90433,0.97271,1.0346,1.0874,1.1307,1.1684,1.2102,1.2522,1.2916,1.3246
0,0.12413,0.27452,0.42584,0.56338,0.68815,0.81091,0.92462,1.0245,1.1234,1.2401,1.3385,1.4196,1.4924,1.5593,1.6191,1.6678,1.7186,1.7762,1.8309,1.8661
0,0.186,0.3754,0.53936,0.65665,0.75091,0.85068,0.95579,1.0596,1.1535,1.2331,1.3111,1.3825,1.4403,1.4866,1.53,1.5741,1.6218,1.6693,1.7049,1.7297
0,0.08378,0.17503,0.2668,0.35405,0.42404,0.47317,0.50198,0.51665,0.52673,0.54767,0.57396,0.6021,0.63533,0.67764,0.72504,0.78358,0.85165,0.91393,0.95743,0.97029
0,0.10903,0.22268,0.33202,0.43609,0.52984,0.6055,0.66454,0.71573,0.75876,0.81368,0.87235,0.92486,0.97022,1.0136,1.0625,1.1205,1.1746,1.2227,1.2459,1.2397
0,0.089547,0.19434,0.29394,0.38874,0.48211,0.57203,0.65818,0.75238,0.84907,0.94261,1.0322,1.1094,1.1746,1.2255,1.2664,1.2997,1.3236,1.3358,1.3468,1.3636
0,0.11397,0.23616,0.35516,0.47546,0.59497,0.71179,0.82468,0.93487,1.0388,1.1319,1.2146,1.2855,1.3459,1.3981,1.4505,1.4967,1.5402,1.582,1.6149,1.6227
0,0.14594,0.30724,0.46563,0.63395,0.79085,0.93107,1.0428,1.1265,1.1878,1.2509,1.3137,1.3752,1.4412,1.504,1.5638,1.6169,1.672,1.7291,1.7792,1.8231
0,0.075382,0.16372,0.2487,0.3226,0.38314,0.42708,0.46124,0.48968,0.51544,0.54623,0.57959,0.61521,0.65073,0.69035,0.7457,0.8235,0.88941,0.93938,0.96382,0.97217
0,0.084166,0.17589,0.26861,0.35353,0.43359,0.49711,0.54989,0.5963,0.63541,0.68025,0.7291,0.78159,0.8355,0.88353,0.93331,0.98197,1.0323,1.0688,1.094,1.0928
0,0.080471,0.1679,0.25791,0.33543,0.39639,0.44343,0.49402,0.55697,0.63404,0.71539,0.80163,0.88062,0.95072,1.0106,1.0569,1.0976,1.1348,1.1666,1.1912,1.204
0,0.10855,0.23009,0.35844,0.48548,0.60793,0.7292,0.84908,0.95458,1.0531,1.1402,1.2188,1.2906,1.3581,1.4212,1.4745,1.5265,1.575,1.6214,1.6578,1.6749
0,0.15095,0.32271,0.48648,0.64809,0.79972,0.95204,1.1002,1.2259,1.3238,1.415,1.5003,1.5746,1.6508,1.7308,1.8109,1.897,1.9882,2.0736,2.1335,2.1566
0,0.073963,0.15165,0.22871,0.29929,0.35578,0.39099,0.41651,0.43201,0.44146,0.45813,0.47857,0.50073,0.52398,0.55315,0.59719,0.66317,0.7517,0.83774,0.89187,0.90933
0,0.081739,0.17173,0.25615,0.33367,0.40451,0.46878,0.52166,0.56533,0.60627,0.64525,0.68252,0.72474,0.76988,0.81612,0.85595,0.89095,0.92654,0.95345,0.97421,0.99229
0,0.088644,0.18641,0.28575,0.37752,0.46268,0.53789,0.60603,0.67748,0.7511,0.82784,0.89763,0.96382,1.0287,1.0907,1.1419,1.1858,1.2235,1.253,1.2788,1.3057
0,0.10369,0.22091,0.34419,0.47021,0.59321,0.70755,0.81463,0.91133,1.0043,1.1036,1.1927,1.2655,1.3316,1.3905,1.4459,1.494,1.5404,1.5768,1.5946,1.5911
0,0.15035,0.30943,0.46095,0.59783,0.722,0.85973,0.97665,1.0502,1.1122,1.1768,1.2576,1.3502,1.4262,1.4883,1.5348,1.5846,1.6413,1.7031,1.7611,1.8039
0,0.082823,0.16825,0.24163,0.31001,0.36648,0.40593,0.43747,0.45653,0.46999,0.48787,0.5091,0.5285,0.5517,0.57936,0.61565,0.66837,0.74425,0.82888,0.88692,0.90082
0,0.080015,0.16445,0.24585,0.33155,0.415,0.49191,0.55703,0.61286,0.6606,0.71078,0.76066,0.8103,0.85559,0.89577,0.92965,0.96007,0.98811,1.015,1.0371,1.0329
0,0.093271,0.19571,0.30147,0.39657,0.48143,0.55158,0.61588,0.68494,0.76019,0.84236,0.92643,1.0062,1.0748,1.134,1.1895,1.2374,1.2733,1.305,1.33,1.3507
0,0.10114,0.21517,0.33819,0.46506,0.58156,0.6916,0.7942,0.89344,0.98245,1.0639,1.1402,1.2131,1.2788,1.3323,1.3806,1.4262,1.4735,1.5168,1.5479,1.5668
0,0.15346,0.32477,0.4781,0.60545,0.71361,0.8107,0.89241,0.96988,1.0441,1.1092,1.1831,1.257,1.3237,1.3884,1.4522,1.508,1.5694,1.624,1.6709,1.7218
0,0.074403,0.15622,0.23789,0.31255,0.37908,0.43577,0.48152,0.51994,0.55248,0.58442,0.61697,0.65066,0.6869,0.73083,0.77722,0.82311,0.86171,0.89055,0.9135,0.92823
0,0.062437,0.13355,0.20905,0.28556,0.35927,0.4317,0.49677,0.557,0.60819,0.65891,0.71604,0.77142,0.82334,0.86757,0.90391,0.93549,0.96476,0.98735,1.0094,1.0395
0,0.080304,0.1732,0.26355,0.35139,0.43116,0.50143,0.57347,0.65079,0.72859,0.80316,0.8792,0.94846,1.0088,1.0609,1.1074,1.1486,1.1889,1.2239,1.2507,1.2742
0,0.10256,0.2193,0.3374,0.45821,0.58288,0.70909,0.82809,0.94343,1.0501,1.1526,1.2466,1.3228,1.3781,1.4214,1.4555,1.4853,1.5203,1.5577,1.5905,1.6281
0,0.21117,0.45974,0.66013,0.76809,0.83327,0.9104,1.0171,1.1423,1.2519,1.348,1.4314,1.5149,1.5947,1.6648,1.721,1.7714,1.8252,1.8897,1.9546,2.0206
0,0.092094,0.18731,0.27687,0.35679,0.41623,0.46041,0.49163,0.51101,0.51835,0.52544,0.53415,0.54797,0.57141,0.60445,0.6458,0.70232,0.75381,0.80046,0.81659,0.85291
0,0.10506,0.21544,0.32398,0.41587,0.48662,0.54551,0.59447,0.64283,0.69721,0.75648,0.81783,0.8804,0.94617,1.012,1.0781,1.1512,1.2258,1.2969,1.3362,1.3399
0,0.095516,0.19366,0.29076,0.38483,0.47374,0.55901,0.64514,0.73425,0.8334,0.94294,1.0544,1.156,1.2353,1.298,1.3458,1.381,1.4107,1.4403,1.4699,1.5058
0,0.11852,0.24776,0.3848,0.51494,0.64704,0.77151,0.88464,0.98584,1.0843,1.1857,1.2798,1.3606,1.4356,1.5059,1.5635,1.6174,1.6673,1.7146,1.7535,1.7784
0,0.12514,0.26562,0.41255,0.56575,0.71764,0.85301,0.96533,1.0503,1.1286,1.2044,1.2773,1.345,1.4088,1.4665,1.519,1.5774,1.6394,1.696,1.7409,1.7784
0,0.097745,0.19809,0.299,0.38359,0.44316,0.48693,0.51616,0.53196,0.53454,0.5344,0.54425,0.5635,0.58564,0.61079,0.6464,0.69514,0.74648,0.79754,0.8281,0.86278
0,0.091179,0.19339,0.28554,0.36339,0.42459,0.46804,0.50533,0.5397,0.57657,0.6184,0.6697,0.73164,0.79176,0.85308,0.92397,0.99135,1.0555,1.1163,1.1491,1.1521
0,0.095976,0.19179,0.28523,0.36609,0.4272,0.47526,0.52091,0.57081,0.63506,0.7192,0.80861,0.89957,0.97782,1.0466,1.1043,1.1524,1.1988,1.2325,1.2518,1.2697
0,0.10261,0.21378,0.33478,0.45557,0.57376,0.68975,0.80144,0.90541,1.0028,1.0978,1.1906,1.2773,1.3546,1.4355,1.51,1.5796,1.6459,1.7068,1.7495,1.7647
0,0.14697,0.31447,0.4879,0.66336,0.84326,1.008,1.1442,1.2558,1.3536,1.4503,1.5432,1.6269,1.7035,1.773,1.8291,1.8908,1.9609,2.0271,2.0862,2.1182
0,0.08135,0.17157,0.25515,0.33045,0.39617,0.44544,0.48643,0.51458,0.52961,0.53855,0.54289,0.55,0.56137,0.57745,0.60399,0.64642,0.69473,0.73957,0.78087,0.85075
0,0.091059,0.18648,0.27601,0.35354,0.4177,0.47256,0.52276,0.57025,0.61978,0.67653,0.73702,0.79824,0.85842,0.91815,0.9783,1.0321,1.088,1.1266,1.1478,1.1571
0,0.093071,0.19284,0.28914,0.37285,0.44652,0.51687,0.58524,0.66111,0.74645,0.8413,0.93425,1.0224,1.0994,1.1644,1.2113,1.2451,1.2738,1.3,1.3294,1.3684
0,0.10836,0.22862,0.35516,0.48398,0.61258,0.72774,0.83313,0.93034,1.0249,1.1323,1.2386,1.3348,1.4169,1.4876,1.5527,1.6078,1.6522,1.6873,1.7047,1.7083
0,0.14815,0.31799,0.48836,0.66062,0.82149,0.96264,1.0897,1.1938,1.2879,1.3901,1.4858,1.5611,1.6278,1.6989,1.7643,1.8256,1.8915,1.9441,1.9884,2.0181
0,0.076024,0.16314,0.24596,0.32613,0.39642,0.44689,0.48012,0.50333,0.5155,0.52874,0.54414,0.55721,0.57805,0.59814,0.61964,0.65074,0.68923,0.72236,0.74926,0.81136
0,0.082868,0.17201,0.26286,0.34693,0.41818,0.47494,0.52519,0.57327,0.62149,0.6735,0.73125,0.79025,0.84894,0.90098,0.94906,0.99811,1.0408,1.0813,1.1053,1.1043
0,0.10433,0.215,0.32267,0.42104,0.49915,0.56947,0.63726,0.71575,0.81598,0.91594,1.0119,1.0953,1.1615,1.2194,1.2635,1.2944,1.3236,1.3554,1.3835,1.4035
0,0.10935,0.23052,0.35479,0.47506,0.58652,0.69238,0.79579,0.8947,0.98966,1.0886,1.1813,1.2655,1.3461,1.4164,1.4769,1.5345,1.5857,1.629,1.6591,1.6861
0,0.14806,0.30994,0.48054,0.63756,0.75966,0.87527,0.97955,1.0752,1.1751,1.2727,1.3521,1.4165,1.4681,1.5107,1.5518,1.5995,1.6494,1.7067,1.7665,1.8189
0,0.077675,0.16008,0.24245,0.32191,0.38982,0.44188,0.48859,0.52172,0.53929,0.56028,0.58118,0.60634,0.64352,0.68606,0.72862,0.76433,0.7995,0.82964,0.85416,0.90786
0,0.076541,0.15573,0.23369,0.3085,0.37818,0.44493,0.51157,0.57166,0.62738,0.69169,0.76467,0.8326,0.89182,0.94336,0.98685,1.0233,1.0518,1.0712,1.0833,1.1024
0,0.090846,0.1836,0.27005,0.351,0.42263,0.49023,0.56661,0.64896,0.74785,0.84078,0.9258,0.99755,1.0572,1.1085,1.1503,1.1801,1.2078,1.2363,1.263,1.276
0,0.1142,0.23511,0.34897,0.46498,0.58374,0.70923,0.83051,0.95398,1.074,1.1972,1.3112,1.4071,1.485,1.5481,1.596,1.6356,1.6816,1.7224,1.7671,1.8064
0,0.19262,0.41059,0.61816,0.78596,0.90971,1.0255,1.1403,1.2386,1.3391,1.4325,1.5187,1.5939,1.6642,1.7315,1.801,1.8653,1.9208,1.9761,2.0417,2.0901
0,0.078955,0.1651,0.25033,0.33521,0.40637,0.4557,0.48334,0.50327,0.52531,0.55081,0.57982,0.61446,0.64651,0.67886,0.71531,0.76554,0.82211,0.87814,0.91987,0.94133
0,0.10082,0.20435,0.31659,0.4116,0.48311,0.53705,0.58138,0.61173,0.64647,0.69314,0.74729,0.80811,0.87063,0.9368,1.0024,1.0727,1.1455,1.2051,1.2205,1.203
0,0.096521,0.19828,0.29921,0.39343,0.48211,0.56303,0.64468,0.72812,0.80884,0.89262,0.97776,1.0565,1.1205,1.1741,1.2146,1.2526,1.2827,1.3074,1.328,1.3448
0,0.11673,0.24343,0.37399,0.49336,0.6056,0.71052,0.81085,0.90796,1.001,1.0926,1.1802,1.2599,1.328,1.387,1.4385,1.4871,1.531,1.5742,1.6142,1.6341
0,0.12399,0.26207,0.40055,0.54932,0.6941,0.82819,0.95987,1.0671,1.1527,1.2317,1.3048,1.3689,1.4259,1.4763,1.5244,1.5718,1.6214,1.6619,1.6919,1.7112
0,0.070506,0.14703,0.21003,0.27112,0.33207,0.38275,0.42038,0.44742,0.47033,0.50397,0.53753,0.564,0.59134,0.62241,0.65446,0.6964,0.74722,0.79827,0.83544,0.87115
0,0.096905,0.19416,0.28697,0.37008,0.43743,0.49081,0.5333,0.56878,0.60968,0.65877,0.71535,0.77562,0.83657,0.89275,0.94574,0.9928,1.0462,1.0898,1.0987,1.0931
0,0.092506,0.1899,0.27477,0.34278,0.39587,0.44872,0.50097,0.56241,0.63136,0.71261,0.79249,0.8697,0.93936,1.0023,1.0548,1.0949,1.1308,1.1629,1.1963,1.2327
0,0.10535,0.21783,0.33344,0.44945,0.55684,0.65449,0.74944,0.84068,0.93302,1.0275,1.1196,1.2029,1.2789,1.3453,1.4015,1.4593,1.5125,1.5697,1.615,1.6316
0,0.13216,0.28528,0.44622,0.61143,0.77811,0.9255,1.0562,1.1615,1.2505,1.3366,1.4143,1.4847,1.5472,1.6038,1.6524,1.6972,1.7446,1.791,1.8328,1.8686
0,0.084368,0.17151,0.25261,0.33314,0.39034,0.42887,0.45385,0.47633,0.50114,0.52658,0.54406,0.5624,0.58611,0.61484,0.65397,0.70804,0.78698,0.85266,0.89316,0.9085
0,0.084996,0.16354,0.24331,0.32022,0.39478,0.46529,0.51817,0.56237,0.60488,0.65834,0.72026,0.78476,0.84932,0.91903,0.98734,1.042,1.0862,1.1154,1.1205,1.1099
0,0.092099,0.19484,0.2946,0.38606,0.47435,0.55901,0.63728,0.71131,0.78258,0.85156,0.93038,1.0089,1.0749,1.1332,1.1776,1.2108,1.2342,1.2541,1.2717,1.3105
0,0.10993,0.2304,0.35302,0.47257,0.58702,0.69711,0.80176,0.89493,0.98821,1.083,1.1761,1.2566,1.3242,1.3824,1.4363,1.486,1.528,1.5671,1.5963,1.5977
0,0.13278,0.26858,0.40941,0.54922,0.6908,0.8325,0.96431,1.0737,1.175,1.2648,1.3497,1.4179,1.4751,1.5261,1.5717,1.618,1.6642,1.7031,1.7436,1.7865
0,0.071109,0.15312,0.23477,0.30567,0.36039,0.41004,0.45179,0.48528,0.51163,0.53187,0.55643,0.58276,0.60931,0.63129,0.6526,0.68928,0.75034,0.80703,0.83933,0.84858
0,0.09169,0.19127,0.28385,0.37298,0.45369,0.52106,0.57742,0.628,0.67825,0.73781,0.80577,0.87912,0.94853,1.0069,1.0507,1.0846,1.116,1.1409,1.1582,1.1603
0,0.090186,0.19704,0.29355,0.37955,0.45683,0.53394,0.61006,0.68543,0.76895,0.85799,0.94549,1.0269,1.0962,1.1529,1.1987,1.2385,1.2692,1.2951,1.3231,1.3499
0,0.10579,0.22205,0.34507,0.46532,0.5746,0.67946,0.77284,0.86435,0.95435,1.039,1.1166,1.1886,1.2542,1.3121,1.3664,1.4214,1.4731,1.5232,1.5665,1.5959
0,0.1224,0.26971,0.42201,0.56296,0.68706,0.81731,0.94744,1.0752,1.1948,1.2988,1.3858,1.4534,1.5135,1.5638,1.6017,1.6362,1.6826,1.7472,1.8151,1.8893
0,0.07242,0.14734,0.21646,0.28455,0.34799,0.40173,0.44146,0.46933,0.49489,0.5316,0.5704,0.60935,0.64836,0.69347,0.73954,0.78415,0.82432,0.85761,0.88432,0.91221
0,0.076817,0.16025,0.23811,0.31003,0.37607,0.43963,0.50641,0.57046,0.63493,0.70198,0.77016,0.83187,0.88613,0.93736,0.98097,1.0147,1.0428,1.0634,1.0778,1.0946
0,0.078542,0.16336,0.24983,0.33795,0.42178,0.50327,0.58664,0.67432,0.75679,0.84407,0.92952,1.008,1.076,1.1327,1.1763,1.2132,1.246,1.2693,1.2935,1.3255
0,0.11038,0.23811,0.36754,0.48791,0.60371,0.72992,0.85041,0.96265,1.0644,1.1662,1.2643,1.3517,1.4229,1.4798,1.5228,1.5632,1.6033,1.6469,1.6904,1.7268
0,0.14911,0.33699,0.54014,0.72096,0.8571,0.9879,1.1116,1.2271,1.3318,1.4302,1.5216,1.5977,1.6599,1.7142,1.7616,1.8075,1.8679,1.9377,2.0053,2.0678
0,0.074032,0.1498,0.21944,0.285,0.34066,0.38839,0.42767,0.46449,0.50515,0.54496,0.57344,0.59267,0.60925,0.6275,0.65082,0.68464,0.72153,0.77419,0.80453,0.80892
0,0.087694,0.18363,0.27692,0.3504,0.41254,0.47277,0.5418,0.62529,0.72946,0.84016,0.9418,1.0282,1.1024,1.1622,1.2072,1.2376,1.2672,1.2907,1.3143,1.326
0,0.078601,0.16316,0.25176,0.34425,0.44388,0.55331,0.66214,0.77132,0.87393,0.96525,1.0416,1.1069,1.1606,1.2089,1.2413,1.2665,1.293,1.3096,1.3221,1.3328
0,0.1385,0.28486,0.43707,0.5972,0.74699,0.88336,1.0073,1.1203,1.2143,1.2902,1.352,1.4031,1.4504,1.4937,1.5388,1.5864,1.6401,1.7058,1.7624,1.7845
0,0.17148,0.35946,0.53956,0.69698,0.84512,0.98879,1.1107,1.2026,1.2751,1.3461,1.4186,1.4836,1.5407,1.5872,1.6326,1.6843,1.7411,1.8095,1.8746,1.8928
0,0.077764,0.15719,0.23011,0.29271,0.34206,0.3861,0.42826,0.47017,0.51505,0.55903,0.60471,0.64845,0.68428,0.71471,0.7458,0.77617,0.81524,0.85466,0.88931,0.88779
0,0.080656,0.17262,0.25234,0.31361,0.36503,0.4156,0.46741,0.52442,0.59005,0.66262,0.73282,0.80225,0.869,0.93276,0.98879,1.0323,1.0632,1.0854,1.0976,1.1047
0,0.082868,0.17755,0.27416,0.35942,0.43558,0.5114,0.59047,0.6809,0.78459,0.88763,0.96862,1.0296,1.0774,1.1173,1.1517,1.1776,1.204,1.2232,1.2375,1.2402
0,0.16069,0.3442,0.52347,0.68337,0.81711,0.93772,1.0529,1.1515,1.2339,1.3096,1.3823,1.4497,1.5078,1.5555,1.597,1.6423,1.6954,1.751,1.8172,1.8555
0,0.18216,0.38042,0.56221,0.70622,0.83461,0.96764,1.0892,1.1954,1.2912,1.3872,1.4746,1.5463,1.6006,1.643,1.6758,1.7003,1.7275,1.7809,1.8602,1.9085
0,0.06142,0.12619,0.18488,0.2383,0.2844,0.32396,0.35931,0.39936,0.44263,0.48368,0.52354,0.55243,0.5763,0.60245,0.62878,0.65639,0.69756,0.75277,0.7951,0.79596
0,0.077574,0.16658,0.24463,0.3138,0.36947,0.41669,0.46158,0.51067,0.56712,0.63439,0.70908,0.77633,0.8365,0.89032,0.94132,0.98579,1.0171,1.0406,1.0595,1.0751
0,0.10427,0.22172,0.34211,0.45887,0.56792,0.67053,0.7718,0.8705,0.96506,1.054,1.1331,1.2003,1.2582,1.3047,1.3411,1.3664,1.3875,1.4139,1.4463,1.4607
0,0.1429,0.30047,0.46147,0.61535,0.75861,0.88064,0.97792,1.0568,1.1265,1.2002,1.2684,1.325,1.368,1.4109,1.4575,1.5099,1.5698,1.6327,1.6969,1.7249
0,0.14622,0.29067,0.43725,0.58661,0.75826,0.92479,1.0606,1.1763,1.2798,1.3904,1.4973,1.5757,1.6277,1.6598,1.693,1.7344,1.7866,1.845,1.8834,1.8861
0,0.061366,0.1302,0.19204,0.25849,0.31097,0.3597,0.39832,0.43752,0.47639,0.51959,0.55336,0.58069,0.60283,0.62322,0.64338,0.66003,0.68201,0.71771,0.75014,0.74689
0,0.070629,0.15573,0.22925,0.29134,0.3535,0.42117,0.49635,0.58145,0.67477,0.76414,0.84662,0.91417,0.96455,1.0031,1.0281,1.0454,1.0573,1.0718,1.0824,1.1031
0,0.092926,0.19898,0.319,0.44077,0.55141,0.6627,0.78136,0.90032,1.0111,1.1151,1.1965,1.2649,1.3197,1.3664,1.4071,1.4434,1.4817,1.5252,1.5686,1.5756
0,0.16952,0.37385,0.57077,0.73309,0.85256,0.94877,1.0223,1.0882,1.1647,1.2457,1.3131,1.3782,1.4378,1.4937,1.5386,1.5787,1.6277,1.6886,1.7595,1.8141
0,0.13107,0.28573,0.432,0.55672,0.68954,0.83539,0.96507,1.0659,1.1439,1.214,1.2687,1.3014,1.3226,1.3442,1.376,1.4101,1.4541,1.4963,1.5235,1.5262
0,0.073211,0.16023,0.23034,0.29732,0.35478,0.40587,0.46207,0.51233,0.56518,0.61519,0.65906,0.6989,0.73084,0.75885,0.78918,0.81914,0.84539,0.87281,0.88933,0.89566
0,0.070123,0.15217,0.22481,0.28737,0.3363,0.38295,0.43684,0.5015,0.57583,0.65498,0.73169,0.79916,0.85345,0.89685,0.92587,0.9472,0.97354,1.0054,1.0342,1.0581
0,0.098197,0.21734,0.34389,0.46892,0.58525,0.69792,0.80888,0.90408,0.99193,1.0834,1.1649,1.2289,1.2785,1.3233,1.3601,1.3897,1.4225,1.46,1.4943,1.501
0,0.18362,0.38773,0.55679,0.70406,0.83309,0.95653,1.0621,1.1602,1.2696,1.3824,1.479,1.5531,1.61,1.6537,1.687,1.7245,1.7734,1.8241,1.8714,1.9148
0,0.18533,0.37101,0.50398,0.59987,0.69413,0.81793,0.95474,1.0756,1.1796,1.2718,1.3483,1.4046,1.4537,1.4936,1.5269,1.5697,1.6304,1.6927,1.738,1.7391
0,0.084219,0.17313,0.26043,0.34194,0.41061,0.46709,0.5127,0.54812,0.58165,0.61346,0.64358,0.66706,0.6899,0.71082,0.73192,0.76306,0.79941,0.83537,0.86318,0.86183
0,0.099101,0.1991,0.28839,0.36441,0.43724,0.50614,0.57845,0.66133,0.75804,0.86028,0.9539,1.0362,1.1055,1.1615,1.2125,1.2606,1.2967,1.3191,1.3333,1.3307
0,0.08917,0.1857,0.28023,0.37171,0.46059,0.55101,0.64732,0.75217,0.85937,0.96212,1.0526,1.1281,1.1879,1.2361,1.272,1.298,1.3168,1.3323,1.3507,1.367
0,0.15407,0.32144,0.48511,0.63618,0.77273,0.8952,1.0123,1.1136,1.2071,1.2927,1.3666,1.4246,1.4698,1.5031,1.5283,1.5561,1.5876,1.6262,1.6712,1.7003
0,0.18275,0.38455,0.58006,0.76513,0.93497,1.0955,1.2335,1.333,1.4007,1.463,1.5234,1.5783,1.6282,1.6733,1.7269,1.7917,1.868,1.95,1.9991,2.0003
0,0.08646,0.1775,0.25896,0.32798,0.37803,0.41216,0.43605,0.45695,0.49224,0.53242,0.5721,0.60844,0.64058,0.67073,0.70059,0.73183,0.76016,0.77749,0.80316,0.83587
0,0.09042,0.1879,0.27938,0.35962,0.43108,0.49436,0.54964,0.60477,0.65908,0.71452,0.77093,0.82649,0.87675,0.92338,0.96375,1.0081,1.0463,1.0775,1.1052,1.1135
0,0.089245,0.18922,0.28779,0.38517,0.46838,0.54575,0.62675,0.71477,0.81487,0.90986,0.98947,1.0522,1.1027,1.1439,1.1759,1.2007,1.222,1.2369,1.2518,1.267
0,0.13114,0.28136,0.43364,0.58839,0.72748,0.85856,0.9751,1.0739,1.1637,1.2505,1.3294,1.3982,1.456,1.5037,1.5453,1.5864,1.6274,1.672,1.7144,1.7189
0,0.169,0.35994,0.55303,0.74424,0.92482,1.0955,1.2324,1.3303,1.4006,1.4627,1.5206,1.5699,1.6164,1.6604,1.6997,1.7355,1.7845,1.8497,1.9115,1.94
0,0.077631,0.15894,0.24077,0.31277,0.37709,0.43348,0.48304,0.52826,0.56123,0.59224,0.62154,0.65003,0.67414,0.70123,0.73096,0.77717,0.83469,0.88826,0.9134,0.90209
0,0.08348,0.16976,0.24769,0.31998,0.39055,0.45756,0.52388,0.58696,0.65657,0.72395,0.78219,0.83492,0.88141,0.91926,0.95506,0.98731,1.006,1.0233,1.0407,1.0432
0,0.11476,0.24229,0.36897,0.48668,0.58474,0.67419,0.76704,0.86168,0.95851,1.0545,1.1412,1.2107,1.2689,1.3188,1.3609,1.3949,1.4243,1.4559,1.4829,1.492
0,0.16181,0.34256,0.52421,0.68158,0.81239,0.92788,1.0302,1.1169,1.1959,1.2665,1.3335,1.3966,1.4486,1.4914,1.5253,1.5602,1.599,1.6453,1.6858,1.7012
0,0.15283,0.33834,0.52017,0.69101,0.86975,1.0327,1.1637,1.2569,1.3358,1.4068,1.4691,1.5208,1.5648,1.6036,1.6461,1.7011,1.7643,1.8157,1.852,1.8704
0,0.071653,0.15403,0.23388,0.30753,0.3611,0.40594,0.44076,0.47253,0.50748,0.54496,0.57762,0.6063,0.63002,0.65518,0.6845,0.71728,0.75583,0.78845,0.8103,0.80536
0,0.083855,0.17613,0.26027,0.35027,0.44177,0.52981,0.60939,0.68381,0.75798,0.82724,0.89077,0.94475,0.98838,1.0204,1.0445,1.0621,1.073,1.0776,1.0822,1.0865
0,0.092715,0.19577,0.30517,0.41363,0.51567,0.6185,0.71653,0.82096,0.92427,1.0212,1.1076,1.183,1.2484,1.3061,1.3515,1.3873,1.4245,1.4628,1.4993,1.5048
0,0.1781,0.38217,0.56218,0.71156,0.82626,0.93856,1.0412,1.131,1.2211,1.3066,1.3864,1.4527,1.5049,1.5493,1.5825,1.6134,1.6505,1.6995,1.7536,1.7813
0,0.13517,0.29717,0.45794,0.61965,0.76382,0.89404,1.007,1.0941,1.1558,1.2031,1.2403,1.2732,1.2964,1.323,1.3584,1.4059,1.459,1.5035,1.5319,1.5171
0,0.071591,0.1473,0.21419,0.27586,0.33662,0.3947,0.4481,0.4955,0.54757,0.60086,0.64254,0.6817,0.71844,0.75096,0.77709,0.7942,0.80409,0.80587,0.80204,0.79587
0,0.066065,0.1396,0.20626,0.27007,0.33482,0.40369,0.47667,0.55125,0.63449,0.71203,0.7785,0.83714,0.88475,0.9243,0.95154,0.96831,0.98107,0.99202,1.0045,1.0143
0,0.10025,0.2179,0.33739,0.45664,0.56613,0.66546,0.76545,0.86297,0.95467,1.0467,1.1308,1.2027,1.2622,1.3127,1.3548,1.3918,1.4265,1.4685,1.5092,1.5079
0,0.18787,0.39297,0.58909,0.74641,0.88305,1.0172,1.1472,1.2635,1.3856,1.4904,1.5711,1.6343,1.6846,1.7261,1.7607,1.7968,1.8529,1.9146,1.96,1.9906
0,0.19196,0.3995,0.56602,0.69456,0.81521,0.92707,1.0323,1.1272,1.2041,1.2685,1.3317,1.3824,1.4294,1.4773,1.5252,1.5843,1.6341,1.6885,1.715,1.698
0,0.090547,0.19061,0.28737,0.36853,0.43006,0.48528,0.52881,0.56005,0.59075,0.62557,0.66234,0.69268,0.72172,0.75631,0.80046,0.85486,0.90502,0.95659,0.98532,0.98695
0,0.099129,0.20323,0.30001,0.38717,0.46907,0.54959,0.62595,0.69653,0.77353,0.8543,0.93591,1.0147,1.0829,1.1436,1.1964,1.2486,1.2976,1.3315,1.3594,1.389
0,0.086757,0.18357,0.27804,0.36681,0.45809,0.55682,0.66208,0.76952,0.87728,0.97183,1.0534,1.1225,1.1816,1.2299,1.265,1.2917,1.3148,1.3354,1.3588,1.3713
0,0.12611,0.27309,0.42811,0.58093,0.72854,0.8673,0.9937,1.1139,1.2257,1.3173,1.3951,1.4617,1.5153,1.5646,1.6094,1.6494,1.6907,1.738,1.7793,1.7855
0,0.18484,0.37993,0.56308,0.73493,0.87408,0.9916,1.1108,1.2105,1.3007,1.3911,1.4689,1.5398,1.6069,1.6682,1.7279,1.7961,1.8741,1.9527,2.0176,2.0477
0,0.080974,0.16793,0.25271,0.32672,0.38855,0.44283,0.4852,0.51672,0.55381,0.59673,0.63978,0.67609,0.7066,0.74049,0.7827,0.83148,0.87777,0.91707,0.96149,0.98646
0,0.087488,0.18517,0.27862,0.35988,0.43666,0.50389,0.55901,0.6074,0.65071,0.69771,0.74208,0.7878,0.83706,0.88454,0.93073,0.9766,1.0236,1.0658,1.0988,1.1241
0,0.092733,0.19196,0.28895,0.3766,0.45479,0.52926,0.60736,0.68818,0.78976,0.89416,0.98496,1.0544,1.1095,1.1577,1.1967,1.2276,1.256,1.2766,1.3,1.3053
0,0.12408,0.26917,0.4183,0.56952,0.70778,0.83961,0.95525,1.054,1.1516,1.2449,1.3337,1.4092,1.4757,1.5306,1.5804,1.63,1.6792,1.7305,1.773,1.7729
0,0.20007,0.41285,0.59547,0.75313,0.88185,0.98407,1.0711,1.1506,1.2342,1.3253,1.4164,1.5039,1.5838,1.6482,1.6962,1.7402,1.793,1.8664,1.96,2.0517
0,0.082078,0.17503,0.26446,0.34431,0.41144,0.46598,0.50253,0.53567,0.56326,0.59332,0.62608,0.65481,0.68306,0.71417,0.7531,0.81198,0.88911,0.96056,0.99212,0.96941
0,0.074359,0.15826,0.24103,0.31973,0.39833,0.47411,0.53859,0.5942,0.64904,0.70173,0.75979,0.81951,0.87969,0.93449,0.98334,1.0308,1.069,1.0893,1.107,1.115
0,0.11178,0.23057,0.34525,0.46282,0.57077,0.66823,0.76228,0.85215,0.94469,1.0358,1.1171,1.1908,1.2533,1.304,1.3422,1.3757,1.4074,1.4335,1.459,1.4709
0,0.13376,0.29249,0.45788,0.61233,0.75385,0.89033,1.0102,1.1147,1.2153,1.3068,1.3812,1.4429,1.4943,1.5405,1.5788,1.6175,1.662,1.7115,1.7489,1.763
0,0.21657,0.4361,0.58818,0.75493,0.93739,1.098,1.2044,1.2779,1.3344,1.3946,1.4716,1.5654,1.6471,1.71,1.7673,1.8218,1.8711,1.9219,1.9547,1.9833
0,0.079005,0.16878,0.25524,0.33299,0.3975,0.4478,0.48522,0.51985,0.55358,0.58942,0.62244,0.64904,0.67008,0.69459,0.72274,0.75753,0.808,0.85801,0.89235,0.89247
0,0.079766,0.16748,0.25106,0.33151,0.40868,0.48255,0.55536,0.62928,0.69875,0.76482,0.82405,0.87597,0.92433,0.96171,0.99188,1.0206,1.0443,1.0592,1.0741,1.0955
0,0.10133,0.21216,0.32583,0.4353,0.53494,0.63672,0.73827,0.84866,0.96408,1.0722,1.168,1.247,1.305,1.3552,1.3951,1.4292,1.4598,1.4917,1.5217,1.532
0,0.13507,0.30695,0.47251,0.62581,0.7556,0.87673,0.9895,1.0937,1.2034,1.2989,1.3848,1.4568,1.5127,1.5598,1.5935,1.6232,1.6601,1.7115,1.7603,1.7817
0,0.17348,0.3729,0.57137,0.74672,0.88729,1.0063,1.1012,1.1727,1.2293,1.2769,1.3252,1.3662,1.3994,1.4232,1.4553,1.5077,1.5656,1.5982,1.6209,1.6269
0,0.075047,0.15307,0.22616,0.29455,0.36097,0.42639,0.48761,0.54128,0.59487,0.64702,0.68983,0.7293,0.76348,0.78992,0.81065,0.8292,0.84982,0.86497,0.87551,0.88972
0,0.06935,0.14119,0.21015,0.27721,0.34036,0.40177,0.46568,0.53102,0.60084,0.67337,0.74546,0.81299,0.86825,0.91462,0.9491,0.9715,0.9858,0.99282,1.0155,1.0534
0,0.098451,0.21394,0.32738,0.43851,0.53938,0.64376,0.7502,0.85914,0.95951,1.0504,1.1288,1.194,1.2509,1.3011,1.3388,1.3636,1.3878,1.4167,1.4459,1.4491
0,0.14774,0.34116,0.5335,0.68859,0.82062,0.94845,1.0722,1.1889,1.3128,1.4174,1.5046,1.5654,1.6112,1.651,1.6867,1.7262,1.7664,1.8138,1.8659,1.887
0,0.19623,0.43038,0.63483,0.77447,0.91132,1.0541,1.1831,1.2721,1.3424,1.4069,1.4797,1.5481,1.6114,1.6766,1.732,1.7826,1.854,1.9229,1.9733,1.9926
0,0.087872,0.17536,0.25131,0.3162,0.37645,0.42151,0.45115,0.4716,0.49198,0.51174,0.53022,0.55036,0.57434,0.60844,0.64755,0.70767,0.78591,0.85785,0.90187,0.93645
0,0.11101,0.22378,0.32595,0.41387,0.49311,0.56883,0.64383,0.72377,0.80582,0.88124,0.95664,1.0302,1.0998,1.165,1.2238,1.2827,1.3432,1.3927,1.4303,1.4489
0,0.10149,0.20864,0.31729,0.41944,0.51741,0.61497,0.71206,0.81851,0.92926,1.034,1.1266,1.2098,1.283,1.341,1.3779,1.4058,1.4218,1.4401,1.4589,1.4942
0,0.13092,0.27085,0.40576,0.54745,0.68869,0.82735,0.95527,1.0708,1.1844,1.2875,1.3765,1.4562,1.5261,1.5849,1.64,1.6883,1.7393,1.7969,1.842,1.8621
0,0.18904,0.407,0.62263,0.81459,0.97636,1.1062,1.2192,1.3109,1.3911,1.4602,1.5181,1.5761,1.6277,1.6723,1.7137,1.7533,1.7972,1.8472,1.892,1.9116
0,0.096868,0.19172,0.27624,0.35001,0.40983,0.45704,0.49237,0.51431,0.54454,0.57533,0.59874,0.62243,0.65103,0.69199,0.75372,0.83698,0.91894,0.98837,1.0329,1.0343
0,0.094737,0.19664,0.28812,0.36012,0.42442,0.48759,0.55726,0.61954,0.67168,0.72254,0.77747,0.84249,0.91267,0.97896,1.0427,1.1126,1.1744,1.2167,1.2484,1.2613
0,0.11704,0.22635,0.3298,0.43061,0.52536,0.6259,0.73876,0.8546,0.96586,1.0717,1.1607,1.2302,1.2788,1.3145,1.3448,1.3744,1.4017,1.4257,1.4422,1.4757
0,0.14146,0.2951,0.44515,0.59114,0.73076,0.87449,1.0169,1.1404,1.252,1.361,1.458,1.5453,1.6208,1.6817,1.7342,1.7844,1.8307,1.8857,1.936,1.9525
0,0.17678,0.39566,0.61535,0.82543,1.0112,1.1635,1.2862,1.3801,1.4682,1.5458,1.6108,1.6695,1.7296,1.7862,1.8296,1.8667,1.9037,1.9504,2.0076,2.0584
0,0.081093,0.16549,0.23643,0.30398,0.36287,0.42087,0.4702,0.50846,0.53592,0.55681,0.57738,0.59081,0.60752,0.6322,0.66012,0.69897,0.7646,0.83747,0.90319,0.94417
0,0.087133,0.17695,0.26094,0.34186,0.41883,0.50422,0.58318,0.65548,0.7279,0.8014,0.87389,0.93839,1.0012,1.0557,1.1038,1.1458,1.1808,1.1985,1.2022,1.2077
0,0.10743,0.22211,0.33448,0.44765,0.55387,0.65665,0.75662,0.85806,0.96612,1.0688,1.1585,1.2402,1.3061,1.3581,1.3942,1.4182,1.4339,1.4388,1.4487,1.478
0,0.13245,0.29263,0.45825,0.62307,0.78216,0.93184,1.0681,1.1848,1.2844,1.3759,1.4583,1.5328,1.5942,1.648,1.6926,1.7284,1.7695,1.8216,1.8684,1.8776
0,0.19803,0.44325,0.66444,0.8439,1.0053,1.1385,1.2511,1.3264,1.4059,1.5002,1.5803,1.6413,1.6888,1.7315,1.7731,1.8272,1.8847,1.9439,1.9912,2.0174
0,0.076154,0.15543,0.22078,0.28372,0.33705,0.38908,0.43162,0.46671,0.49492,0.52036,0.54452,0.56355,0.58596,0.60703,0.63036,0.65723,0.68682,0.73731,0.79387,0.82402
0,0.094317,0.19782,0.29071,0.37723,0.45106,0.5199,0.58727,0.64795,0.71314,0.77947,0.84911,0.9163,0.97692,1.0277,1.0687,1.1073,1.1366,1.1559,1.1761,1.1893
0,0.099374,0.20073,0.30386,0.40717,0.50667,0.61616,0.73714,0.86116,0.98691,1.0964,1.1857,1.2562,1.317,1.3612,1.3867,1.3999,1.4162,1.4385,1.4574,1.4799
0,0.13658,0.29273,0.45973,0.61678,0.75358,0.88382,1.0129,1.1283,1.2464,1.3598,1.4635,1.5496,1.6266,1.6909,1.7411,1.7855,1.8343,1.8855,1.9395,1.9594
0,0.1997,0.42714,0.66324,0.85509,1.0115,1.1552,1.2745,1.367,1.4448,1.5074,1.5629,1.6044,1.635,1.6593,1.68,1.7148,1.7602,1.8075,1.8474,1.8624
0,0.093337,0.18999,0.27368,0.3477,0.39949,0.44437,0.47497,0.4998,0.5251,0.55313,0.58802,0.62999,0.67706,0.72231,0.76532,0.81506,0.86796,0.91232,0.93622,0.94112
0,0.080609,0.16322,0.23633,0.30218,0.36714,0.43191,0.49627,0.56791,0.64889,0.73614,0.81657,0.88532,0.93901,0.98545,1.0199,1.0408,1.0587,1.0703,1.0869,1.1124
0,0.090981,0.2,0.30177,0.40643,0.5214,0.64053,0.76449,0.88346,0.98879,1.0859,1.1721,1.2388,1.2931,1.3398,1.3718,1.3912,1.4074,1.4162,1.4304,1.4589
0,0.14171,0.31821,0.50044,0.66801,0.80167,0.91258,1.0085,1.1157,1.2407,1.367,1.4913,1.5984,1.6864,1.7615,1.8286,1.8948,1.9587,2.0112,2.0652,2.0937
0,0.23559,0.48531,0.69482,0.85181,1.0135,1.1743,1.3148,1.42,1.5082,1.5911,1.6657,1.7354,1.7926,1.8351,1.8748,1.916,1.9721,2.0289,2.0822,2.1044
0,0.08763,0.17876,0.27102,0.3597,0.43349,0.49749,0.55556,0.60588,0.6469,0.67966,0.70922,0.73763,0.76465,0.78834,0.81321,0.84487,0.88301,0.93831,0.98036,0.97282
0,0.11539,0.23324,0.33485,0.42432,0.50406,0.57852,0.6489,0.7147,0.78455,0.86597,0.94694,1.0344,1.1228,1.2083,1.2816,1.3433,1.3926,1.423,1.4427,1.4472
0,0.10188,0.21135,0.30851,0.39723,0.48563,0.57855,0.67215,0.76537,0.86538,0.96113,1.0472,1.1234,1.1813,1.2267,1.2596,1.2851,1.3025,1.3212,1.346,1.3643
0,0.12273,0.26319,0.41298,0.55979,0.70563,0.85268,0.98518,1.0973,1.2011,1.2907,1.3697,1.4408,1.504,1.5617,1.6128,1.6615,1.712,1.7673,1.8146,1.8323
0,0.15798,0.36056,0.57567,0.77357,0.94995,1.0989,1.2228,1.3209,1.4087,1.4943,1.5682,1.629,1.6842,1.7298,1.7698,1.8136,1.8521,1.8957,1.9385,1.9551
0,0.07273,0.15237,0.22391,0.28802,0.33939,0.39233,0.43701,0.47479,0.5139,0.55969,0.59795,0.62985,0.65713,0.68465,0.71699,0.7607,0.81466,0.86755,0.91769,0.9534
0,0.10732,0.21276,0.30286,0.38338,0.45531,0.52094,0.58396,0.63728,0.68497,0.73398,0.79059,0.85942,0.93976,1.0161,1.0879,1.158,1.2174,1.2628,1.2917,1.3046
0,0.090991,0.18355,0.26817,0.34441,0.41603,0.48557,0.55495,0.62534,0.71506,0.81811,0.91693,0.99973,1.0673,1.1218,1.1623,1.1905,1.2113,1.2321,1.2539,1.2692
0,0.12425,0.26539,0.41498,0.55732,0.68565,0.81252,0.93539,1.0478,1.1524,1.2596,1.3654,1.4584,1.5355,1.6011,1.6564,1.7127,1.764,1.8131,1.8549,1.8629
0,0.15019,0.33648,0.5318,0.73028,0.9194,1.0939,1.2462,1.358,1.4515,1.5456,1.6316,1.7034,1.7609,1.8096,1.8414,1.8737,1.9169,1.9711,2.0283,2.0774
0,0.072582,0.15466,0.23744,0.32046,0.39134,0.45084,0.49857,0.54095,0.57873,0.6143,0.64736,0.67563,0.7004,0.72501,0.75573,0.79782,0.86406,0.94302,0.98791,0.96938
0,0.089263,0.18243,0.27107,0.35183,0.4219,0.4838,0.54246,0.60454,0.68443,0.77636,0.87536,0.96729,1.0488,1.1165,1.1718,1.2186,1.2578,1.2786,1.2907,1.2987
0,0.10648,0.22459,0.33689,0.44416,0.54092,0.63665,0.72911,0.81952,0.91238,1.0059,1.097,1.1735,1.2362,1.2874,1.327,1.357,1.3882,1.4044,1.4212,1.4355
0,0.12259,0.2685,0.42776,0.58202,0.72804,0.87642,1.0143,1.1397,1.2539,1.3547,1.4359,1.5017,1.5545,1.5989,1.635,1.6712,1.712,1.7609,1.7966,1.8028
0,0.17608,0.39364,0.60805,0.80213,0.97278,1.1225,1.2597,1.3823,1.5126,1.6233,1.7109,1.7768,1.8241,1.8646,1.9009,1.9447,2.0018,2.052,2.0794,2.0858
0,0.067618,0.14391,0.2266,0.31417,0.38939,0.45163,0.50014,0.54788,0.59775,0.64029,0.67615,0.71093,0.74042,0.76444,0.78482,0.80483,0.83745,0.88954,0.9351,0.93522
0,0.086738,0.17967,0.26705,0.34079,0.4104,0.48244,0.55385,0.62159,0.69138,0.76949,0.84942,0.92633,0.99763,1.0623,1.104,1.1325,1.1511,1.1597,1.1647,1.1688
0,0.096719,0.20834,0.32224,0.4353,0.53615,0.63108,0.7294,0.83128,0.93901,1.0443,1.1367,1.2126,1.2763,1.3301,1.3697,1.4049,1.4315,1.4584,1.4946,1.5116
0,0.13522,0.30507,0.47873,0.63941,0.78164,0.91541,1.0415,1.1551,1.2679,1.3779,1.4768,1.555,1.6215,1.6765,1.7184,1.7518,1.7947,1.838,1.8633,1.8779
0,0.17642,0.40275,0.62273,0.81326,0.98053,1.1348,1.2739,1.3818,1.476,1.5577,1.6259,1.6736,1.7099,1.7472,1.7933,1.847,1.9093,1.9687,2.0041,2.0059
0,0.064749,0.12922,0.1926,0.25676,0.31635,0.37346,0.42751,0.47761,0.53515,0.58703,0.62932,0.66371,0.69566,0.72454,0.75459,0.79196,0.82613,0.85665,0.87038,0.88249
0,0.090916,0.18226,0.25729,0.32691,0.39525,0.46278,0.52987,0.59667,0.67505,0.75563,0.83073,0.89745,0.95528,1.0022,1.036,1.0649,1.0884,1.1015,1.1167,1.1344
0,0.092775,0.19813,0.30625,0.41039,0.51117,0.61463,0.71826,0.82203,0.92143,1.0064,1.084,1.1508,1.205,1.2512,1.2888,1.3167,1.3402,1.3631,1.393,1.4065
0,0.14089,0.31417,0.49161,0.65942,0.80337,0.92609,1.0375,1.1513,1.2768,1.3995,1.5052,1.5808,1.6393,1.687,1.7352,1.7905,1.8475,1.8904,1.9224,1.94
0,0.22418,0.4858,0.71729,0.88635,1.0277,1.1638,1.2883,1.3917,1.4888,1.5799,1.6596,1.7353,1.8045,1.865,1.9253,1.99,2.0587,2.1155,2.1523,2.1721
0,0.093144,0.18955,0.28061,0.35666,0.41987,0.46872,0.49959,0.51934,0.53518,0.54685,0.57388,0.60496,0.63512,0.67024,0.71808,0.76056,0.79616,0.81907,0.81648,0.85958
