0,0.080921,0.1573,0.23097,0.29893,0.35488,0.40138,0.43706,0.46402,0.48706,0.50815,0.53146,0.5659,0.6202,0.70571,0.80885,0.91152,0.99887,1.0668,1.1168,1.1316
0,0.089183,0.17482,0.24957,0.32071,0.38937,0.45001,0.49733,0.52544,0.54229,0.55286,0.55706,0.55983,0.56974,0.59792,0.64714,0.7247,0.81272,0.90111,0.9836,1.0504
0,0.1039,0.20133,0.29097,0.37159,0.44094,0.49642,0.5332,0.55762,0.57483,0.58557,0.59225,0.59667,0.59894,0.61015,0.62637,0.64688,0.67351,0.6906,0.68885,0.67736
0,0.07725,0.15013,0.22197,0.29408,0.36816,0.43089,0.47932,0.51343,0.53902,0.55775,0.5725,0.58417,0.59813,0.61397,0.63193,0.65387,0.67808,0.7012,0.71057,0.68662
0,0.056719,0.10485,0.15,0.18917,0.22343,0.25534,0.28389,0.30926,0.3348,0.3615,0.39099,0.42205,0.4592,0.50461,0.55693,0.62642,0.70621,0.80365,0.90206,0.97302
0,0.080257,0.15899,0.22646,0.28687,0.33912,0.38461,0.41962,0.44461,0.46457,0.48226,0.4975,0.51608,0.54799,0.60261,0.675,0.76467,0.86006,0.95978,1.0455,1.0889
0,0.1032,0.20929,0.3119,0.39845,0.46731,0.52546,0.56574,0.59261,0.60993,0.62065,0.62354,0.61824,0.61255,0.61967,0.63777,0.67509,0.7328,0.8015,0.87294,0.92229
0,0.091993,0.17786,0.26411,0.34155,0.40557,0.45999,0.49728,0.52577,0.54691,0.56117,0.56965,0.57486,0.58514,0.59821,0.61981,0.65094,0.68845,0.71466,0.72125,0.69522
0,0.081273,0.16115,0.23797,0.31712,0.38847,0.45012,0.49388,0.52517,0.54683,0.56159,0.56909,0.57233,0.57616,0.58013,0.58784,0.60371,0.61935,0.63067,0.6297,0.58497
0,0.059821,0.11075,0.1562,0.19622,0.2356,0.27261,0.29762,0.31545,0.33153,0.3453,0.3618,0.37951,0.39516,0.41223,0.43922,0.47627,0.51624,0.56827,0.64596,0.75552
0,0.074991,0.14683,0.21257,0.27619,0.33232,0.37997,0.41423,0.43966,0.46031,0.48029,0.49922,0.51701,0.54926,0.5939,0.66438,0.74693,0.83725,0.91844,0.9852,1.0352
0,0.092887,0.17881,0.25912,0.33546,0.40451,0.46578,0.512,0.5407,0.5595,0.57244,0.58289,0.59296,0.60363,0.61343,0.63613,0.67743,0.73614,0.80994,0.87603,0.89949
0,0.073069,0.14294,0.20773,0.26882,0.32293,0.36885,0.40213,0.42762,0.44983,0.46626,0.48108,0.49492,0.51013,0.5274,0.54459,0.56725,0.59348,0.6162,0.62195,0.60233
0,0.10647,0.20938,0.3071,0.39969,0.47265,0.52808,0.56897,0.59897,0.61778,0.62862,0.63326,0.63581,0.6412,0.64711,0.65235,0.65866,0.66404,0.66625,0.65544,0.63074
0,0.055293,0.10463,0.14898,0.1862,0.21686,0.2389,0.25364,0.26697,0.2827,0.30218,0.32349,0.34322,0.36452,0.39042,0.42853,0.46861,0.51215,0.56889,0.64871,0.73979
0,0.081716,0.15976,0.23562,0.30102,0.35976,0.41052,0.44821,0.47504,0.49677,0.51394,0.52805,0.54245,0.56095,0.58969,0.63899,0.71812,0.81104,0.89283,0.97755,1.0423
0,0.1021,0.19141,0.27276,0.35256,0.42359,0.48126,0.52097,0.54587,0.55971,0.56735,0.57405,0.57743,0.5786,0.58559,0.60404,0.64284,0.69844,0.75787,0.81076,0.83105
0,0.081912,0.1564,0.22577,0.29783,0.36148,0.41189,0.44916,0.47716,0.50025,0.51957,0.53606,0.54906,0.56114,0.57697,0.60113,0.62796,0.64859,0.6608,0.66598,0.65772
0,0.09328,0.18656,0.27892,0.37206,0.4622,0.53689,0.58763,0.62116,0.64403,0.66122,0.67786,0.69337,0.70918,0.72487,0.73886,0.75836,0.78408,0.80754,0.80001,0.7415
0,0.051382,0.098987,0.14198,0.17581,0.20004,0.22019,0.23539,0.24824,0.26008,0.27387,0.29276,0.31635,0.34571,0.39194,0.44801,0.51739,0.59616,0.6746,0.7368,0.81435
0,0.067252,0.1292,0.18849,0.24463,0.29631,0.3425,0.38181,0.41166,0.43954,0.46691,0.49321,0.5205,0.55431,0.59889,0.64971,0.71968,0.80841,0.90112,0.97018,1.0172
0,0.078766,0.15159,0.21506,0.27401,0.33255,0.38371,0.42331,0.44994,0.46699,0.47691,0.48116,0.48556,0.49098,0.49631,0.5163,0.56192,0.61911,0.68377,0.74945,0.83102
0,0.072155,0.13637,0.19618,0.24984,0.29781,0.34229,0.38109,0.41234,0.442,0.47035,0.49764,0.52941,0.56599,0.60268,0.63776,0.67168,0.69857,0.71661,0.71987,0.70183
0,0.096967,0.19763,0.29272,0.38336,0.46772,0.53711,0.58207,0.61194,0.63453,0.64846,0.65902,0.66697,0.67271,0.67906,0.68722,0.69798,0.71082,0.72385,0.71921,0.69155
0,0.059506,0.1115,0.15816,0.19543,0.23501,0.27224,0.30413,0.33357,0.36005,0.38385,0.41127,0.44398,0.47719,0.52046,0.57695,0.64255,0.71241,0.78811,0.88663,1.004
0,0.08285,0.15834,0.22531,0.28992,0.348,0.39409,0.42826,0.45051,0.46851,0.48887,0.5161,0.55276,0.6057,0.67839,0.7685,0.87343,0.97617,1.0562,1.1226,1.1427
0,0.099755,0.19561,0.28397,0.36429,0.43511,0.49772,0.54254,0.57308,0.59154,0.60125,0.60168,0.59761,0.59881,0.61176,0.65328,0.7454,0.86148,0.98355,1.0954,1.1778
0,0.10203,0.20146,0.29543,0.38302,0.46214,0.5228,0.5671,0.59659,0.61473,0.62234,0.62426,0.62305,0.62028,0.62543,0.64933,0.68897,0.73268,0.76871,0.78378,0.7927
0,0.084556,0.17,0.25327,0.33747,0.4156,0.48428,0.53698,0.57609,0.60644,0.62941,0.64547,0.65791,0.66798,0.67748,0.69112,0.71618,0.74626,0.77488,0.78972,0.77096
0,0.051944,0.095325,0.13449,0.16911,0.19916,0.22854,0.2529,0.27472,0.29641,0.3209,0.34968,0.38038,0.41175,0.44728,0.48772,0.53706,0.59611,0.67222,0.76728,0.88525
0,0.089415,0.16767,0.23922,0.30603,0.3686,0.42131,0.46085,0.48837,0.50778,0.52848,0.55637,0.59579,0.64527,0.72305,0.82286,0.93978,1.0634,1.1764,1.2793,1.2923
0,0.10756,0.21654,0.31603,0.40268,0.46738,0.51838,0.55349,0.5752,0.58922,0.59501,0.5979,0.60302,0.60878,0.62148,0.65864,0.7361,0.84371,0.94278,1.0371,1.0746
0,0.098909,0.19795,0.29488,0.3847,0.45954,0.51794,0.55676,0.58118,0.5965,0.60403,0.60633,0.61072,0.61823,0.63686,0.67516,0.72788,0.78529,0.83234,0.84331,0.82176
0,0.086584,0.17199,0.25756,0.34007,0.41183,0.471,0.51482,0.5453,0.56721,0.58114,0.59043,0.59758,0.6053,0.61718,0.63187,0.65817,0.68822,0.71482,0.71863,0.67374
0,0.052483,0.10034,0.14245,0.1779,0.21166,0.24237,0.26847,0.29011,0.31178,0.33184,0.3531,0.37882,0.40573,0.43889,0.48277,0.53448,0.5951,0.64989,0.7159,0.80031
0,0.077687,0.15467,0.23095,0.30312,0.36679,0.41783,0.45715,0.4857,0.50764,0.52787,0.54956,0.57491,0.60954,0.66715,0.74058,0.8346,0.92477,1.0146,1.0969,1.1302
0,0.092844,0.183,0.26318,0.3338,0.39602,0.44844,0.48519,0.51072,0.52848,0.54022,0.5487,0.55701,0.56895,0.58699,0.62844,0.7041,0.80464,0.91614,1.0017,1.0364
0,0.083674,0.16156,0.23677,0.30412,0.36633,0.41622,0.44902,0.46888,0.48158,0.48954,0.49691,0.50576,0.51642,0.53526,0.56257,0.60118,0.64459,0.67945,0.69846,0.68983
0,0.10505,0.20324,0.29624,0.37871,0.4489,0.5105,0.55767,0.59351,0.6223,0.64632,0.66416,0.67452,0.68528,0.6983,0.70792,0.71755,0.72816,0.73704,0.72725,0.68346
0,0.047212,0.081028,0.11122,0.13984,0.17237,0.20199,0.22518,0.24431,0.26331,0.28366,0.30331,0.32505,0.35322,0.39225,0.44432,0.4983,0.56104,0.6272,0.70136,0.759
0,0.081648,0.15769,0.23083,0.2995,0.35966,0.41081,0.45124,0.47982,0.49836,0.50992,0.51769,0.52837,0.5433,0.57416,0.63866,0.72829,0.82991,0.93184,1.0143,1.0383
0,0.090516,0.18063,0.27097,0.35155,0.42182,0.48169,0.52356,0.55001,0.56788,0.58159,0.59269,0.60015,0.60717,0.61539,0.64126,0.69497,0.77086,0.86267,0.93443,0.97089
0,0.078418,0.15774,0.23006,0.29748,0.35922,0.41434,0.45383,0.4778,0.49509,0.50873,0.52306,0.54113,0.56517,0.59953,0.64414,0.69172,0.73017,0.75748,0.76346,0.72893
0,0.11115,0.21899,0.32235,0.41502,0.49727,0.57101,0.62629,0.66507,0.69498,0.72037,0.74301,0.76268,0.78519,0.81024,0.84104,0.87355,0.90739,0.93117,0.92911,0.87187
0,0.057746,0.10724,0.1498,0.19167,0.22345,0.24879,0.26659,0.28148,0.29583,0.31233,0.3341,0.36359,0.39918,0.44401,0.49733,0.5678,0.64805,0.70754,0.75189,0.80592
0,0.070571,0.14247,0.21023,0.26729,0.31853,0.36482,0.40088,0.42612,0.44776,0.46827,0.48748,0.50951,0.53427,0.57115,0.63092,0.72664,0.82961,0.9318,1.0203,1.044
0,0.08171,0.16087,0.23835,0.30651,0.36136,0.40705,0.43961,0.4632,0.48304,0.49853,0.50853,0.51566,0.5262,0.54542,0.57521,0.63196,0.71495,0.81393,0.90085,0.97953
0,0.089245,0.17578,0.25429,0.32297,0.37922,0.42633,0.46485,0.49627,0.5226,0.54683,0.57084,0.59684,0.62442,0.65409,0.68651,0.72057,0.74993,0.76737,0.7714,0.7513
0,0.10472,0.20968,0.3084,0.4037,0.49683,0.57476,0.62791,0.66528,0.69348,0.70971,0.72023,0.72812,0.73819,0.75093,0.76501,0.78212,0.7988,0.81007,0.79859,0.74231
0,0.057433,0.11023,0.15846,0.20076,0.24032,0.27201,0.29897,0.32246,0.34703,0.37322,0.40141,0.43097,0.46081,0.49801,0.5427,0.60883,0.6835,0.76893,0.89155,1.0199
0,0.082994,0.16382,0.23971,0.30552,0.36013,0.40021,0.42996,0.45252,0.46953,0.48425,0.50027,0.52003,0.548,0.59419,0.68197,0.82765,0.97469,1.0777,1.1452,1.1853
0,0.093303,0.18078,0.26889,0.36069,0.45039,0.52662,0.58227,0.61737,0.63991,0.65349,0.66169,0.66429,0.6701,0.68917,0.74235,0.84808,0.97503,1.1057,1.219,1.273
0,0.11662,0.22951,0.33561,0.42914,0.51149,0.58351,0.63846,0.67672,0.70182,0.71718,0.72388,0.72564,0.73313,0.74962,0.78324,0.83796,0.9025,0.96612,1.0138,1.0432
0,0.094304,0.18757,0.26797,0.3353,0.39221,0.43876,0.4759,0.50435,0.52503,0.54017,0.55223,0.56313,0.57386,0.58722,0.60312,0.62316,0.64363,0.65834,0.65689,0.62607
0,0.054908,0.10792,0.15446,0.19364,0.22682,0.25543,0.2796,0.29712,0.31447,0.33236,0.35229,0.36913,0.38859,0.41339,0.44391,0.48517,0.53406,0.60505,0.72365,0.86944
0,0.087511,0.16782,0.24601,0.32,0.38227,0.43121,0.4687,0.49636,0.51797,0.53322,0.54395,0.54879,0.56399,0.60358,0.68599,0.81817,0.95998,1.0701,1.1462,1.1671
0,0.095835,0.19132,0.27891,0.36308,0.43921,0.49764,0.53667,0.56143,0.57666,0.58398,0.58554,0.58796,0.59414,0.61191,0.65624,0.73996,0.8631,0.97829,1.0859,1.1267
0,0.10378,0.21346,0.32083,0.41268,0.49201,0.55856,0.6079,0.64019,0.66231,0.67512,0.68532,0.69933,0.72509,0.7649,0.81969,0.89496,0.98247,1.0614,1.1136,1.074
0,0.11204,0.2219,0.32335,0.41943,0.49118,0.53993,0.57281,0.60064,0.62484,0.64508,0.66274,0.67847,0.69451,0.71356,0.73043,0.74856,0.7636,0.76171,0.7415,0.69286
0,0.054188,0.10234,0.14784,0.18956,0.22796,0.26306,0.29266,0.31562,0.33293,0.34788,0.3641,0.38474,0.41006,0.4396,0.47382,0.52111,0.58034,0.64996,0.74257,0.83376
0,0.08077,0.15782,0.23165,0.29733,0.35502,0.39953,0.43368,0.46283,0.48834,0.50653,0.5165,0.52528,0.53674,0.56196,0.60628,0.67978,0.7901,0.91898,1.028,1.0806
0,0.095077,0.18888,0.27603,0.36108,0.43707,0.50131,0.55032,0.5793,0.59773,0.60946,0.61922,0.62738,0.63706,0.65739,0.70792,0.80218,0.91649,1.0309,1.1403,1.1702
0,0.10105,0.19698,0.2859,0.36843,0.44162,0.50403,0.54905,0.57578,0.59127,0.59863,0.60352,0.60763,0.61942,0.64088,0.68261,0.7357,0.80081,0.85878,0.89462,0.89021
0,0.09882,0.1931,0.27608,0.3603,0.43528,0.49407,0.54138,0.57818,0.60666,0.62922,0.64952,0.66908,0.69541,0.72654,0.75792,0.78968,0.81823,0.83635,0.83309,0.79361
0,0.051778,0.099734,0.14553,0.1898,0.22833,0.26585,0.29367,0.31451,0.33018,0.34456,0.36077,0.3783,0.40294,0.433,0.47129,0.52599,0.58928,0.65996,0.72618,0.80211
0,0.090885,0.17587,0.25561,0.32583,0.38094,0.42303,0.45059,0.46959,0.48169,0.48997,0.4948,0.49788,0.50303,0.52458,0.58502,0.68413,0.80298,0.90473,0.97815,1.0072
0,0.087554,0.16985,0.25487,0.33538,0.40998,0.47954,0.53124,0.56292,0.58351,0.59846,0.60622,0.61331,0.6228,0.64304,0.67843,0.73933,0.81979,0.90863,1.0031,1.0381
0,0.081414,0.16426,0.24177,0.31832,0.39205,0.45465,0.49935,0.53057,0.55235,0.56897,0.58292,0.59631,0.61826,0.65385,0.706,0.77196,0.84346,0.8979,0.91756,0.86741
0,0.09622,0.1838,0.26305,0.34334,0.42418,0.49404,0.54284,0.57261,0.59497,0.61398,0.63143,0.65272,0.67811,0.70298,0.73119,0.75938,0.78116,0.79276,0.78592,0.75819
0,0.059891,0.11343,0.16139,0.1997,0.22627,0.25412,0.27801,0.29769,0.31419,0.33153,0.34884,0.36533,0.38797,0.41912,0.45763,0.52509,0.60351,0.67148,0.74091,0.82507
0,0.066987,0.12746,0.18303,0.23134,0.26986,0.29956,0.32427,0.34225,0.35816,0.37229,0.38997,0.41706,0.45853,0.51951,0.60047,0.69966,0.79516,0.8717,0.93425,0.96007
0,0.074571,0.14557,0.21423,0.28019,0.34275,0.40041,0.44394,0.47387,0.49655,0.51375,0.52413,0.53331,0.54807,0.57162,0.60812,0.67492,0.76566,0.87404,0.98218,1.0444
0,0.094062,0.17955,0.25757,0.32496,0.37931,0.42538,0.46135,0.48854,0.50985,0.52905,0.55015,0.57102,0.59603,0.62716,0.66375,0.70796,0.75019,0.78275,0.79858,0.78259
0,0.095953,0.18555,0.26791,0.34765,0.41641,0.47731,0.52558,0.5605,0.58415,0.60304,0.62122,0.64468,0.6701,0.69798,0.73006,0.76105,0.7809,0.78844,0.77535,0.73601
0,0.072804,0.14334,0.20571,0.26136,0.30746,0.34555,0.37566,0.39907,0.41962,0.43937,0.45778,0.47078,0.48243,0.49486,0.51998,0.56182,0.6149,0.67354,0.75776,0.90614
0,0.11016,0.20499,0.28675,0.34937,0.39485,0.42937,0.45683,0.48096,0.50314,0.52308,0.54922,0.58225,0.62303,0.68958,0.7934,0.92672,1.0788,1.2273,1.3408,1.3996
0,0.10889,0.21255,0.31159,0.40252,0.48409,0.55387,0.61333,0.65956,0.69243,0.70847,0.71408,0.7224,0.7446,0.77674,0.83112,0.89633,0.96301,1.0281,1.0973,1.1732
0,0.10268,0.20609,0.31124,0.41625,0.50963,0.59405,0.65581,0.69616,0.71716,0.72343,0.72022,0.71309,0.7054,0.71226,0.7514,0.82931,0.94123,1.0462,1.1008,1.0672
0,0.083573,0.16156,0.24291,0.3277,0.41289,0.49134,0.55366,0.59312,0.62238,0.64904,0.67465,0.69838,0.72548,0.76005,0.80006,0.84126,0.88063,0.91064,0.93944,0.95262
0,0.056779,0.11006,0.16092,0.20267,0.23774,0.26466,0.28826,0.30736,0.32477,0.34093,0.35784,0.3778,0.39889,0.4214,0.44773,0.49254,0.55614,0.62568,0.72294,0.8227
0,0.10832,0.20874,0.2992,0.37393,0.43319,0.47861,0.50971,0.52902,0.53909,0.54168,0.54744,0.5585,0.57693,0.61317,0.68714,0.80982,0.96462,1.125,1.2592,1.3086
0,0.11792,0.23244,0.33745,0.42818,0.50118,0.55915,0.59971,0.62615,0.64631,0.66404,0.67924,0.69065,0.70794,0.7321,0.7756,0.86232,0.96551,1.0517,1.1186,1.1433
0,0.10402,0.20717,0.31191,0.40775,0.48559,0.55023,0.59722,0.62751,0.64376,0.6468,0.64322,0.63639,0.64198,0.67377,0.72751,0.81464,0.92427,1.0592,1.163,1.1101
0,0.10364,0.20051,0.28975,0.37423,0.45199,0.51802,0.57108,0.61038,0.64373,0.67695,0.7116,0.74764,0.78866,0.83559,0.89029,0.94355,0.98533,1.0122,1.0164,0.98349
0,0.062745,0.1242,0.18583,0.23387,0.27686,0.31206,0.33852,0.35823,0.37535,0.39132,0.4054,0.41581,0.42363,0.43497,0.45314,0.48909,0.54413,0.61396,0.68817,0.79543
0,0.10541,0.2002,0.28461,0.35929,0.41763,0.46996,0.50671,0.5352,0.55432,0.56115,0.56322,0.56498,0.57681,0.61035,0.68049,0.79262,0.93247,1.0703,1.1858,1.1966
0,0.097534,0.19075,0.2819,0.37368,0.4545,0.51826,0.56491,0.6001,0.62493,0.64205,0.65748,0.67567,0.69476,0.72747,0.77818,0.85026,0.92981,0.99429,1.0579,1.0767
0,0.094549,0.19467,0.29549,0.3859,0.46671,0.53262,0.57535,0.59794,0.60822,0.60888,0.60574,0.60762,0.62659,0.67321,0.74082,0.83891,0.94515,1.0425,1.0965,1.0768
0,0.10156,0.20303,0.3092,0.4126,0.51101,0.59999,0.6737,0.72996,0.77225,0.81256,0.85081,0.89156,0.93379,0.97705,1.0168,1.0504,1.0734,1.0758,1.055,1.0052
0,0.062708,0.11827,0.16614,0.20819,0.24565,0.27321,0.29144,0.30717,0.32444,0.34372,0.36729,0.39296,0.42393,0.45601,0.48934,0.53786,0.59146,0.63992,0.70199,0.77931
0,0.089904,0.17743,0.25679,0.3279,0.38664,0.43436,0.47026,0.49491,0.51076,0.51865,0.52125,0.5187,0.51908,0.53275,0.58339,0.69388,0.82303,0.94754,1.0556,1.1011
0,0.097247,0.19381,0.28558,0.3669,0.43812,0.4949,0.53231,0.55634,0.5643,0.56137,0.55556,0.55475,0.56748,0.60047,0.66601,0.75904,0.84637,0.94119,1.0267,1.0458
0,0.0846,0.1659,0.24662,0.32823,0.39839,0.45833,0.49881,0.52297,0.53748,0.54715,0.55648,0.57222,0.60007,0.65019,0.72917,0.83572,0.94691,1.0349,1.0809,1.0434
0,0.10953,0.20942,0.29885,0.38095,0.46323,0.53898,0.59727,0.63393,0.66294,0.68787,0.70983,0.73031,0.75013,0.77412,0.8047,0.84152,0.88297,0.91605,0.92929,0.90092
0,0.056341,0.11192,0.16634,0.2132,0.25445,0.28813,0.31636,0.33875,0.35324,0.36395,0.37399,0.38181,0.39324,0.41748,0.45553,0.50582,0.58355,0.65371,0.70992,0.77207
0,0.089094,0.17033,0.24162,0.30408,0.35485,0.39491,0.42431,0.44858,0.46865,0.48401,0.5018,0.52666,0.55944,0.60406,0.68097,0.7975,0.91769,1.03,1.1214,1.138
0,0.085159,0.16464,0.2368,0.29637,0.34732,0.38638,0.4169,0.44187,0.4607,0.47482,0.48884,0.50485,0.52708,0.56992,0.63658,0.71982,0.78524,0.85532,0.93207,0.94439
0,0.088927,0.1731,0.25189,0.32448,0.38758,0.44032,0.47968,0.51301,0.54539,0.57957,0.61549,0.65287,0.69475,0.73937,0.79263,0.85272,0.90891,0.94831,0.96727,0.95654
0,0.11036,0.21359,0.31278,0.40847,0.50222,0.58655,0.64751,0.68698,0.71575,0.73937,0.76111,0.78599,0.81319,0.84447,0.88137,0.92219,0.95624,0.9767,0.98255,0.94392
0,0.064194,0.12189,0.16967,0.21384,0.25453,0.29037,0.32134,0.34505,0.36884,0.39447,0.42217,0.45289,0.48478,0.52201,0.57395,0.64639,0.73142,0.83365,0.95965,1.0961
0,0.089969,0.17746,0.26023,0.32709,0.37558,0.4132,0.44511,0.4706,0.49301,0.51345,0.53874,0.56771,0.60334,0.6521,0.71944,0.82267,0.94991,1.0638,1.1455,1.1848
0,0.11506,0.22056,0.3163,0.40835,0.49183,0.56017,0.611,0.64437,0.664,0.67307,0.6708,0.66463,0.66526,0.68959,0.75309,0.86964,1.0272,1.1716,1.2871,1.3261
0,0.10202,0.1993,0.29293,0.38271,0.4653,0.53948,0.59546,0.63423,0.66208,0.68203,0.69771,0.7095,0.72045,0.73932,0.7845,0.86745,0.96068,1.0548,1.1338,1.1633
0,0.098609,0.19788,0.2937,0.38568,0.47239,0.55065,0.6115,0.65293,0.68472,0.71039,0.73111,0.75009,0.77279,0.80344,0.84545,0.89769,0.95071,0.99931,1.0416,1.0567
0,0.050282,0.094881,0.13399,0.17212,0.20736,0.23892,0.26602,0.2881,0.30978,0.3308,0.35501,0.38415,0.42253,0.46275,0.50648,0.5554,0.61243,0.69115,0.78545,0.89842
0,0.09275,0.18158,0.26352,0.33483,0.39072,0.42841,0.45484,0.4737,0.4855,0.49341,0.50219,0.51432,0.5418,0.59074,0.67433,0.78454,0.9165,1.037,1.1244,1.1403
0,0.098898,0.19678,0.28438,0.36633,0.43314,0.48625,0.52204,0.54679,0.56409,0.57875,0.58738,0.59516,0.61212,0.6481,0.71035,0.81679,0.94754,1.0645,1.1706,1.177
0,0.098106,0.19025,0.27717,0.36477,0.44656,0.51387,0.56069,0.59037,0.60861,0.61857,0.62371,0.62889,0.64291,0.67629,0.73315,0.8243,0.94175,1.0534,1.1372,1.1323
0,0.091805,0.18897,0.28605,0.3795,0.46813,0.54766,0.60634,0.64764,0.67856,0.70048,0.71698,0.73449,0.75979,0.79838,0.85474,0.91783,0.98047,1.0259,1.0407,0.98491
0,0.055094,0.10368,0.1465,0.1875,0.22666,0.26665,0.30335,0.33254,0.35937,0.38925,0.42591,0.46405,0.50225,0.54435,0.59376,0.65422,0.71519,0.78719,0.8737,0.96499
0,0.076971,0.15231,0.22465,0.28857,0.34273,0.38485,0.41821,0.44669,0.47025,0.4896,0.51236,0.54529,0.58578,0.63441,0.69269,0.75459,0.81039,0.85337,0.89397,0.92016
0,0.11232,0.21716,0.31107,0.39142,0.46238,0.52089,0.56551,0.5935,0.6091,0.61651,0.61844,0.61926,0.6247,0.64717,0.69883,0.79689,0.93498,1.0863,1.2093,1.2168
0,0.09184,0.18392,0.27573,0.35681,0.43191,0.4935,0.537,0.56559,0.5863,0.5999,0.61041,0.62275,0.63859,0.66347,0.70726,0.78186,0.86765,0.94876,1.0125,1.0409
0,0.099845,0.19853,0.29754,0.38525,0.46504,0.539,0.59742,0.64482,0.68565,0.72438,0.76124,0.7976,0.83248,0.86558,0.89626,0.92421,0.94835,0.95881,0.95079,0.90132
0,0.050351,0.097829,0.1443,0.18588,0.22462,0.26207,0.29296,0.31655,0.33804,0.36318,0.39322,0.42316,0.45688,0.49578,0.53796,0.58301,0.63579,0.69183,0.75923,0.81626
0,0.071055,0.1394,0.20212,0.25657,0.30417,0.34294,0.37412,0.39951,0.41738,0.42798,0.44131,0.46227,0.50089,0.56155,0.63244,0.70019,0.75205,0.79466,0.83889,0.85872
0,0.09183,0.1779,0.25867,0.33246,0.39909,0.45696,0.50061,0.52983,0.54811,0.56253,0.57845,0.60034,0.62775,0.67145,0.73481,0.81025,0.90364,1.0138,1.1095,1.1127
0,0.082153,0.15959,0.23585,0.31384,0.38526,0.44436,0.48443,0.5095,0.52971,0.54838,0.57111,0.60416,0.64749,0.70796,0.78555,0.87439,0.96319,1.037,1.0711,1.0381
0,0.11612,0.22901,0.33416,0.43129,0.52593,0.60964,0.6715,0.71224,0.74289,0.76801,0.79082,0.81629,0.84558,0.88068,0.93018,0.98858,1.0406,1.085,1.1114,1.0817
0,0.057611,0.10809,0.15062,0.1846,0.21258,0.23826,0.26248,0.28574,0.30871,0.33208,0.35483,0.37662,0.40173,0.43824,0.49348,0.57593,0.66331,0.73405,0.79034,0.83999
0,0.061408,0.11905,0.1716,0.22252,0.26737,0.30722,0.3372,0.35981,0.37783,0.39087,0.4068,0.43152,0.46801,0.51952,0.58715,0.67278,0.77053,0.8455,0.8947,0.89585
0,0.093912,0.17372,0.24372,0.30994,0.37285,0.43439,0.48081,0.51185,0.53193,0.54898,0.56153,0.57622,0.59825,0.63684,0.69309,0.77869,0.8776,0.99244,1.0973,1.1165
0,0.098434,0.18899,0.27212,0.34645,0.40742,0.45611,0.49345,0.52431,0.55099,0.57743,0.60427,0.63225,0.66406,0.70149,0.74823,0.80681,0.86353,0.90607,0.92784,0.92119
0,0.10585,0.20518,0.29891,0.3925,0.48656,0.57295,0.63275,0.67236,0.70233,0.72667,0.74943,0.77376,0.80125,0.83313,0.87329,0.91327,0.95364,0.99459,1.0191,0.96239
0,0.067934,0.13004,0.19246,0.24968,0.30043,0.34373,0.3755,0.40193,0.42845,0.45477,0.48041,0.50361,0.52639,0.55727,0.60529,0.67811,0.76809,0.86712,0.9898,1.0847
0,0.10054,0.20085,0.30064,0.39031,0.4702,0.53757,0.58424,0.62053,0.64834,0.66934,0.68497,0.70165,0.72374,0.7611,0.82173,0.90525,1.0086,1.1154,1.2134,1.2227
0,0.10399,0.20965,0.32081,0.42205,0.51275,0.58787,0.63532,0.66136,0.66999,0.66677,0.65559,0.63686,0.62071,0.6214,0.6463,0.70551,0.80425,0.92088,1.0098,1.0043
0,0.10434,0.20799,0.30658,0.39744,0.48031,0.54278,0.58475,0.61371,0.63213,0.64229,0.64614,0.64728,0.64553,0.64271,0.64366,0.65362,0.67776,0.7054,0.70572,0.67837
0,0.08858,0.17225,0.25532,0.33821,0.416,0.47766,0.52055,0.5512,0.5751,0.59207,0.60404,0.61188,0.61639,0.62325,0.63587,0.65642,0.68613,0.7093,0.7055,0.6849
0,0.066481,0.12742,0.1865,0.24514,0.29772,0.34214,0.37781,0.41039,0.44314,0.47277,0.49875,0.52899,0.56234,0.60145,0.64485,0.69272,0.76019,0.83517,0.93439,1.0035
0,0.090319,0.17368,0.25234,0.3248,0.39073,0.44473,0.48209,0.50666,0.52245,0.53239,0.53988,0.54443,0.54904,0.56396,0.60422,0.69221,0.82564,0.98458,1.1023,1.1041
0,0.14166,0.28228,0.40648,0.50545,0.57944,0.63487,0.67189,0.69831,0.72128,0.73678,0.74731,0.75277,0.75169,0.7466,0.74609,0.75577,0.78362,0.82825,0.88148,0.87764
0,0.11234,0.2304,0.34577,0.44154,0.52414,0.58173,0.62275,0.65234,0.67367,0.68695,0.69061,0.69162,0.68592,0.67457,0.6617,0.66179,0.683,0.71652,0.72555,0.68328
0,0.08671,0.17062,0.25179,0.33211,0.40526,0.4627,0.49915,0.52729,0.55069,0.57014,0.58366,0.59527,0.60587,0.62067,0.64124,0.66299,0.68459,0.69745,0.68437,0.67261
0,0.066368,0.12727,0.17389,0.22197,0.26985,0.31503,0.346,0.36806,0.38246,0.39209,0.4019,0.41258,0.42838,0.45364,0.49637,0.54857,0.61563,0.69583,0.79932,0.85327
0,0.1007,0.19867,0.29271,0.37609,0.45272,0.5089,0.54856,0.56985,0.57784,0.57572,0.56652,0.55317,0.54133,0.53946,0.56138,0.61866,0.71923,0.83915,0.94977,0.97022
0,0.11391,0.22705,0.33241,0.42348,0.50489,0.57251,0.62046,0.64944,0.66497,0.66925,0.66825,0.66524,0.66396,0.66788,0.67637,0.69771,0.75235,0.83541,0.90457,0.88653
0,0.088523,0.17031,0.25106,0.33226,0.40565,0.46414,0.50581,0.53415,0.55394,0.56981,0.58391,0.59431,0.6003,0.60442,0.61156,0.62958,0.65298,0.67718,0.6898,0.6741
0,0.10299,0.20606,0.30493,0.39132,0.46488,0.51815,0.55376,0.57998,0.59928,0.61203,0.61921,0.62446,0.63305,0.64312,0.65216,0.66044,0.66612,0.66416,0.64957,0.64086
0,0.055048,0.10525,0.14843,0.18932,0.22793,0.26159,0.28558,0.30296,0.31843,0.33446,0.35389,0.37535,0.40346,0.43414,0.46618,0.51618,0.59259,0.6828,0.77234,0.8302
0,0.091466,0.17809,0.2604,0.33863,0.41022,0.47653,0.52019,0.54368,0.5582,0.5645,0.56447,0.56051,0.55481,0.55982,0.5896,0.65453,0.76249,0.88597,0.99854,1.0175
0,0.12292,0.24366,0.35607,0.4505,0.53114,0.58794,0.62308,0.64334,0.65435,0.65756,0.65531,0.64813,0.63871,0.63126,0.63259,0.64257,0.67157,0.72685,0.7739,0.74569
0,0.096783,0.18134,0.25322,0.31323,0.36985,0.42098,0.45879,0.49012,0.52001,0.54598,0.56814,0.58791,0.60628,0.62417,0.64465,0.66788,0.68698,0.70454,0.71627,0.71605
0,0.093054,0.18751,0.27978,0.37081,0.45934,0.53299,0.58036,0.61335,0.63583,0.64732,0.65145,0.64748,0.64212,0.64451,0.65651,0.679,0.70893,0.73128,0.72501,0.69268
0,0.069557,0.13252,0.18494,0.23432,0.28518,0.3244,0.34808,0.36401,0.38234,0.40159,0.42065,0.44142,0.46949,0.50369,0.54804,0.6117,0.70178,0.79693,0.87533,0.93218
0,0.082214,0.16753,0.24684,0.32248,0.3915,0.44869,0.48667,0.51302,0.53587,0.5516,0.56162,0.57119,0.58185,0.59242,0.61036,0.6582,0.77502,0.93504,1.0704,1.0923
0,0.09933,0.19038,0.27449,0.35043,0.41726,0.468,0.50143,0.52414,0.53489,0.5372,0.53407,0.53034,0.52574,0.52312,0.52698,0.54571,0.58779,0.65684,0.71384,0.72208
0,0.094075,0.18168,0.26345,0.33677,0.40047,0.45114,0.48652,0.51747,0.54605,0.57064,0.59347,0.61707,0.6401,0.66139,0.68235,0.70321,0.72144,0.73528,0.73828,0.71816
0,0.095237,0.19498,0.29022,0.38142,0.46256,0.523,0.56235,0.59056,0.61189,0.6274,0.63699,0.64279,0.65134,0.66494,0.67944,0.69982,0.71718,0.72779,0.7282,0.73131
0,0.06483,0.12292,0.1746,0.22217,0.26559,0.30391,0.33721,0.36373,0.39012,0.41902,0.45378,0.49176,0.53494,0.58797,0.65326,0.73287,0.82519,0.94572,1.0532,1.1254
0,0.10808,0.21397,0.31332,0.40408,0.48659,0.55736,0.60735,0.63866,0.65616,0.66721,0.67638,0.68606,0.70987,0.7492,0.8229,0.94142,1.0666,1.1989,1.3302,1.3618
0,0.1104,0.22021,0.32908,0.4289,0.51688,0.58689,0.63347,0.66636,0.68344,0.69303,0.69667,0.69779,0.69511,0.70086,0.72138,0.77714,0.87771,1.011,1.1398,1.1489
0,0.12009,0.23759,0.33984,0.43042,0.50833,0.57154,0.61878,0.65259,0.67815,0.69558,0.70499,0.7132,0.7224,0.73285,0.74856,0.77415,0.80076,0.82215,0.82712,0.78554
0,0.096205,0.18993,0.28082,0.36831,0.4502,0.52303,0.57666,0.61383,0.64335,0.6659,0.67887,0.6866,0.68691,0.68939,0.70387,0.72579,0.7517,0.76864,0.76508,0.72505
0,0.052207,0.10636,0.15202,0.19153,0.22771,0.25822,0.28063,0.30131,0.32221,0.34503,0.36588,0.38778,0.41788,0.45581,0.4965,0.55002,0.61378,0.70755,0.83954,0.92393
0,0.093455,0.18374,0.27363,0.3688,0.45635,0.5294,0.57759,0.60852,0.62654,0.63482,0.63787,0.63746,0.64574,0.66959,0.72771,0.84226,0.99796,1.171,1.3459,1.3719
0,0.13383,0.26383,0.38029,0.47705,0.55634,0.61605,0.65929,0.6868,0.70669,0.72316,0.73639,0.74085,0.7378,0.73551,0.72793,0.72665,0.76322,0.85638,0.9765,0.99562
0,0.12444,0.2415,0.34985,0.44927,0.53036,0.58786,0.6236,0.64711,0.66414,0.67769,0.68629,0.68994,0.68666,0.68624,0.69241,0.71254,0.74441,0.77324,0.7863,0.75453
0,0.09448,0.18574,0.2741,0.36315,0.44231,0.50767,0.55386,0.58541,0.60841,0.6235,0.63321,0.64111,0.64575,0.65143,0.66064,0.67598,0.68947,0.69708,0.68682,0.63532
0,0.062997,0.11587,0.16193,0.20458,0.24487,0.28071,0.30936,0.33504,0.35683,0.37924,0.40299,0.43103,0.46164,0.50112,0.55561,0.61915,0.6882,0.77268,0.84979,0.8894
0,0.099174,0.19219,0.28725,0.37787,0.45425,0.51736,0.55877,0.58551,0.60672,0.62336,0.63947,0.65732,0.673,0.68943,0.71723,0.77585,0.89215,1.0503,1.1863,1.1852
0,0.10867,0.21208,0.3119,0.40362,0.48697,0.56279,0.61054,0.64138,0.6656,0.67888,0.68379,0.69104,0.69368,0.6969,0.7219,0.77813,0.87012,0.99302,1.1001,1.106
0,0.097813,0.18659,0.26873,0.34579,0.41443,0.46915,0.50444,0.5285,0.54394,0.55353,0.56034,0.5656,0.57284,0.58137,0.59285,0.61279,0.64281,0.66461,0.67609,0.66226
0,0.11414,0.2202,0.32404,0.42756,0.51754,0.58775,0.63474,0.66741,0.69277,0.71051,0.72181,0.7289,0.73256,0.72822,0.72089,0.71875,0.72751,0.73338,0.71835,0.68237
0,0.044738,0.086255,0.12467,0.16068,0.19933,0.23393,0.26414,0.29026,0.31409,0.33787,0.36371,0.39372,0.42996,0.46989,0.51577,0.57447,0.63661,0.71083,0.78114,0.81934
0,0.09727,0.19275,0.28668,0.37093,0.44061,0.49935,0.54256,0.57227,0.59406,0.61048,0.62317,0.63189,0.64053,0.66007,0.69384,0.76532,0.87992,1.0252,1.1491,1.1716
0,0.11072,0.22565,0.33707,0.43059,0.50767,0.56637,0.60579,0.63289,0.6517,0.6643,0.6692,0.6664,0.65888,0.65104,0.64955,0.66753,0.71284,0.79273,0.88276,0.88264
0,0.098085,0.18713,0.26829,0.34051,0.39952,0.44764,0.48532,0.51351,0.53468,0.5503,0.56198,0.57198,0.57856,0.58663,0.60387,0.63125,0.66731,0.71106,0.747,0.72113
0,0.12005,0.2272,0.32834,0.42655,0.51859,0.59717,0.64824,0.68389,0.70944,0.72659,0.7322,0.73064,0.73429,0.74944,0.77663,0.81202,0.84571,0.86132,0.84533,0.7795
0,0.060804,0.11689,0.1682,0.21424,0.25725,0.29149,0.31449,0.33148,0.34929,0.3682,0.3898,0.41459,0.44508,0.48673,0.53773,0.60161,0.69044,0.80674,0.88767,0.93858
0,0.087658,0.17017,0.25102,0.32989,0.39567,0.44834,0.48197,0.50668,0.52327,0.53246,0.54126,0.55008,0.56211,0.58242,0.61813,0.69144,0.84615,1.0632,1.2021,1.1952
0,0.09456,0.1947,0.28717,0.36707,0.43499,0.48902,0.52354,0.54957,0.56916,0.58322,0.59004,0.59156,0.58747,0.58433,0.58921,0.62012,0.67868,0.77288,0.87362,0.89219
0,0.10593,0.20037,0.28478,0.35828,0.43068,0.49305,0.53886,0.57111,0.59617,0.61637,0.63362,0.6484,0.66467,0.6821,0.70285,0.72543,0.75349,0.77553,0.7843,0.76626
0,0.1025,0.21037,0.30871,0.40526,0.49679,0.57138,0.62102,0.65437,0.68019,0.69738,0.70786,0.71171,0.71614,0.72137,0.72702,0.74609,0.76818,0.77595,0.75753,0.699
0,0.061332,0.11915,0.17634,0.23252,0.28491,0.33179,0.37224,0.40637,0.4415,0.47583,0.51339,0.55142,0.59223,0.64112,0.69541,0.75711,0.85095,0.98244,1.119,1.216
0,0.12232,0.24083,0.3496,0.44985,0.53139,0.59833,0.64947,0.69015,0.71955,0.73958,0.7562,0.77225,0.78905,0.81326,0.85236,0.91697,1.0529,1.2314,1.3774,1.4131
0,0.11321,0.22485,0.33987,0.45479,0.55897,0.64332,0.69939,0.73313,0.75694,0.77178,0.78037,0.78077,0.78027,0.78861,0.81811,0.8899,1.0115,1.1638,1.3047,1.3105
0,0.1275,0.24715,0.35412,0.44925,0.54012,0.62028,0.67426,0.71363,0.74233,0.75976,0.7689,0.77455,0.77227,0.77174,0.78055,0.80947,0.86339,0.935,0.99342,0.96969
0,0.1209,0.23606,0.3321,0.41353,0.48999,0.55325,0.59778,0.63338,0.66129,0.68361,0.69918,0.70808,0.70951,0.70593,0.69677,0.69399,0.69569,0.70657,0.72323,0.70809
0,0.055239,0.10586,0.15118,0.19631,0.23562,0.26927,0.29519,0.31523,0.33876,0.36278,0.3854,0.41021,0.43947,0.46958,0.50582,0.54996,0.60981,0.71149,0.84762,0.92781
0,0.10447,0.20156,0.28917,0.36387,0.42413,0.4712,0.50472,0.53403,0.5592,0.57634,0.58603,0.59066,0.59364,0.59912,0.61506,0.66499,0.78768,0.99462,1.2005,1.2196
0,0.11586,0.23907,0.36029,0.47094,0.56241,0.63275,0.68365,0.71901,0.74581,0.76342,0.77539,0.78391,0.78719,0.78436,0.7803,0.79477,0.84933,0.9583,1.0901,1.0894
0,0.14105,0.26695,0.37964,0.48156,0.57139,0.64304,0.68799,0.71333,0.73007,0.73635,0.73357,0.72496,0.71246,0.70058,0.70178,0.72641,0.77496,0.8486,0.91218,0.88303
0,0.13851,0.28237,0.40389,0.49304,0.56324,0.62019,0.65759,0.68466,0.70811,0.72784,0.7425,0.75529,0.7601,0.75812,0.75391,0.76418,0.78086,0.79472,0.78697,0.76117
0,0.053411,0.10665,0.16517,0.22035,0.26847,0.31321,0.35072,0.37819,0.40022,0.42035,0.43934,0.46395,0.49034,0.52514,0.57001,0.629,0.70158,0.80329,0.90695,0.96585
0,0.12625,0.24075,0.33514,0.41192,0.47833,0.53211,0.56682,0.5926,0.60955,0.61913,0.6197,0.61578,0.61024,0.61963,0.64853,0.71629,0.83811,0.999,1.1352,1.1284
0,0.1159,0.22091,0.32462,0.42897,0.5237,0.59734,0.64568,0.67495,0.69734,0.71307,0.72205,0.72917,0.7344,0.74155,0.76505,0.82075,0.92954,1.0832,1.2222,1.2143
0,0.11253,0.21938,0.31671,0.40559,0.48315,0.54828,0.59281,0.62397,0.64413,0.65494,0.66012,0.6606,0.65889,0.66461,0.68461,0.7249,0.78356,0.84729,0.88472,0.86196
0,0.12239,0.24639,0.35025,0.44402,0.53189,0.59981,0.6509,0.68982,0.72006,0.74194,0.75698,0.76486,0.77253,0.78171,0.79379,0.8094,0.81554,0.81394,0.77676,0.71763
0,0.050382,0.098175,0.14288,0.18644,0.22578,0.26507,0.29626,0.31892,0.33966,0.36035,0.38568,0.41485,0.44103,0.47172,0.51194,0.56806,0.64119,0.7313,0.82449,0.86289
0,0.11948,0.2363,0.34142,0.42892,0.50161,0.56024,0.59616,0.62105,0.63883,0.65095,0.6547,0.6501,0.64058,0.63944,0.65447,0.70336,0.77978,0.93728,1.0879,1.0968
0,0.11154,0.23102,0.3426,0.44235,0.52229,0.58278,0.62377,0.6504,0.66909,0.68264,0.68902,0.69127,0.69248,0.69646,0.7092,0.73995,0.80987,0.92049,1.0256,1.0258
0,0.1081,0.20941,0.30111,0.38898,0.46892,0.53408,0.58119,0.61605,0.6428,0.66211,0.67447,0.68082,0.68481,0.69047,0.70726,0.74295,0.79685,0.85817,0.89948,0.85924
0,0.11504,0.22373,0.31045,0.38374,0.45227,0.51202,0.55418,0.58808,0.61642,0.63743,0.64619,0.64621,0.64592,0.64722,0.65836,0.67872,0.7056,0.72481,0.72353,0.69269
0,0.062876,0.11619,0.16937,0.22012,0.26255,0.29743,0.32655,0.35307,0.38096,0.41224,0.44645,0.4835,0.5283,0.5771,0.63153,0.69903,0.78268,0.89499,0.99811,1.0529
0,0.10261,0.19502,0.28389,0.36434,0.42968,0.48138,0.51826,0.54817,0.5729,0.59121,0.60338,0.60993,0.61648,0.62273,0.64525,0.71027,0.82449,0.97952,1.1083,1.103
0,0.093118,0.18316,0.2732,0.36351,0.44153,0.50392,0.54175,0.56475,0.57858,0.58601,0.59024,0.58916,0.58679,0.58998,0.61164,0.66153,0.74622,0.8721,0.99165,1.019
0,0.12524,0.23335,0.32126,0.39717,0.46682,0.5244,0.57096,0.60628,0.63353,0.65477,0.67016,0.68048,0.692,0.70516,0.72423,0.75354,0.7956,0.84396,0.87121,0.83877
0,0.12083,0.22787,0.31932,0.40451,0.47883,0.53357,0.57379,0.60342,0.6288,0.65069,0.66687,0.67974,0.69542,0.71204,0.73096,0.74807,0.76679,0.76741,0.74439,0.70024
0,0.082868,0.14895,0.20411,0.25332,0.29858,0.33395,0.35908,0.38476,0.41043,0.43749,0.46766,0.49932,0.52672,0.55269,0.58347,0.62336,0.68458,0.77297,0.8753,0.97842
0,0.12791,0.24278,0.3444,0.43315,0.5039,0.56403,0.6064,0.63958,0.6667,0.69454,0.72284,0.75273,0.78441,0.82605,0.8893,1.0001,1.1499,1.3642,1.556,1.6236
0,0.13614,0.27472,0.40261,0.51992,0.62317,0.71623,0.7864,0.83232,0.8641,0.87699,0.86966,0.84813,0.8325,0.82026,0.81437,0.83982,0.89729,0.9762,1.1068,1.1421
0,0.13319,0.26327,0.3822,0.49077,0.58314,0.658,0.70772,0.74233,0.76601,0.77903,0.78606,0.78829,0.7865,0.78604,0.79137,0.81224,0.87809,0.9861,1.0752,1.0184
0,0.10803,0.21192,0.31428,0.41592,0.51124,0.59033,0.64454,0.68077,0.7068,0.7281,0.74356,0.75258,0.76519,0.7813,0.80789,0.84763,0.89686,0.94525,0.97488,0.96756
0,0.061255,0.11955,0.17214,0.22145,0.26834,0.30814,0.33619,0.35894,0.38137,0.40218,0.42135,0.44279,0.46798,0.50247,0.53845,0.58589,0.6513,0.74771,0.85756,0.9176
0,0.10437,0.19989,0.28954,0.36737,0.43458,0.48884,0.52674,0.55326,0.57293,0.59043,0.60247,0.61171,0.6234,0.64299,0.68769,0.7755,0.93156,1.1785,1.435,1.4896
0,0.11604,0.22676,0.33093,0.41976,0.49732,0.56052,0.60887,0.64741,0.6771,0.69745,0.70862,0.71103,0.70552,0.70071,0.70839,0.72114,0.77576,0.8909,1.0356,1.0696
0,0.13008,0.26494,0.39084,0.50248,0.59312,0.66553,0.71408,0.74557,0.7653,0.77463,0.77399,0.76729,0.75412,0.73648,0.72305,0.73242,0.8032,0.95671,1.1149,1.0663
0,0.11933,0.23304,0.3401,0.44451,0.53477,0.60582,0.65452,0.68237,0.70343,0.71871,0.73042,0.74621,0.76729,0.79374,0.83538,0.89485,0.95782,1.0122,1.0387,1.0321
0,0.070606,0.13882,0.20272,0.26013,0.30612,0.34332,0.37067,0.39186,0.40919,0.42341,0.43619,0.45406,0.47242,0.49698,0.5287,0.57126,0.61628,0.67493,0.75079,0.81827
0,0.12941,0.23924,0.33435,0.4176,0.49053,0.54523,0.57901,0.59818,0.6114,0.62017,0.62571,0.6312,0.63951,0.65431,0.68638,0.76494,0.91217,1.1555,1.4009,1.4269
0,0.12036,0.24219,0.36239,0.47107,0.56548,0.64413,0.69512,0.72781,0.74487,0.7515,0.7491,0.74312,0.73232,0.71906,0.71894,0.75497,0.8342,0.96485,1.1143,1.1157
0,0.12936,0.25642,0.37211,0.47259,0.56253,0.63661,0.68375,0.71132,0.7255,0.72742,0.72317,0.7139,0.70401,0.70037,0.71239,0.75028,0.82759,0.93804,1.005,0.95777
0,0.11191,0.21958,0.32036,0.42319,0.52113,0.60496,0.66477,0.70701,0.73633,0.75598,0.77299,0.79235,0.81645,0.84533,0.87469,0.90214,0.92163,0.92521,0.90949,0.86838
0,0.0576,0.10932,0.15899,0.20568,0.24678,0.2773,0.30067,0.32055,0.33887,0.35939,0.38373,0.40801,0.43456,0.46778,0.49837,0.53365,0.57844,0.63654,0.71108,0.76696
0,0.12571,0.23405,0.33164,0.41783,0.49477,0.55421,0.58625,0.60552,0.61716,0.62625,0.63608,0.64585,0.65662,0.67463,0.72214,0.79978,0.9247,1.1285,1.2899,1.3325
0,0.11627,0.23495,0.34977,0.45431,0.54602,0.62246,0.68044,0.72075,0.74287,0.74959,0.74205,0.72616,0.70293,0.67603,0.65559,0.65211,0.70052,0.7936,0.94178,0.95226
0,0.11177,0.22169,0.33209,0.43281,0.51967,0.58465,0.62665,0.65422,0.67452,0.68789,0.69493,0.70219,0.70797,0.71115,0.7287,0.77184,0.84605,0.94997,1.0368,1.0024
0,0.11334,0.22297,0.33317,0.4375,0.53349,0.61027,0.65932,0.68673,0.70149,0.70717,0.70766,0.70606,0.70692,0.71907,0.74259,0.77552,0.81057,0.84196,0.85766,0.81095
0,0.073673,0.14148,0.19223,0.23689,0.2731,0.29988,0.32207,0.34171,0.36057,0.37904,0.39809,0.41833,0.44159,0.47546,0.52208,0.58066,0.65598,0.7476,0.8313,0.89441
0,0.10507,0.20714,0.29724,0.37988,0.45162,0.50696,0.54278,0.5686,0.5866,0.59755,0.60404,0.60617,0.61111,0.62441,0.66337,0.74713,0.91362,1.0998,1.2249,1.1951
0,0.087625,0.17584,0.26161,0.33539,0.40253,0.45047,0.48418,0.50626,0.51822,0.52177,0.52042,0.51722,0.51772,0.5293,0.55982,0.61538,0.68512,0.78044,0.90721,0.90305
0,0.12258,0.24889,0.36478,0.46561,0.54809,0.60689,0.64591,0.67584,0.6978,0.71358,0.7249,0.73782,0.75654,0.78056,0.81281,0.85486,0.9022,0.95445,0.99762,0.98026
0,0.12715,0.25409,0.36828,0.47458,0.56487,0.63653,0.68771,0.72092,0.74193,0.75337,0.75679,0.75645,0.75798,0.766,0.78643,0.81761,0.84647,0.87167,0.87656,0.82955
0,0.070869,0.13516,0.19162,0.24351,0.29551,0.34278,0.37857,0.40673,0.43516,0.46175,0.49018,0.52464,0.57169,0.62432,0.67256,0.7382,0.83355,0.95817,1.1064,1.2293
0,0.10822,0.20577,0.29162,0.36528,0.42706,0.47882,0.5188,0.55076,0.57487,0.59523,0.61442,0.63468,0.66263,0.70795,0.77091,0.87034,1.0088,1.1927,1.3725,1.409
0,0.13903,0.27408,0.39423,0.51146,0.61781,0.69703,0.74596,0.7722,0.78613,0.79178,0.79277,0.79467,0.79549,0.80444,0.83954,0.91283,1.0621,1.2736,1.4785,1.5078
0,0.12086,0.24093,0.35737,0.46483,0.56269,0.64891,0.7079,0.7487,0.77712,0.7958,0.80588,0.81339,0.82063,0.83381,0.85181,0.89242,0.96826,1.0727,1.18,1.1717
0,0.12556,0.24682,0.35646,0.46325,0.56146,0.64512,0.70327,0.73972,0.76873,0.79065,0.80448,0.81239,0.81779,0.82805,0.84995,0.89208,0.95188,1.0123,1.0628,1.0475
0,0.052716,0.10622,0.15929,0.20565,0.24693,0.28014,0.30781,0.33512,0.36334,0.39531,0.42585,0.46381,0.50011,0.54156,0.58233,0.63274,0.69635,0.79539,0.91297,0.99212
0,0.10158,0.19608,0.28105,0.36168,0.42855,0.48259,0.52045,0.54838,0.56773,0.58193,0.59326,0.60808,0.62574,0.65573,0.70818,0.79777,0.92267,1.1188,1.3099,1.3302
0,0.1207,0.24657,0.36381,0.46619,0.54825,0.60956,0.64993,0.67509,0.68956,0.69869,0.70107,0.6961,0.6885,0.68281,0.69753,0.7471,0.85449,1.0265,1.1927,1.1895
0,0.12949,0.25759,0.38383,0.50423,0.60699,0.68842,0.7404,0.77113,0.7899,0.79854,0.79616,0.78836,0.77584,0.76199,0.7549,0.76711,0.8385,0.97424,1.1245,1.0945
0,0.11921,0.24161,0.35224,0.45132,0.54346,0.62839,0.69209,0.73057,0.75927,0.78192,0.79808,0.80812,0.81955,0.83452,0.85645,0.89437,0.95307,1.0194,1.0569,1.0287
0,0.059097,0.11512,0.17028,0.22091,0.27129,0.32039,0.36571,0.39823,0.42421,0.45102,0.4819,0.5194,0.5605,0.60876,0.66279,0.71788,0.78548,0.87201,0.97401,1.0493
0,0.093227,0.18278,0.26803,0.3437,0.4076,0.45876,0.49757,0.52496,0.54466,0.55587,0.56246,0.5656,0.57376,0.59011,0.62082,0.68018,0.77328,0.90666,1.0368,1.0398
0,0.13706,0.26483,0.3864,0.49829,0.5938,0.67262,0.72155,0.74955,0.76587,0.77383,0.77185,0.76609,0.7579,0.7604,0.79137,0.87145,1.0065,1.2172,1.4228,1.412
0,0.12117,0.23785,0.34721,0.44396,0.52734,0.59418,0.63585,0.66001,0.67395,0.67959,0.68028,0.67981,0.67982,0.69139,0.72261,0.78188,0.87097,0.976,1.0674,1.0648
0,0.13152,0.25337,0.36389,0.46468,0.55983,0.64444,0.71047,0.75729,0.79221,0.81759,0.83602,0.85002,0.8624,0.87247,0.87656,0.87821,0.87969,0.88718,0.88387,0.82734
0,0.056782,0.1068,0.15474,0.19452,0.23183,0.27077,0.30496,0.3293,0.35253,0.37582,0.40542,0.43899,0.48468,0.52794,0.57399,0.62762,0.6964,0.76524,0.85027,0.90232
0,0.10057,0.19485,0.28461,0.36265,0.42875,0.48094,0.51716,0.54064,0.55585,0.56465,0.56688,0.57197,0.57975,0.59825,0.62937,0.67546,0.76281,0.8838,0.98793,0.99311
0,0.10692,0.20897,0.31026,0.41457,0.51082,0.58448,0.63569,0.6703,0.69297,0.71004,0.72053,0.72551,0.73081,0.74054,0.76978,0.83582,0.94117,1.1005,1.2531,1.2139
0,0.12133,0.23668,0.34308,0.43796,0.51376,0.57283,0.61257,0.63627,0.65135,0.66236,0.6693,0.6736,0.6814,0.70498,0.74731,0.81891,0.91449,1.0142,1.0916,1.0714
0,0.13208,0.25928,0.3844,0.49882,0.59473,0.66975,0.72369,0.75869,0.782,0.79457,0.80047,0.80101,0.80482,0.81523,0.83674,0.87745,0.92466,0.97303,0.99926,0.94587
0,0.061006,0.11852,0.17081,0.22195,0.26826,0.30856,0.34073,0.37145,0.40527,0.4465,0.48556,0.5274,0.57792,0.6288,0.68472,0.75877,0.85191,0.96115,1.0716,1.1407
0,0.077462,0.15441,0.22997,0.29614,0.35668,0.40648,0.44007,0.46846,0.49241,0.51249,0.53086,0.54852,0.564,0.59332,0.63691,0.71092,0.82322,0.95262,1.036,1.0084
0,0.10452,0.20446,0.30122,0.39599,0.48821,0.56236,0.60666,0.63491,0.65542,0.67117,0.68116,0.68926,0.69215,0.69901,0.73484,0.80996,0.92643,1.0831,1.2175,1.2163
0,0.13063,0.2477,0.34593,0.43117,0.49761,0.55008,0.59043,0.62067,0.64473,0.66335,0.67708,0.6921,0.70919,0.7292,0.75499,0.79516,0.84635,0.89929,0.93706,0.9345
0,0.13906,0.26752,0.39143,0.50265,0.60448,0.69446,0.7557,0.79438,0.82105,0.8382,0.84499,0.84656,0.84809,0.84963,0.85225,0.86658,0.89946,0.94192,0.98264,0.95205
0,0.071793,0.14231,0.21818,0.30349,0.39091,0.46045,0.50121,0.53469,0.56637,0.59322,0.61472,0.63141,0.64591,0.6655,0.70272,0.75826,0.84646,1.0087,1.1533,1.1502
0,0.1144,0.21472,0.31879,0.42639,0.52905,0.61157,0.66734,0.70593,0.73754,0.76546,0.78821,0.80835,0.82993,0.85727,0.89402,0.95041,1.0583,1.2296,1.3899,1.3902
0,0.13219,0.27013,0.4123,0.54959,0.66464,0.74244,0.78764,0.80742,0.81291,0.80142,0.77535,0.74283,0.72426,0.72312,0.75399,0.82441,0.93243,1.0416,1.1161,1.0172
0,0.10225,0.20243,0.30084,0.39841,0.48646,0.54954,0.58731,0.6142,0.63434,0.64794,0.65404,0.65558,0.65231,0.64937,0.65046,0.65332,0.6691,0.68248,0.68085,0.65431
0,0.087498,0.17667,0.26922,0.35946,0.43528,0.48807,0.52014,0.54373,0.56033,0.57127,0.57845,0.58524,0.58977,0.60087,0.62772,0.67842,0.73939,0.7648,0.77161,0.78568
0,0.068858,0.13965,0.2088,0.27489,0.34151,0.39339,0.43268,0.46887,0.5039,0.54406,0.58256,0.61782,0.65217,0.69355,0.74341,0.80728,0.89416,0.99366,1.1087,1.1578
0,0.11377,0.22274,0.32037,0.41863,0.50313,0.56379,0.60066,0.62633,0.64279,0.65094,0.65553,0.66016,0.66197,0.66574,0.67202,0.6927,0.76986,0.97727,1.1998,1.2024
0,0.15085,0.2931,0.41783,0.52516,0.60198,0.6553,0.69068,0.71531,0.73312,0.74695,0.75993,0.77387,0.7879,0.80771,0.83562,0.874,0.92367,0.98076,1.0482,1.0059
0,0.11729,0.23222,0.34071,0.43395,0.51024,0.56027,0.59231,0.61515,0.63368,0.64738,0.65451,0.65897,0.66463,0.67461,0.68085,0.69023,0.69742,0.7055,0.70874,0.67926
0,0.091256,0.1762,0.25639,0.33369,0.40585,0.46231,0.50251,0.53182,0.55262,0.56609,0.57418,0.58,0.58818,0.59844,0.61526,0.63807,0.67202,0.69502,0.70669,0.72804
0,0.057581,0.11186,0.16688,0.23096,0.2917,0.3435,0.38429,0.41772,0.44822,0.47136,0.4924,0.50717,0.52144,0.54352,0.57077,0.61674,0.68708,0.80156,0.93701,0.92075
0,0.11316,0.2127,0.30767,0.40292,0.48619,0.5459,0.58335,0.61256,0.63081,0.6393,0.64164,0.64232,0.64282,0.63896,0.63504,0.6227,0.66325,0.82857,1.04,1.0435
0,0.12005,0.2419,0.35631,0.47053,0.57706,0.65763,0.70595,0.73213,0.74377,0.74196,0.73147,0.71391,0.70051,0.69839,0.71969,0.76781,0.83671,0.90813,0.95108,0.8769
0,0.094124,0.18106,0.26817,0.35309,0.42356,0.47842,0.51643,0.54769,0.57289,0.59135,0.6046,0.61369,0.61953,0.62348,0.6269,0.62842,0.63574,0.65316,0.6587,0.62543
0,0.087978,0.17847,0.26865,0.36161,0.4405,0.49883,0.53936,0.57058,0.59667,0.61611,0.62852,0.63685,0.64071,0.6436,0.64523,0.64518,0.64975,0.65035,0.64489,0.65473
0,0.052358,0.10061,0.15148,0.20339,0.25589,0.30112,0.34122,0.37305,0.40004,0.423,0.44811,0.47506,0.50445,0.53356,0.56803,0.61197,0.6749,0.77477,0.88468,0.87884
0,0.11123,0.21877,0.32597,0.42607,0.50627,0.56724,0.60642,0.63065,0.64337,0.64928,0.64585,0.63959,0.63417,0.62435,0.6182,0.63169,0.7148,0.90727,1.0788,1.0197
0,0.14107,0.27472,0.40277,0.51566,0.5984,0.65229,0.68224,0.70044,0.71043,0.71189,0.70833,0.70044,0.69017,0.67986,0.68468,0.70994,0.75062,0.79546,0.82774,0.76463
0,0.088362,0.16494,0.23443,0.3006,0.36258,0.41323,0.45157,0.48387,0.51438,0.54243,0.56761,0.58659,0.60584,0.62203,0.63652,0.65145,0.66918,0.69924,0.7303,0.74202
0,0.095187,0.18951,0.2829,0.3757,0.4548,0.51605,0.56113,0.59458,0.6209,0.64115,0.65452,0.66078,0.65914,0.65185,0.65098,0.66676,0.69605,0.72693,0.72678,0.71538
0,0.08006,0.15272,0.22344,0.2892,0.34447,0.39269,0.42591,0.45185,0.47382,0.49484,0.51631,0.53973,0.56644,0.6037,0.64869,0.72927,0.83716,0.99137,1.1037,1.1147
0,0.096937,0.19673,0.29844,0.39114,0.46615,0.51801,0.54647,0.56199,0.57146,0.57753,0.57943,0.57791,0.57798,0.58472,0.60248,0.64524,0.74726,0.94008,1.1042,1.0963
0,0.12494,0.24047,0.34346,0.43867,0.51642,0.56911,0.59761,0.61356,0.62215,0.62061,0.60953,0.58946,0.56448,0.54413,0.54128,0.55379,0.58768,0.6364,0.67432,0.6419
0,0.097464,0.19631,0.28969,0.37258,0.44334,0.49603,0.53185,0.5568,0.57649,0.59212,0.60479,0.61419,0.6215,0.62717,0.63045,0.63487,0.6414,0.63848,0.62734,0.60405
0,0.093317,0.18556,0.27455,0.36446,0.44123,0.49608,0.53625,0.5677,0.59326,0.61346,0.62946,0.63947,0.64486,0.65012,0.65939,0.6732,0.69655,0.72026,0.73102,0.75527
0,0.063044,0.12815,0.18992,0.25593,0.3232,0.38152,0.42691,0.46987,0.51088,0.5496,0.5821,0.61247,0.64144,0.67135,0.71029,0.76376,0.85394,0.97687,1.0988,1.1429
0,0.12726,0.24414,0.35475,0.46093,0.55927,0.63793,0.68899,0.72203,0.74724,0.77146,0.80206,0.83095,0.86417,0.90318,0.96006,1.0471,1.1781,1.3586,1.5708,1.6226
0,0.13507,0.27336,0.41023,0.54286,0.65981,0.74676,0.79707,0.8239,0.83423,0.83774,0.83115,0.81984,0.81285,0.81527,0.83265,0.87817,0.9694,1.133,1.2567,1.19
0,0.12975,0.24753,0.35374,0.45537,0.54481,0.61263,0.6542,0.67962,0.69826,0.71442,0.72879,0.74104,0.74976,0.76366,0.78773,0.82169,0.8495,0.86051,0.85144,0.81098
0,0.10403,0.2087,0.31417,0.41676,0.50741,0.57572,0.61812,0.64542,0.66444,0.67607,0.68326,0.68236,0.68121,0.68519,0.70372,0.73827,0.76547,0.77062,0.7588,0.75078
0,0.053092,0.10525,0.16214,0.22618,0.2829,0.32747,0.36583,0.40145,0.43542,0.47253,0.50592,0.53581,0.56264,0.59184,0.62726,0.67731,0.74154,0.8282,0.95444,1.0308
0,0.11504,0.22416,0.32787,0.42934,0.51901,0.58676,0.62966,0.65503,0.67261,0.6823,0.68792,0.69357,0.69876,0.71856,0.76334,0.83843,0.98897,1.2087,1.4468,1.4662
0,0.14469,0.27877,0.41405,0.53649,0.6219,0.66983,0.69759,0.7148,0.7265,0.73586,0.74387,0.75335,0.76719,0.7842,0.80407,0.82883,0.86839,0.95924,1.083,1.0575
0,0.12816,0.24235,0.34612,0.43983,0.51612,0.56839,0.60087,0.62141,0.6356,0.64739,0.65897,0.66954,0.67992,0.69397,0.70917,0.73219,0.76661,0.80511,0.80777,0.7724
0,0.10019,0.20008,0.29513,0.38781,0.47247,0.5401,0.58692,0.62264,0.64974,0.66807,0.6769,0.67958,0.68018,0.68023,0.68212,0.69031,0.69158,0.67618,0.65388,0.63516
0,0.05947,0.11925,0.18162,0.24276,0.30081,0.35005,0.3925,0.4273,0.45522,0.47807,0.50063,0.53006,0.55526,0.58097,0.61151,0.66099,0.73283,0.82576,0.91966,0.9697
0,0.11664,0.23057,0.345,0.45161,0.5547,0.63157,0.67672,0.69913,0.718,0.73223,0.74169,0.7453,0.74882,0.75314,0.76635,0.79387,0.85813,1.0163,1.248,1.2715
0,0.12292,0.24695,0.36695,0.47898,0.58632,0.67104,0.72231,0.75194,0.76831,0.77983,0.78682,0.78573,0.78385,0.78451,0.79657,0.83319,0.90548,1.0208,1.1074,1.0641
0,0.11048,0.21085,0.30426,0.39694,0.47915,0.54345,0.58883,0.62148,0.64665,0.66613,0.67512,0.67454,0.66882,0.66578,0.66757,0.67635,0.68975,0.70197,0.70847,0.68558
0,0.11068,0.21949,0.32673,0.43359,0.52526,0.58983,0.63329,0.66307,0.6866,0.70371,0.71569,0.72356,0.72506,0.72542,0.72505,0.7205,0.71508,0.70219,0.68834,0.6712
0,0.061985,0.11805,0.17222,0.22467,0.27531,0.3191,0.35555,0.38666,0.417,0.44775,0.47821,0.50348,0.52983,0.56082,0.58963,0.62896,0.68342,0.7552,0.83673,0.86046
0,0.11224,0.23152,0.34777,0.45616,0.54682,0.61035,0.6446,0.66549,0.67821,0.68888,0.69687,0.71106,0.72868,0.74127,0.74745,0.75525,0.79249,0.93369,1.1001,1.0818
0,0.13758,0.27845,0.41053,0.52325,0.60842,0.66401,0.69741,0.71924,0.7327,0.74046,0.74421,0.74584,0.74478,0.73698,0.73009,0.73871,0.76735,0.81609,0.86195,0.80895
0,0.1065,0.2031,0.28766,0.36074,0.4247,0.47491,0.50925,0.53549,0.55859,0.57898,0.59498,0.60374,0.60466,0.6026,0.60805,0.61782,0.6394,0.68526,0.74172,0.7505
0,0.11449,0.22524,0.33706,0.44517,0.52794,0.5881,0.62946,0.65963,0.68307,0.70117,0.71245,0.71702,0.72163,0.72567,0.73641,0.76875,0.80083,0.80951,0.78572,0.77249
0,0.063491,0.11962,0.17503,0.23039,0.28546,0.32982,0.36171,0.39294,0.42833,0.46696,0.50201,0.53343,0.56056,0.59065,0.62735,0.68477,0.76484,0.8775,1.0048,1.0673
0,0.10591,0.21484,0.32217,0.42396,0.50496,0.557,0.58581,0.59746,0.60398,0.60495,0.60907,0.61478,0.62356,0.63839,0.66452,0.72184,0.82441,0.98688,1.1438,1.1233
0,0.11787,0.23725,0.35289,0.45078,0.52565,0.57381,0.60497,0.62459,0.63762,0.64462,0.64176,0.63138,0.61962,0.60593,0.59608,0.5995,0.62236,0.69716,0.78593,0.78315
0,0.119,0.22434,0.31547,0.40339,0.47828,0.53286,0.56868,0.59553,0.61959,0.64104,0.66111,0.67792,0.69258,0.7056,0.71234,0.72032,0.73351,0.7633,0.80944,0.80332
0,0.10932,0.21856,0.32625,0.43066,0.51562,0.57621,0.61783,0.65008,0.67618,0.69611,0.71025,0.71719,0.71918,0.71938,0.72433,0.73592,0.75897,0.76839,0.74707,0.72528
0,0.063665,0.12872,0.19429,0.26501,0.33481,0.3963,0.44055,0.47448,0.50864,0.5441,0.57668,0.60297,0.63023,0.66425,0.70329,0.75906,0.83908,0.96657,1.1206,1.1619
0,0.13575,0.25937,0.3691,0.46568,0.54591,0.61174,0.65877,0.69441,0.7213,0.74532,0.76739,0.79386,0.82758,0.86607,0.91604,0.98347,1.1128,1.2994,1.4945,1.5312
0,0.13015,0.26775,0.41928,0.56655,0.69172,0.78201,0.83572,0.86605,0.88077,0.88947,0.89212,0.90179,0.91144,0.9254,0.95199,1.0073,1.1094,1.2756,1.4322,1.3708
0,0.12986,0.24664,0.35552,0.46113,0.55174,0.62649,0.67553,0.70231,0.71618,0.72363,0.72278,0.71613,0.71168,0.71205,0.72292,0.74931,0.78829,0.84834,0.89251,0.8599
0,0.11112,0.21906,0.31569,0.40423,0.48467,0.54503,0.58482,0.61493,0.63682,0.65144,0.66094,0.66428,0.66289,0.66559,0.67597,0.68624,0.69366,0.70839,0.72186,0.72461
0,0.062377,0.11847,0.17637,0.23929,0.30441,0.35891,0.40261,0.44153,0.4804,0.5267,0.57252,0.61106,0.63803,0.66366,0.69599,0.74459,0.81267,0.91337,1.062,1.114
0,0.12213,0.231,0.31414,0.39048,0.45704,0.5119,0.5506,0.57826,0.5978,0.61037,0.61706,0.61638,0.61719,0.62871,0.64726,0.67482,0.762,0.94945,1.2121,1.2902
0,0.14961,0.29632,0.42949,0.54562,0.63059,0.68518,0.72017,0.74292,0.75749,0.76873,0.7779,0.79251,0.80927,0.82789,0.85014,0.88214,0.94277,1.0706,1.2199,1.1962
0,0.13988,0.26527,0.37235,0.47173,0.56356,0.63508,0.68002,0.7078,0.7256,0.73547,0.73539,0.73058,0.72351,0.72094,0.72414,0.73903,0.7837,0.86816,0.93813,0.88718
0,0.13124,0.25336,0.36036,0.44372,0.52038,0.58269,0.62399,0.65636,0.68234,0.70089,0.71197,0.71852,0.71925,0.71994,0.72147,0.72477,0.73681,0.77092,0.78751,0.79788
0,0.056757,0.11473,0.16895,0.22373,0.28094,0.33479,0.374,0.40781,0.43976,0.46632,0.49152,0.51871,0.54348,0.57471,0.61105,0.6629,0.74139,0.85809,0.98055,1.0107
0,0.12902,0.23933,0.33655,0.42372,0.49945,0.55458,0.58709,0.60884,0.62157,0.62858,0.63273,0.63446,0.63748,0.64177,0.6513,0.67202,0.75291,0.92864,1.1772,1.2287
0,0.12947,0.26179,0.38627,0.49873,0.60021,0.68285,0.73653,0.76869,0.79096,0.80876,0.81919,0.82375,0.82826,0.83205,0.8461,0.88624,0.98869,1.1626,1.2914,1.2417
0,0.12723,0.24915,0.36485,0.46829,0.55945,0.63155,0.68303,0.7197,0.7432,0.75429,0.75372,0.74476,0.73459,0.73021,0.7354,0.75361,0.7933,0.84756,0.8881,0.85136
0,0.10564,0.20255,0.28502,0.36799,0.44445,0.50347,0.55012,0.58578,0.61414,0.63285,0.64796,0.66268,0.67412,0.68274,0.69056,0.6984,0.69904,0.69366,0.68852,0.69964
0,0.062921,0.12191,0.17804,0.23473,0.2876,0.33074,0.36279,0.38894,0.4133,0.43688,0.46143,0.48012,0.50079,0.53187,0.56781,0.61629,0.69151,0.79002,0.88011,0.90046
0,0.11937,0.23642,0.34158,0.43522,0.51025,0.56438,0.59666,0.61826,0.63366,0.64653,0.65671,0.66378,0.66677,0.67124,0.67154,0.66297,0.69269,0.80398,1.0135,1.0225
0,0.14045,0.28725,0.42331,0.53635,0.62708,0.69189,0.73682,0.76711,0.78761,0.8048,0.81562,0.81985,0.81846,0.82266,0.83476,0.86303,0.91361,0.98894,1.0583,1.019
0,0.1207,0.22909,0.32964,0.42371,0.50686,0.56977,0.60964,0.63933,0.66223,0.67849,0.68594,0.68632,0.68256,0.67892,0.677,0.68654,0.72679,0.79175,0.84248,0.81226
0,0.10353,0.19732,0.28547,0.37092,0.44806,0.50868,0.54927,0.5771,0.59827,0.61363,0.62612,0.6335,0.63644,0.6355,0.63416,0.64434,0.67267,0.69438,0.70163,0.72081
0,0.064648,0.13044,0.19801,0.27097,0.34039,0.39917,0.44077,0.4727,0.50182,0.52983,0.5599,0.59287,0.62661,0.65571,0.69473,0.74854,0.8186,0.93575,1.0717,1.1233
0,0.1146,0.22042,0.31721,0.40026,0.46622,0.5078,0.53344,0.55332,0.56872,0.57974,0.58623,0.58732,0.5856,0.58518,0.59089,0.61634,0.68707,0.85565,1.0335,1.0227
0,0.12777,0.26108,0.37319,0.4706,0.55084,0.61021,0.64521,0.66256,0.66955,0.67016,0.65926,0.64843,0.63669,0.62263,0.62216,0.64601,0.70981,0.83291,0.93726,0.91442
0,0.11693,0.22868,0.3327,0.43071,0.51911,0.58878,0.63337,0.66388,0.68622,0.69826,0.70254,0.70124,0.70462,0.70558,0.7067,0.72022,0.74523,0.7926,0.8293,0.80347
0,0.11722,0.21855,0.31493,0.39774,0.47017,0.52661,0.56313,0.5945,0.62276,0.64672,0.66799,0.68296,0.6971,0.71149,0.72363,0.74023,0.7529,0.7523,0.75665,0.76261
0,0.073241,0.1408,0.20069,0.25666,0.30857,0.35494,0.39021,0.42341,0.45715,0.48788,0.51828,0.54494,0.57005,0.59086,0.61851,0.66148,0.72194,0.82335,0.94929,1.0092
0,0.12126,0.23636,0.34284,0.43616,0.52095,0.5985,0.66304,0.7167,0.76464,0.80738,0.84639,0.88208,0.92091,0.9666,1.0309,1.1236,1.2606,1.4459,1.6803,1.757
0,0.16777,0.32705,0.48225,0.62708,0.75378,0.83905,0.8917,0.92673,0.94388,0.94988,0.94457,0.937,0.93601,0.94062,0.95457,0.97875,0.9898,1.0647,1.2904,1.3033
0,0.14512,0.28477,0.41432,0.53523,0.64815,0.73079,0.78022,0.81192,0.82844,0.83311,0.82676,0.81827,0.81183,0.80729,0.81677,0.84654,0.89991,0.97988,1.0739,1.0065
0,0.13025,0.24829,0.35332,0.46543,0.57111,0.65181,0.70878,0.74778,0.77654,0.79885,0.81583,0.82825,0.83373,0.84277,0.86067,0.89319,0.93159,0.96027,0.97766,0.96697
0,0.071316,0.13572,0.19516,0.25064,0.30297,0.35114,0.3925,0.43213,0.46915,0.50521,0.53891,0.56527,0.59185,0.61602,0.6417,0.67734,0.74136,0.84015,0.9691,1.0084
0,0.11692,0.21534,0.31312,0.40972,0.49149,0.56017,0.61128,0.64851,0.67498,0.69617,0.71526,0.72901,0.74197,0.76118,0.79526,0.85824,0.98274,1.1903,1.463,1.515
0,0.13076,0.26049,0.38147,0.48385,0.56635,0.62348,0.66632,0.7017,0.72829,0.74932,0.7685,0.78985,0.80953,0.82446,0.83576,0.85989,0.9179,1.0409,1.2045,1.2181
0,0.14426,0.28309,0.41128,0.52772,0.62511,0.68993,0.72702,0.74694,0.75886,0.76576,0.76676,0.76281,0.76014,0.76304,0.77356,0.80351,0.86245,0.972,1.0829,1.0362
0,0.13743,0.26273,0.37399,0.47983,0.5815,0.65893,0.70921,0.74705,0.78103,0.80774,0.82681,0.84013,0.85264,0.86289,0.87771,0.91018,0.97979,1.0711,1.1599,1.163
0,0.072262,0.13735,0.19835,0.26155,0.3195,0.36872,0.40451,0.43432,0.46261,0.48679,0.50591,0.52571,0.54189,0.57168,0.60584,0.6548,0.716,0.80836,0.9168,0.96705
0,0.12228,0.22922,0.32403,0.40146,0.47304,0.53572,0.57644,0.60604,0.63123,0.65356,0.67232,0.68765,0.69675,0.70456,0.71682,0.75779,0.868,1.0728,1.3256,1.3452
0,0.13246,0.26761,0.40512,0.53657,0.64985,0.72474,0.77682,0.81419,0.83884,0.8526,0.85851,0.86126,0.86764,0.8736,0.88331,0.89327,0.91344,1.0171,1.1927,1.1226
0,0.14893,0.29765,0.43501,0.559,0.66128,0.73306,0.77671,0.80182,0.81493,0.81849,0.81043,0.79687,0.7796,0.77628,0.78463,0.80461,0.87152,0.97484,1.0858,1.0407
0,0.13587,0.25705,0.369,0.48539,0.59011,0.66603,0.71293,0.74156,0.76359,0.78059,0.79509,0.80946,0.82133,0.8344,0.84616,0.85208,0.87242,0.89901,0.91848,0.91301
0,0.061097,0.11811,0.17184,0.22417,0.28008,0.32967,0.36939,0.40623,0.44004,0.47079,0.49905,0.5217,0.54612,0.5699,0.60075,0.64316,0.6949,0.75699,0.82738,0.85153
0,0.11583,0.21242,0.30192,0.38908,0.46929,0.52937,0.5685,0.59817,0.62432,0.64628,0.66542,0.68275,0.69935,0.71918,0.74686,0.79527,0.9099,1.0889,1.3085,1.3076
0,0.12729,0.26141,0.4045,0.5433,0.65173,0.72351,0.77238,0.80422,0.82739,0.84338,0.8545,0.8594,0.87124,0.87987,0.87972,0.8706,0.87341,0.92276,1.0016,0.94279
0,0.13809,0.27419,0.39995,0.51,0.60025,0.66573,0.70608,0.73439,0.75176,0.76094,0.76352,0.76227,0.75458,0.74673,0.74552,0.75555,0.80228,0.89318,1.0175,0.99575
0,0.12945,0.24492,0.36261,0.48685,0.60821,0.69567,0.74946,0.78299,0.80314,0.81402,0.81335,0.80426,0.79193,0.78143,0.77812,0.78692,0.81297,0.83193,0.81845,0.75255
0,0.074371,0.14012,0.19088,0.23883,0.28912,0.33563,0.36376,0.39017,0.41707,0.44398,0.47269,0.49956,0.52839,0.56076,0.6015,0.67111,0.75756,0.8842,1.0037,0.99829
0,0.10621,0.20413,0.30089,0.39053,0.46876,0.51941,0.5484,0.5682,0.58543,0.59808,0.60397,0.6064,0.6123,0.62607,0.64376,0.69384,0.8131,1.0226,1.2346,1.2238
0,0.098683,0.21015,0.31877,0.42342,0.50891,0.5676,0.60541,0.63108,0.6479,0.65861,0.66207,0.65285,0.63381,0.61395,0.60055,0.61206,0.66965,0.77001,0.87158,0.84712
0,0.13275,0.2686,0.38674,0.47918,0.54723,0.5919,0.61708,0.63769,0.65378,0.66582,0.67539,0.68148,0.68835,0.69947,0.70936,0.71703,0.73478,0.77245,0.83242,0.81793
0,0.13619,0.2651,0.387,0.50385,0.60564,0.68153,0.72694,0.75723,0.78438,0.80413,0.81245,0.81342,0.80943,0.80896,0.81365,0.828,0.84553,0.86082,0.86509,0.83764
0,0.07907,0.16061,0.23696,0.30852,0.38247,0.445,0.48672,0.52307,0.55646,0.58778,0.61444,0.63886,0.66678,0.69895,0.74551,0.80847,0.9049,1.056,1.1937,1.225
0,0.11623,0.22709,0.32762,0.42493,0.51348,0.58017,0.63342,0.67784,0.71791,0.75895,0.79887,0.82939,0.85746,0.88518,0.92957,1.0055,1.1552,1.3841,1.622,1.6367
0,0.1679,0.33479,0.48678,0.61358,0.72064,0.7999,0.84626,0.87378,0.88943,0.90032,0.90936,0.91535,0.9227,0.93226,0.94872,0.98291,1.0638,1.2771,1.5575,1.5444
0,0.14867,0.29259,0.428,0.55673,0.67383,0.75739,0.81053,0.8441,0.86369,0.87359,0.87742,0.8797,0.88153,0.88499,0.89545,0.92083,0.97225,1.0525,1.1398,1.1022
0,0.14252,0.27989,0.4014,0.51362,0.62119,0.70665,0.76357,0.79863,0.8222,0.83364,0.83364,0.82587,0.81907,0.82159,0.84364,0.89067,0.94872,1.0103,1.04,0.99611
0,0.070745,0.13531,0.19676,0.25973,0.32652,0.38764,0.43984,0.48635,0.5314,0.58155,0.62745,0.6666,0.69904,0.73109,0.77634,0.83746,0.91853,1.0332,1.1493,1.1892
0,0.13619,0.26086,0.37021,0.46923,0.55598,0.62448,0.67946,0.7247,0.76507,0.79841,0.81842,0.82062,0.81313,0.81423,0.83847,0.8956,0.99973,1.1738,1.4316,1.5019
0,0.15769,0.30664,0.44205,0.56087,0.64303,0.6996,0.7315,0.75284,0.77033,0.78626,0.79958,0.80866,0.81488,0.82408,0.8479,0.91035,1.0376,1.2395,1.4796,1.448
0,0.15607,0.30783,0.45077,0.58397,0.69525,0.77313,0.81837,0.84326,0.85733,0.86617,0.87081,0.8697,0.8651,0.86175,0.86026,0.87055,0.91222,1.0129,1.1378,1.1061
0,0.14259,0.26889,0.37938,0.4868,0.59166,0.67141,0.72286,0.76099,0.79324,0.81783,0.83245,0.83945,0.84314,0.84746,0.85595,0.88461,0.94012,1.0091,1.0611,1.0223
0,0.068454,0.13745,0.20945,0.28567,0.35674,0.41616,0.46357,0.49846,0.529,0.55742,0.58588,0.61414,0.63595,0.67161,0.71697,0.78023,0.85957,0.9802,1.0824,1.1004
0,0.10549,0.20031,0.28662,0.36999,0.43744,0.48779,0.525,0.5536,0.58123,0.6042,0.62491,0.63886,0.65183,0.66891,0.69487,0.74713,0.8554,1.0676,1.2698,1.2461
0,0.15519,0.30452,0.43484,0.56332,0.67531,0.75587,0.80504,0.83022,0.84335,0.8476,0.84242,0.83668,0.8317,0.83349,0.84772,0.89925,1.038,1.2885,1.4958,1.4519
0,0.14095,0.27866,0.40485,0.5139,0.60037,0.66016,0.69733,0.71863,0.73331,0.74402,0.74662,0.7433,0.74108,0.74472,0.75885,0.79253,0.84481,0.92127,0.99879,0.96833
0,0.12935,0.24455,0.34709,0.44676,0.542,0.61698,0.66022,0.6867,0.70423,0.71782,0.73049,0.74485,0.75525,0.76459,0.76726,0.7812,0.82112,0.86029,0.88779,0.84861
0,0.06753,0.13113,0.18892,0.24333,0.29573,0.34479,0.38235,0.41284,0.44278,0.46986,0.4974,0.53282,0.57048,0.61123,0.65142,0.70167,0.76439,0.84584,0.93054,0.95277
0,0.12332,0.24485,0.36386,0.47684,0.56835,0.63008,0.66696,0.69671,0.71577,0.72736,0.73798,0.7491,0.76144,0.77371,0.79359,0.82651,0.88721,1.0235,1.2245,1.2158
0,0.13579,0.26585,0.40216,0.52589,0.62526,0.69935,0.74473,0.77351,0.79257,0.80419,0.8097,0.81148,0.81436,0.82034,0.83467,0.86782,0.9591,1.138,1.2918,1.2573
0,0.14508,0.27871,0.39316,0.49503,0.57464,0.62921,0.66108,0.68121,0.69712,0.71101,0.72099,0.72686,0.72918,0.72871,0.73688,0.76129,0.80315,0.88737,0.98836,0.98408
0,0.1305,0.25676,0.38296,0.51113,0.62412,0.70937,0.76002,0.78772,0.80204,0.80674,0.80153,0.79917,0.79618,0.79693,0.81296,0.83584,0.86454,0.88826,0.90165,0.85198
0,0.083213,0.16154,0.23861,0.31022,0.3774,0.43329,0.47685,0.51527,0.54947,0.5818,0.61366,0.64735,0.68484,0.72733,0.77002,0.82599,0.89777,1.0187,1.1348,1.1897
0,0.095952,0.19892,0.30601,0.41193,0.51023,0.58338,0.62699,0.6572,0.67914,0.69396,0.70562,0.71546,0.72257,0.73087,0.74623,0.78424,0.89694,1.0923,1.2427,1.2043
0,0.13559,0.26728,0.40176,0.53056,0.6357,0.70362,0.74125,0.75567,0.75707,0.75147,0.74221,0.72866,0.71767,0.71205,0.72718,0.77921,0.89567,1.0832,1.2282,1.1896
0,0.13429,0.25919,0.37086,0.46534,0.53968,0.59143,0.62431,0.64828,0.66676,0.68105,0.69195,0.70147,0.71444,0.72964,0.74597,0.76407,0.78621,0.82841,0.88422,0.89549
0,0.12687,0.2515,0.36925,0.48641,0.59391,0.67618,0.72644,0.75528,0.77594,0.78876,0.79468,0.79598,0.79324,0.78804,0.78862,0.79625,0.81777,0.85058,0.86947,0.82783
0,0.059738,0.1194,0.17301,0.22078,0.26268,0.29933,0.32448,0.3435,0.36301,0.38126,0.3974,0.41454,0.43481,0.46318,0.49969,0.55312,0.61185,0.67041,0.76768,0.91192
