0,0.1263,0.2589,0.39572,0.52584,0.63334,0.7149,0.7787,0.82899,0.86528,0.88397,0.88847,0.88542,0.88094,0.87463,0.88172,0.89942,0.92084,0.95076,0.99558,1.0441
0,0.13225,0.25795,0.38705,0.50093,0.59875,0.67247,0.73041,0.77252,0.80014,0.81442,0.81639,0.80548,0.79788,0.78947,0.78139,0.7722,0.77523,0.80153,0.84079,0.88978
0,0.12712,0.25406,0.37319,0.49966,0.61172,0.69985,0.77009,0.83016,0.87508,0.90012,0.91775,0.92913,0.92927,0.92513,0.91576,0.89842,0.87905,0.85583,0.84632,0.85131
0,0.16682,0.32429,0.46368,0.59432,0.71603,0.80741,0.87376,0.93338,0.97906,1.0114,1.0301,1.0355,1.035,1.031,1.0187,1.0025,0.99384,0.99699,1.0071,1.0135
0,0.090709,0.1776,0.25624,0.33412,0.39376,0.44211,0.48098,0.51249,0.53142,0.53398,0.53008,0.52485,0.51647,0.51372,0.51986,0.53582,0.56085,0.58824,0.59847,0.59358
0,0.15317,0.30613,0.43557,0.55564,0.65923,0.73872,0.797,0.83906,0.86542,0.8805,0.89057,0.89212,0.89275,0.89589,0.89822,0.90164,0.90419,0.91459,0.93661,0.95955
0,0.12227,0.22523,0.32783,0.41525,0.48681,0.53897,0.57649,0.60309,0.61965,0.63256,0.64395,0.65121,0.65686,0.66201,0.66695,0.66939,0.67353,0.69073,0.73631,0.80741
0,0.12717,0.26015,0.38559,0.49752,0.59359,0.67055,0.72825,0.76762,0.80058,0.82346,0.83414,0.83914,0.84047,0.83791,0.827,0.80351,0.78165,0.76104,0.74178,0.7478
0,0.13224,0.26023,0.36635,0.45348,0.52371,0.58251,0.63369,0.6732,0.70125,0.71669,0.72258,0.71737,0.7101,0.69861,0.69087,0.68206,0.67352,0.66542,0.66265,0.66551
0,0.075266,0.14969,0.22901,0.30751,0.39371,0.47109,0.53261,0.58194,0.61302,0.62594,0.62751,0.61534,0.6087,0.60987,0.62724,0.64759,0.65954,0.66501,0.65279,0.62197
0,0.12474,0.24719,0.37892,0.50432,0.60806,0.69427,0.75406,0.79543,0.82442,0.84206,0.85017,0.84579,0.84066,0.83827,0.83412,0.83324,0.83972,0.85253,0.88004,0.91709
0,0.13334,0.25959,0.37815,0.48532,0.58263,0.65735,0.71331,0.75444,0.7854,0.79748,0.79146,0.77246,0.75536,0.74487,0.74015,0.73556,0.73463,0.75077,0.78746,0.83006
0,0.1114,0.22189,0.33437,0.43905,0.52405,0.59471,0.65263,0.69902,0.73039,0.75093,0.7618,0.76515,0.757,0.74197,0.72562,0.70839,0.68649,0.6699,0.66604,0.67146
0,0.14456,0.28686,0.41637,0.51952,0.60103,0.66813,0.72656,0.78032,0.81915,0.84587,0.85503,0.84964,0.8373,0.82019,0.7977,0.77635,0.75812,0.75035,0.76291,0.77945
0,0.078062,0.14939,0.22057,0.28858,0.3435,0.3898,0.43142,0.46025,0.48253,0.49745,0.49782,0.48692,0.47224,0.46017,0.46311,0.47623,0.49704,0.50692,0.48762,0.4575
0,0.10494,0.21438,0.32425,0.42922,0.51687,0.58285,0.63674,0.68138,0.71527,0.73719,0.75252,0.76164,0.76639,0.76857,0.76437,0.76083,0.75504,0.75233,0.76655,0.78909
0,0.10428,0.20309,0.29427,0.37294,0.45138,0.5152,0.56187,0.59719,0.61871,0.62822,0.63178,0.62664,0.61968,0.61427,0.60791,0.60308,0.60354,0.62256,0.6719,0.73197
0,0.13906,0.26877,0.38461,0.49837,0.59399,0.66856,0.72651,0.76732,0.79626,0.81012,0.81432,0.81322,0.81062,0.80862,0.80773,0.81232,0.81949,0.82271,0.82995,0.8515
0,0.20177,0.42477,0.64329,0.85199,1.0145,1.1374,1.2334,1.3107,1.3664,1.3957,1.4027,1.393,1.37,1.3474,1.3307,1.3161,1.3153,1.3366,1.3687,1.3913
0,0.11421,0.22573,0.33177,0.42682,0.50203,0.55441,0.59425,0.61923,0.63229,0.63523,0.62841,0.61185,0.58505,0.5553,0.52037,0.4916,0.46429,0.45097,0.44168,0.42426
0,0.12039,0.23725,0.34372,0.42596,0.4855,0.52505,0.54995,0.56655,0.57888,0.58519,0.58273,0.56889,0.54878,0.52301,0.49883,0.47849,0.46434,0.46086,0.46903,0.48644
0,0.090818,0.18109,0.2753,0.36852,0.4479,0.5033,0.53526,0.55684,0.57017,0.57016,0.55611,0.52689,0.49177,0.45782,0.42659,0.40338,0.39867,0.42119,0.46354,0.52037
0,0.12944,0.27891,0.42175,0.53988,0.64002,0.71347,0.76329,0.79218,0.80246,0.79553,0.7794,0.754,0.72246,0.6936,0.67368,0.66103,0.66076,0.66864,0.67773,0.70524
0,0.095662,0.19355,0.29204,0.3747,0.44349,0.49638,0.53813,0.56964,0.59092,0.59704,0.58757,0.56893,0.54888,0.51953,0.49302,0.47299,0.4653,0.47555,0.48176,0.4949
0,0.080936,0.15322,0.22465,0.29059,0.34796,0.40063,0.44146,0.47534,0.49941,0.51253,0.51273,0.50729,0.49557,0.48401,0.47749,0.47835,0.48662,0.49914,0.51233,0.53411
0,0.13659,0.27648,0.42144,0.55438,0.66467,0.75911,0.83552,0.89228,0.92998,0.95692,0.96837,0.96372,0.94962,0.93598,0.91962,0.90527,0.91039,0.93253,0.96807,0.9899
0,0.15189,0.30163,0.43802,0.55578,0.65588,0.73055,0.78288,0.81857,0.84384,0.8563,0.86116,0.85782,0.85269,0.85312,0.85413,0.85535,0.85697,0.86534,0.89585,0.94127
0,0.13905,0.27819,0.42651,0.5749,0.69481,0.79709,0.87606,0.93839,0.98613,1.0164,1.028,1.0236,1.0109,0.99239,0.96041,0.92772,0.9056,0.89596,0.91098,0.94599
0,0.14426,0.28747,0.42533,0.5571,0.66501,0.74554,0.8091,0.85786,0.89475,0.92379,0.94282,0.95182,0.95488,0.94667,0.92423,0.89645,0.8702,0.8575,0.85467,0.84974
0,0.078898,0.14998,0.21289,0.2699,0.3218,0.36455,0.40462,0.44017,0.47095,0.49448,0.51136,0.5161,0.5134,0.51381,0.51878,0.53128,0.54555,0.55469,0.57635,0.59422
0,0.1545,0.31295,0.46751,0.60528,0.71644,0.80559,0.87383,0.9281,0.97187,0.99573,1.0016,1.0016,0.99909,0.99647,0.99656,1.011,1.0295,1.0517,1.0583,1.0535
0,0.10875,0.21708,0.32713,0.42792,0.50905,0.57027,0.61505,0.65991,0.69888,0.72411,0.7346,0.73216,0.72709,0.71931,0.71582,0.7156,0.72341,0.75068,0.798,0.87936
0,0.15373,0.30865,0.45793,0.59094,0.69202,0.77453,0.84127,0.89378,0.9323,0.9568,0.96773,0.97061,0.96346,0.95483,0.93751,0.91208,0.87979,0.85733,0.86378,0.90625
0,0.14294,0.26811,0.37091,0.45795,0.53699,0.59702,0.64597,0.68297,0.70855,0.72338,0.72716,0.72281,0.717,0.71156,0.70209,0.69069,0.68691,0.69116,0.70807,0.738
0,0.097497,0.1862,0.26714,0.34309,0.41467,0.47135,0.51475,0.54858,0.57505,0.59102,0.59816,0.59511,0.5885,0.57801,0.56887,0.57058,0.5756,0.58136,0.57166,0.55337
0,0.14961,0.29495,0.44272,0.57532,0.68871,0.77952,0.85131,0.90604,0.94944,0.98131,0.99733,0.99536,0.99041,0.97956,0.95283,0.91783,0.88826,0.87555,0.89198,0.92291
0,0.13006,0.25207,0.37624,0.49239,0.5915,0.66643,0.7195,0.75723,0.78053,0.78748,0.78825,0.78143,0.77446,0.76322,0.75448,0.7511,0.75558,0.78222,0.83147,0.90266
0,0.1297,0.25408,0.37139,0.47729,0.57559,0.65434,0.718,0.76839,0.80711,0.83057,0.83865,0.83653,0.82779,0.81243,0.78447,0.75531,0.73826,0.73044,0.73201,0.74474
0,0.15226,0.29473,0.42073,0.53008,0.619,0.68211,0.73706,0.78453,0.81879,0.84282,0.84998,0.83605,0.80976,0.77766,0.75065,0.72586,0.71837,0.7343,0.75661,0.77627
0,0.07873,0.15781,0.2426,0.32607,0.40062,0.45698,0.502,0.53574,0.55514,0.56121,0.55359,0.53661,0.51066,0.47816,0.45139,0.43047,0.42169,0.41786,0.41521,0.40226
0,0.12485,0.24387,0.35636,0.45995,0.54352,0.60034,0.63942,0.66993,0.68821,0.69487,0.69207,0.67784,0.65736,0.62871,0.59832,0.56708,0.54063,0.52372,0.52743,0.54434
0,0.12654,0.25932,0.37417,0.47669,0.55884,0.61089,0.64127,0.65785,0.66266,0.65159,0.62601,0.59045,0.54893,0.50803,0.463,0.42872,0.43222,0.48822,0.55982,0.62083
0,0.12096,0.24279,0.36563,0.48127,0.57258,0.6372,0.68948,0.72898,0.75502,0.76546,0.75798,0.73294,0.69654,0.65694,0.6136,0.56873,0.54078,0.52609,0.52135,0.52674
0,0.12425,0.23461,0.33782,0.42652,0.49859,0.5543,0.59693,0.6271,0.64855,0.6645,0.67625,0.68092,0.67604,0.65883,0.6295,0.60417,0.57734,0.53838,0.512,0.50994
0,0.078821,0.15786,0.24721,0.33012,0.39784,0.4546,0.50118,0.53884,0.56835,0.58633,0.58843,0.58302,0.57274,0.555,0.53275,0.53759,0.55812,0.58926,0.62838,0.65523
0,0.11089,0.22325,0.32712,0.41424,0.486,0.54223,0.58743,0.61792,0.63739,0.65011,0.65359,0.64808,0.63659,0.61902,0.60857,0.60075,0.59726,0.60153,0.6316,0.67538
0,0.090978,0.17396,0.24683,0.30964,0.36074,0.39917,0.43107,0.46112,0.48353,0.49535,0.49793,0.49848,0.49817,0.49609,0.49245,0.4901,0.4881,0.49345,0.53816,0.61952
0,0.10812,0.21524,0.30778,0.3923,0.46969,0.53548,0.59665,0.6467,0.69028,0.7154,0.73157,0.74258,0.74819,0.7478,0.74783,0.74308,0.72981,0.71957,0.72194,0.74712
0,0.1303,0.2511,0.35792,0.45329,0.53685,0.60852,0.67526,0.73277,0.78452,0.83296,0.87223,0.90145,0.9169,0.91665,0.90519,0.88024,0.84655,0.81681,0.80597,0.79644
0,0.10594,0.19673,0.27065,0.33691,0.39233,0.43194,0.46265,0.4876,0.50816,0.52012,0.52843,0.5361,0.54051,0.53805,0.53901,0.55234,0.56323,0.55837,0.53666,0.51419
0,0.12784,0.2607,0.40054,0.53596,0.66259,0.77486,0.86265,0.93387,0.98357,1.0141,1.0252,1.0228,1.016,1.0088,0.99745,0.99575,1.0045,1.0271,1.0564,1.074
0,0.1618,0.3071,0.44754,0.57983,0.69378,0.76905,0.82203,0.86255,0.88988,0.90543,0.90983,0.90006,0.88347,0.86801,0.86005,0.86638,0.8799,0.9143,0.95284,0.98567
0,0.13113,0.26606,0.3936,0.50221,0.5869,0.65435,0.70737,0.75222,0.78766,0.81437,0.83074,0.83456,0.8305,0.82149,0.80254,0.78078,0.76759,0.7759,0.8123,0.86372
0,0.13622,0.26325,0.3829,0.49425,0.57794,0.64178,0.69684,0.74384,0.78436,0.81265,0.83161,0.83387,0.82855,0.81708,0.80341,0.78392,0.76133,0.74544,0.73987,0.75215
0,0.0976,0.18988,0.26744,0.33835,0.40475,0.45582,0.4966,0.5317,0.56041,0.58235,0.59504,0.60009,0.59279,0.58043,0.56655,0.55149,0.53948,0.53674,0.54235,0.55878
0,0.12933,0.26292,0.40381,0.54167,0.66432,0.77393,0.86724,0.94126,0.98767,1.0189,1.0309,1.025,1.0112,0.992,0.97856,0.97484,0.97461,0.98254,1.0046,1.0227
0,0.14874,0.31403,0.47557,0.61843,0.72955,0.81449,0.87622,0.92455,0.95881,0.9799,0.99042,0.98709,0.97675,0.96542,0.95231,0.92958,0.91915,0.92612,0.9689,1.0319
0,0.12397,0.23787,0.34007,0.43839,0.52092,0.58747,0.64128,0.68383,0.71655,0.74282,0.76286,0.76809,0.76189,0.75469,0.74742,0.73529,0.73337,0.74235,0.77658,0.82431
0,0.16832,0.33098,0.48752,0.60152,0.67723,0.73208,0.7755,0.80804,0.83457,0.85318,0.85846,0.85378,0.84599,0.83873,0.84096,0.85147,0.86383,0.87389,0.87202,0.8808
0,0.082063,0.16137,0.23698,0.31027,0.37511,0.42945,0.47019,0.50053,0.51944,0.52568,0.52873,0.52367,0.5108,0.49321,0.47488,0.45734,0.43387,0.4165,0.40425,0.3965
0,0.12262,0.24041,0.34595,0.45039,0.54051,0.61887,0.68472,0.73093,0.75394,0.76363,0.76496,0.7552,0.73144,0.70285,0.67214,0.63862,0.60009,0.58273,0.5906,0.60729
0,0.12884,0.25674,0.38014,0.48918,0.57933,0.6394,0.68121,0.71178,0.73162,0.73592,0.72164,0.69134,0.64861,0.59974,0.54926,0.50547,0.47609,0.49341,0.54282,0.6002
0,0.1077,0.2187,0.32383,0.42757,0.51582,0.58222,0.6329,0.66908,0.69606,0.70796,0.70418,0.68532,0.65479,0.61892,0.56602,0.50917,0.46082,0.44299,0.46873,0.52965
0,0.17253,0.34193,0.50091,0.63311,0.73909,0.82429,0.87705,0.91198,0.9144,0.88559,0.84694,0.80754,0.76865,0.73202,0.69915,0.66876,0.6333,0.59239,0.58622,0.61101
0,0.081708,0.1623,0.24,0.30973,0.37011,0.4211,0.46313,0.49775,0.52199,0.53394,0.5358,0.53009,0.52599,0.52365,0.53524,0.54777,0.56091,0.56626,0.56153,0.53086
0,0.1109,0.2058,0.29216,0.36216,0.41259,0.45273,0.48395,0.50827,0.52938,0.54138,0.5405,0.53443,0.52445,0.51668,0.50867,0.50888,0.51409,0.53329,0.56316,0.59857
0,0.096295,0.18624,0.26861,0.3479,0.41781,0.46715,0.50711,0.54134,0.56309,0.57288,0.57989,0.58496,0.58612,0.5822,0.57873,0.57406,0.56352,0.56488,0.59862,0.66427
0,0.091379,0.18091,0.26664,0.34485,0.41602,0.47563,0.52441,0.56594,0.59636,0.61512,0.62845,0.63757,0.64565,0.64817,0.64783,0.64058,0.62594,0.62406,0.63702,0.66409
0,0.14355,0.29074,0.43961,0.56954,0.6692,0.75116,0.81928,0.87844,0.93005,0.97743,1.0243,1.0591,1.0803,1.0862,1.0773,1.0511,1.0199,0.98212,0.95547,0.95644
0,0.10774,0.20367,0.29069,0.36919,0.43146,0.47518,0.51094,0.53967,0.56003,0.57103,0.57698,0.57877,0.57711,0.57194,0.56893,0.57769,0.60113,0.62563,0.65284,0.66916
0,0.10922,0.20405,0.28566,0.34758,0.39839,0.43856,0.46948,0.49297,0.5063,0.51169,0.51267,0.5126,0.51039,0.50823,0.50893,0.5231,0.54315,0.57155,0.60922,0.64422
0,0.082119,0.15332,0.21764,0.27869,0.33144,0.37082,0.40392,0.43106,0.45009,0.46276,0.47491,0.48796,0.49706,0.49929,0.49424,0.48301,0.47839,0.49745,0.53994,0.59534
0,0.095154,0.19383,0.28783,0.37432,0.45053,0.51804,0.57508,0.62281,0.65946,0.68548,0.6953,0.69334,0.68405,0.67589,0.6705,0.66669,0.66162,0.65222,0.6438,0.6539
0,0.17307,0.34066,0.49974,0.64112,0.75492,0.84013,0.90832,0.96205,1.0012,1.0299,1.0498,1.0516,1.0367,1.0146,0.99547,0.9797,0.96229,0.95289,0.96762,0.99814
0,0.10258,0.19693,0.28444,0.35953,0.42713,0.47906,0.52101,0.55917,0.589,0.60841,0.61345,0.6117,0.60809,0.60372,0.60409,0.6035,0.60304,0.60731,0.61034,0.60074
0,0.1362,0.27915,0.42904,0.58337,0.72648,0.84176,0.93451,1.0147,1.0806,1.1279,1.1489,1.148,1.1359,1.1145,1.088,1.0616,1.0389,1.0258,1.0418,1.0538
0,0.12601,0.24409,0.36124,0.46607,0.54463,0.60597,0.65298,0.6861,0.70618,0.71684,0.71704,0.7129,0.70915,0.69939,0.68467,0.67387,0.67868,0.69491,0.71928,0.74873
0,0.11745,0.2464,0.36647,0.47391,0.55951,0.62881,0.68401,0.72945,0.767,0.79948,0.827,0.85097,0.86532,0.86391,0.84776,0.82177,0.80051,0.79825,0.82311,0.87735
0,0.14652,0.28746,0.41955,0.54209,0.64292,0.72428,0.79001,0.84704,0.89509,0.9285,0.94473,0.94011,0.92437,0.90099,0.87716,0.85585,0.83743,0.82926,0.82845,0.8343
0,0.098773,0.1917,0.27552,0.35142,0.41384,0.46378,0.50282,0.53378,0.557,0.5699,0.57416,0.57054,0.5572,0.53711,0.51767,0.49517,0.46781,0.45375,0.45961,0.48017
0,0.14829,0.32554,0.50629,0.66841,0.79901,0.89313,0.96199,1.0094,1.0323,1.0407,1.0366,1.0196,0.99173,0.96013,0.928,0.90065,0.87395,0.85937,0.85761,0.86814
0,0.14791,0.27846,0.39307,0.48122,0.54367,0.58446,0.61192,0.63,0.64086,0.64304,0.63622,0.62174,0.60208,0.57515,0.53871,0.49766,0.4645,0.46239,0.49524,0.54608
0,0.12276,0.25596,0.38332,0.49006,0.57111,0.62928,0.67761,0.71675,0.73894,0.74151,0.72705,0.70203,0.66409,0.61184,0.55173,0.48547,0.43733,0.45463,0.51254,0.57955
0,0.14811,0.30985,0.46113,0.58813,0.69265,0.77475,0.83748,0.88156,0.90528,0.91532,0.90758,0.8871,0.85254,0.80746,0.76195,0.70849,0.6657,0.64833,0.65029,0.65858
0,0.085383,0.17245,0.26023,0.34018,0.41416,0.46814,0.51062,0.54857,0.57948,0.59572,0.60416,0.60386,0.59471,0.58845,0.58387,0.58587,0.6048,0.61863,0.62444,0.62407
0,0.11557,0.22098,0.33194,0.44247,0.54015,0.6151,0.67548,0.71802,0.74376,0.75645,0.75564,0.74784,0.7353,0.72307,0.71341,0.70568,0.71209,0.73011,0.75942,0.80828
0,0.11989,0.22988,0.32948,0.41449,0.4742,0.5184,0.55461,0.58301,0.60104,0.60965,0.61576,0.61813,0.61959,0.61866,0.61906,0.62397,0.63357,0.6566,0.69508,0.7461
0,0.12041,0.23035,0.33606,0.42858,0.504,0.56108,0.61281,0.65717,0.69183,0.71491,0.72764,0.73186,0.7282,0.71926,0.71186,0.70074,0.68993,0.68942,0.70606,0.75959
0,0.14625,0.29644,0.43028,0.53722,0.6222,0.68936,0.74234,0.78358,0.81447,0.83753,0.85645,0.86541,0.86796,0.86494,0.85571,0.83588,0.79946,0.76921,0.75227,0.75362
0,0.08716,0.16655,0.24178,0.3092,0.36024,0.39812,0.42779,0.44959,0.46837,0.47924,0.47899,0.47016,0.46258,0.46231,0.46248,0.47118,0.47893,0.47766,0.48338,0.49192
0,0.12009,0.23587,0.33459,0.41955,0.49492,0.55614,0.608,0.64336,0.66072,0.6645,0.6578,0.64367,0.62848,0.61891,0.61828,0.63542,0.65985,0.68967,0.71591,0.74342
0,0.094627,0.1853,0.26754,0.34157,0.39652,0.43656,0.47095,0.50138,0.52532,0.543,0.55487,0.56495,0.57414,0.575,0.57114,0.55854,0.55505,0.55836,0.58533,0.62703
0,0.089249,0.18875,0.28163,0.36137,0.42867,0.48003,0.51865,0.55293,0.58033,0.59681,0.60298,0.60172,0.59679,0.59139,0.58225,0.56857,0.5546,0.54129,0.54486,0.57255
0,0.13993,0.27506,0.39954,0.51781,0.62077,0.70146,0.76596,0.81581,0.85187,0.87748,0.89205,0.88641,0.87759,0.85984,0.83469,0.80889,0.79274,0.79743,0.81347,0.82888
0,0.078936,0.15106,0.219,0.27491,0.31722,0.34841,0.377,0.40248,0.42262,0.43724,0.44929,0.45148,0.45042,0.44859,0.4534,0.47076,0.49528,0.5199,0.53408,0.54022
0,0.11067,0.2247,0.33699,0.44065,0.52447,0.59033,0.64116,0.68046,0.70822,0.72411,0.72729,0.72,0.70766,0.69299,0.68009,0.67325,0.66864,0.67582,0.69411,0.73438
0,0.092464,0.19045,0.28453,0.36806,0.43228,0.47848,0.5137,0.54151,0.56173,0.57664,0.58564,0.59457,0.6012,0.60679,0.6122,0.6173,0.62768,0.64955,0.6847,0.72463
0,0.10549,0.20564,0.29578,0.3768,0.43917,0.48885,0.52809,0.56006,0.58203,0.59545,0.60239,0.60136,0.5976,0.5902,0.57994,0.56544,0.5493,0.54862,0.56364,0.59435
0,0.12984,0.25821,0.38912,0.49784,0.59183,0.67002,0.73917,0.80548,0.85557,0.8873,0.9031,0.90466,0.89836,0.87835,0.86044,0.84497,0.8374,0.83566,0.85273,0.87584
0,0.10305,0.21405,0.31396,0.40559,0.48665,0.54434,0.58784,0.61925,0.63127,0.63003,0.61632,0.5983,0.5763,0.5567,0.53925,0.52553,0.50999,0.49049,0.45938,0.43768
0,0.21838,0.43532,0.61097,0.74165,0.83961,0.90422,0.95101,0.97704,0.98816,0.98447,0.96702,0.94043,0.9091,0.86443,0.80823,0.75824,0.71633,0.69407,0.68695,0.69642
0,0.14999,0.30631,0.46213,0.59955,0.69734,0.76186,0.80821,0.83939,0.85577,0.85651,0.84087,0.81322,0.77004,0.71978,0.66681,0.62192,0.58739,0.57688,0.58437,0.59843
0,0.12431,0.25958,0.39604,0.52498,0.63732,0.71986,0.77727,0.81438,0.83826,0.84795,0.84359,0.82223,0.79037,0.74805,0.68846,0.63076,0.58056,0.56967,0.60468,0.67102
0,0.12315,0.24408,0.35448,0.44391,0.51569,0.57853,0.62987,0.67042,0.70272,0.73245,0.74055,0.72285,0.68343,0.63035,0.57177,0.52166,0.47434,0.43557,0.43087,0.46035
0,0.08025,0.15661,0.24036,0.33307,0.40459,0.45984,0.50849,0.555,0.59055,0.61521,0.62818,0.62802,0.62256,0.62364,0.62893,0.6429,0.65916,0.67557,0.69593,0.72251
0,0.19797,0.3977,0.58769,0.74612,0.86653,0.95531,1.0234,1.0795,1.1167,1.1375,1.1453,1.1401,1.1252,1.0992,1.0742,1.0574,1.059,1.0641,1.0791,1.0878
0,0.13988,0.27467,0.41413,0.53189,0.6279,0.69996,0.74634,0.77847,0.79674,0.80136,0.79482,0.7768,0.7549,0.73415,0.71227,0.69383,0.67783,0.67495,0.70252,0.74218
0,0.1326,0.25913,0.36816,0.46326,0.53604,0.58921,0.63223,0.66339,0.68573,0.69561,0.69612,0.68744,0.67236,0.6516,0.63385,0.61308,0.5934,0.60185,0.63112,0.69232
0,0.099165,0.19922,0.29262,0.37146,0.43658,0.49702,0.5483,0.58942,0.6201,0.64679,0.66376,0.67672,0.68669,0.69243,0.69463,0.69108,0.68027,0.67231,0.69046,0.72899
0,0.092048,0.17775,0.26118,0.33121,0.38808,0.43175,0.46675,0.49197,0.51034,0.51637,0.51324,0.50218,0.49055,0.49192,0.50386,0.52329,0.54529,0.55915,0.54943,0.52592
0,0.13943,0.26394,0.37072,0.45577,0.52435,0.57739,0.61857,0.65008,0.67251,0.68468,0.68991,0.68889,0.68175,0.66788,0.66079,0.66414,0.67192,0.69232,0.72551,0.75923
0,0.12897,0.24757,0.34856,0.43676,0.51005,0.56531,0.60983,0.64283,0.67078,0.68493,0.68771,0.68353,0.67754,0.6656,0.64391,0.62146,0.60826,0.62235,0.65351,0.69155
0,0.088738,0.1691,0.24751,0.32636,0.39869,0.45803,0.50353,0.54094,0.56966,0.58843,0.5958,0.5978,0.59818,0.58967,0.57056,0.54614,0.5301,0.52923,0.55439,0.61398
0,0.12641,0.23884,0.33879,0.4203,0.48906,0.54627,0.59807,0.64204,0.67844,0.70804,0.73338,0.74508,0.74984,0.74785,0.74251,0.73099,0.71125,0.68581,0.66478,0.67389
0,0.093915,0.17586,0.23886,0.29522,0.34728,0.38915,0.42619,0.45459,0.46976,0.46969,0.46446,0.45553,0.44647,0.44425,0.45455,0.47197,0.48274,0.48992,0.49179,0.48552
0,0.12237,0.23444,0.34625,0.45326,0.54107,0.60933,0.66391,0.70321,0.72937,0.74242,0.74064,0.72929,0.71243,0.69728,0.68303,0.67919,0.68311,0.69554,0.71746,0.73662
0,0.10818,0.21084,0.30404,0.38592,0.45268,0.50052,0.53445,0.56188,0.58158,0.59015,0.59008,0.58571,0.58192,0.57479,0.56679,0.55859,0.55568,0.57365,0.61155,0.64511
0,0.089363,0.17973,0.26518,0.34712,0.41641,0.47473,0.52157,0.55721,0.57797,0.58847,0.58797,0.58118,0.57403,0.56566,0.55698,0.55177,0.5501,0.56049,0.58697,0.64562
0,0.12014,0.22857,0.32306,0.40395,0.47356,0.53098,0.58264,0.63117,0.66841,0.69003,0.69484,0.68842,0.67592,0.65705,0.64031,0.62459,0.61542,0.61697,0.6308,0.64766
0,0.081609,0.1598,0.2326,0.30062,0.35689,0.40404,0.43866,0.46584,0.4824,0.49129,0.49363,0.49267,0.49295,0.49853,0.51017,0.52754,0.55143,0.57613,0.5858,0.59865
0,0.10001,0.20012,0.29783,0.39634,0.47832,0.54211,0.58981,0.6249,0.64959,0.66172,0.66556,0.65838,0.64357,0.62464,0.60067,0.58154,0.57153,0.57431,0.60007,0.64508
0,0.11335,0.21934,0.31454,0.40204,0.47209,0.52471,0.56731,0.59691,0.61866,0.62846,0.62998,0.63053,0.62723,0.61805,0.60749,0.60062,0.59999,0.61679,0.64456,0.67352
0,0.09207,0.1817,0.26713,0.34595,0.40935,0.46002,0.50566,0.54218,0.56644,0.58031,0.58557,0.58507,0.58369,0.58201,0.57798,0.57375,0.57411,0.5867,0.62537,0.67627
0,0.11098,0.21787,0.32247,0.42591,0.52103,0.59758,0.66227,0.71165,0.74161,0.75859,0.7673,0.7639,0.74697,0.72664,0.71152,0.70001,0.6919,0.69662,0.70974,0.72963
0,0.09215,0.19004,0.28402,0.37347,0.4559,0.52209,0.58001,0.61935,0.6417,0.65147,0.65518,0.65741,0.65802,0.66263,0.6645,0.66899,0.66465,0.643,0.60345,0.54847
0,0.12625,0.26366,0.41733,0.57362,0.71481,0.82882,0.90828,0.97231,1.0159,1.0462,1.058,1.0577,1.0574,1.0571,1.054,1.0644,1.0896,1.1255,1.163,1.1915
0,0.1424,0.26863,0.39148,0.50972,0.60797,0.68114,0.73516,0.77274,0.8006,0.8166,0.82238,0.81569,0.80574,0.79765,0.78877,0.77871,0.77377,0.78428,0.82049,0.86766
0,0.13978,0.28317,0.42887,0.57756,0.70254,0.80768,0.89971,0.971,1.029,1.0709,1.0936,1.0965,1.087,1.0757,1.0668,1.0504,1.0203,0.98903,0.97025,0.96107
0,0.16138,0.3338,0.50289,0.66215,0.8048,0.92196,1.0199,1.0955,1.1618,1.2115,1.2349,1.2375,1.2269,1.2088,1.1921,1.1829,1.181,1.1943,1.218,1.2208
0,0.10014,0.20229,0.29928,0.38316,0.45541,0.51081,0.55244,0.58024,0.60116,0.61257,0.61174,0.60688,0.59495,0.5929,0.59898,0.61043,0.62214,0.63099,0.62243,0.59522
0,0.14524,0.30543,0.45908,0.59336,0.70725,0.79066,0.84887,0.89278,0.92684,0.95472,0.96592,0.9682,0.96971,0.97002,0.97071,0.96607,0.96382,0.96826,0.97457,0.96723
0,0.11962,0.24237,0.36933,0.48772,0.57506,0.6365,0.68706,0.72662,0.75532,0.7712,0.77552,0.76995,0.76091,0.75347,0.74408,0.73191,0.73317,0.76082,0.81471,0.87687
0,0.15815,0.32514,0.48506,0.61572,0.73061,0.82964,0.90901,0.97345,1.0182,1.0455,1.0544,1.0516,1.0443,1.0362,1.0191,0.99521,0.96669,0.94505,0.9293,0.93364
0,0.16215,0.29677,0.42339,0.53531,0.62995,0.70308,0.76299,0.81596,0.85542,0.88594,0.90208,0.90367,0.89851,0.8898,0.88531,0.88189,0.87654,0.87518,0.88652,0.88712
0,0.085105,0.1771,0.27532,0.37302,0.46637,0.54418,0.59944,0.64731,0.68292,0.69574,0.68906,0.67713,0.67375,0.681,0.69139,0.70791,0.71644,0.70359,0.68448,0.62277
0,0.13536,0.2794,0.42387,0.56398,0.69297,0.80573,0.89743,0.96998,1.0291,1.0729,1.0878,1.0856,1.0782,1.0747,1.0683,1.0648,1.0673,1.0865,1.1101,1.1301
0,0.13222,0.28466,0.44052,0.57898,0.68683,0.77026,0.83,0.87597,0.90889,0.92727,0.93503,0.93707,0.92809,0.91341,0.89988,0.89191,0.90186,0.92353,0.95109,0.96904
0,0.12991,0.25786,0.38117,0.49819,0.60645,0.68651,0.75127,0.79925,0.8372,0.85879,0.87286,0.87908,0.87609,0.87057,0.86055,0.84618,0.82457,0.80245,0.78518,0.77433
0,0.17511,0.33896,0.48346,0.6094,0.71181,0.79815,0.8695,0.93121,0.97978,1.0157,1.0325,1.0386,1.0342,1.0225,1.0156,1.0077,1.008,1.0067,1.0201,1.0299
0,0.096102,0.19157,0.28604,0.37459,0.4508,0.50608,0.54959,0.58401,0.60943,0.61897,0.61633,0.60414,0.59485,0.5878,0.586,0.59326,0.6035,0.58901,0.54497,0.47906
0,0.11652,0.23881,0.37939,0.52726,0.65638,0.75383,0.82659,0.88411,0.91805,0.93528,0.94013,0.93542,0.92859,0.92929,0.93414,0.93826,0.93319,0.9154,0.88821,0.8769
0,0.11176,0.22475,0.3405,0.44961,0.53962,0.60228,0.65336,0.69659,0.72825,0.74848,0.75624,0.74915,0.7389,0.73216,0.72293,0.71045,0.70319,0.71583,0.74504,0.77587
0,0.17692,0.34193,0.49352,0.64546,0.76951,0.855,0.9246,0.98072,1.0193,1.0385,1.0532,1.0618,1.074,1.0899,1.1013,1.0972,1.0854,1.0888,1.0953,1.0967
0,0.17513,0.3728,0.59813,0.81519,1.0013,1.1409,1.2524,1.339,1.3986,1.4298,1.4279,1.4063,1.3841,1.3581,1.3428,1.3428,1.3533,1.3876,1.4257,1.4343
0,0.13203,0.26793,0.39717,0.51223,0.61622,0.69876,0.76267,0.80575,0.83472,0.84721,0.83956,0.81285,0.76845,0.72172,0.68553,0.6616,0.64276,0.63502,0.61923,0.55344
0,0.13968,0.27866,0.39972,0.49328,0.56035,0.61,0.64426,0.66976,0.68696,0.69965,0.70718,0.71104,0.70727,0.69167,0.66791,0.63562,0.59939,0.57278,0.5675,0.5909
0,0.12742,0.26029,0.38254,0.48916,0.56907,0.62176,0.66028,0.69043,0.71293,0.72425,0.72063,0.6973,0.66736,0.62824,0.58046,0.53978,0.5096,0.50325,0.522,0.56917
0,0.14749,0.2909,0.43594,0.55504,0.6431,0.70318,0.7436,0.7729,0.78588,0.78978,0.78656,0.78778,0.79089,0.79447,0.81087,0.82061,0.82634,0.81859,0.82151,0.85338
0,0.099677,0.2024,0.30797,0.40496,0.48386,0.54148,0.58966,0.63187,0.6613,0.68039,0.68621,0.67962,0.67057,0.66103,0.65396,0.65335,0.64916,0.65002,0.65238,0.66639
0,0.088107,0.17591,0.27383,0.37136,0.45182,0.51728,0.55983,0.58964,0.6067,0.61658,0.61483,0.60235,0.58976,0.57732,0.56269,0.55374,0.55409,0.54089,0.51649,0.51488
0,0.12207,0.26286,0.41987,0.58426,0.73119,0.84485,0.93558,1.0061,1.0542,1.0924,1.1097,1.098,1.0777,1.0565,1.0367,1.0172,1.01,1.0171,1.0226,1.0266
0,0.16727,0.3414,0.50021,0.63944,0.75441,0.84259,0.90424,0.95081,0.98371,0.99959,0.99989,0.99955,0.99796,0.98753,0.97094,0.94547,0.92825,0.93372,0.95775,1.0041
0,0.12874,0.27435,0.43234,0.58582,0.72652,0.83753,0.92468,0.99146,1.04,1.075,1.0936,1.1044,1.1081,1.0985,1.0805,1.0579,1.0297,1.0085,1.0004,1.0091
0,0.16359,0.32744,0.4991,0.66321,0.80884,0.92992,1.0223,1.0914,1.145,1.1855,1.2087,1.2199,1.2139,1.2037,1.1876,1.1691,1.1464,1.1296,1.1184,1.099
0,0.10341,0.20062,0.28499,0.3576,0.4191,0.46976,0.50833,0.53954,0.56323,0.58042,0.5848,0.57935,0.57227,0.56703,0.5675,0.56828,0.57086,0.56766,0.54967,0.52551
0,0.15505,0.32685,0.4931,0.65869,0.80534,0.9176,1.0044,1.073,1.1213,1.155,1.1724,1.1702,1.1561,1.1369,1.1196,1.1142,1.1202,1.1179,1.1021,1.0792
0,0.10766,0.23592,0.36749,0.48065,0.57341,0.64264,0.69714,0.74371,0.78762,0.81814,0.83505,0.84374,0.844,0.8379,0.82722,0.8175,0.81366,0.83314,0.89119,0.9604
0,0.14213,0.30807,0.48811,0.654,0.7906,0.89546,0.97444,1.0352,1.078,1.1044,1.1203,1.1203,1.1138,1.0984,1.0789,1.0519,1.0091,0.96616,0.95467,0.96518
0,0.16877,0.34951,0.51072,0.63759,0.73295,0.80764,0.86074,0.9048,0.93534,0.95559,0.96669,0.96691,0.95811,0.94177,0.92067,0.90842,0.90039,0.90403,0.92153,0.9423
0,0.10556,0.21045,0.31429,0.40993,0.49969,0.56493,0.6137,0.64789,0.67716,0.69913,0.70764,0.70602,0.6952,0.67936,0.66158,0.64474,0.62983,0.61583,0.58572,0.53196
0,0.13548,0.28101,0.43812,0.61165,0.76666,0.89032,0.99466,1.079,1.1468,1.1987,1.2286,1.2267,1.2023,1.1682,1.1347,1.101,1.0704,1.0546,1.0638,1.0843
0,0.16402,0.32991,0.4827,0.62857,0.74522,0.82977,0.89606,0.94036,0.9752,0.99751,1.0083,1.0094,1.0102,1.0045,0.99943,0.99523,0.98677,0.97977,1.0027,1.0437
0,0.15354,0.30652,0.45092,0.59202,0.71786,0.8225,0.91227,0.98499,1.0368,1.0685,1.0822,1.0748,1.0573,1.0338,1.0035,0.96142,0.92204,0.89197,0.88701,0.89557
0,0.1781,0.34147,0.49174,0.62653,0.73616,0.81721,0.88083,0.93271,0.96585,0.98412,0.995,0.9939,0.97904,0.96276,0.94468,0.93696,0.94739,0.96076,0.97978,1.0001
0,0.11257,0.21554,0.31287,0.39566,0.47056,0.53588,0.59485,0.64268,0.68078,0.70257,0.70527,0.68351,0.64373,0.60274,0.56517,0.53358,0.50343,0.47932,0.4483,0.42516
0,0.12427,0.25376,0.37167,0.4853,0.58213,0.65226,0.70653,0.74937,0.77696,0.79099,0.79065,0.77546,0.7522,0.72573,0.69459,0.6475,0.59865,0.55492,0.53262,0.5285
0,0.13736,0.29419,0.46263,0.6187,0.74499,0.82978,0.88639,0.91794,0.92314,0.90166,0.86833,0.82053,0.76763,0.70955,0.63984,0.57866,0.53081,0.51275,0.54943,0.61419
0,0.14465,0.27618,0.39979,0.50908,0.59794,0.67002,0.73034,0.77853,0.80992,0.8254,0.82571,0.80993,0.78618,0.76724,0.74742,0.72009,0.69255,0.67036,0.66556,0.68475
0,0.13925,0.26406,0.38243,0.48581,0.57724,0.64801,0.69903,0.73621,0.76091,0.77753,0.78296,0.78264,0.77165,0.75621,0.74186,0.74118,0.73289,0.69824,0.6641,0.63918
0,0.11078,0.21046,0.30994,0.40903,0.49315,0.56286,0.61857,0.66336,0.70272,0.72519,0.72572,0.71343,0.69212,0.66776,0.65242,0.65297,0.66073,0.67556,0.70274,0.69732
0,0.12223,0.24702,0.36732,0.4669,0.55053,0.62455,0.67807,0.71508,0.74077,0.75409,0.75453,0.75306,0.75042,0.74321,0.72777,0.70996,0.69179,0.68224,0.7011,0.75203
0,0.091633,0.18172,0.26137,0.33774,0.39923,0.44119,0.47294,0.49775,0.51778,0.52915,0.53668,0.54728,0.55747,0.56481,0.5692,0.56913,0.56239,0.56138,0.58274,0.63222
0,0.10128,0.20146,0.29678,0.3963,0.48458,0.55468,0.61897,0.67455,0.71724,0.74533,0.76498,0.78248,0.7917,0.80303,0.81555,0.82022,0.81767,0.80252,0.77523,0.75809
0,0.13919,0.28076,0.42606,0.56229,0.69122,0.80095,0.89964,0.98132,1.058,1.1246,1.173,1.1985,1.2159,1.2231,1.2268,1.2203,1.1973,1.1531,1.0877,1.0093
0,0.11573,0.226,0.34235,0.44571,0.51872,0.56477,0.59738,0.61833,0.63393,0.64476,0.6489,0.64695,0.64636,0.64515,0.6461,0.65386,0.65709,0.64129,0.60289,0.54552
0,0.13743,0.27247,0.40112,0.53017,0.63171,0.71183,0.78643,0.8545,0.91915,0.96474,0.99815,1.0125,1.0141,1.0063,0.99565,0.99258,0.9937,1.0034,1.0222,1.0217
0,0.17598,0.35535,0.52673,0.68472,0.82061,0.92104,0.99039,1.0441,1.0758,1.091,1.0942,1.0882,1.0756,1.058,1.0429,1.0325,1.0302,1.0561,1.0932,1.1164
0,0.14586,0.29323,0.44811,0.60439,0.73051,0.82317,0.89595,0.95575,0.9993,1.0263,1.0361,1.0353,1.0254,1.0087,0.98927,0.96873,0.94998,0.94904,0.97467,1.0112
0,0.15225,0.29618,0.42442,0.55055,0.6608,0.74996,0.82276,0.88616,0.9426,0.97872,0.99709,1.0013,0.99642,0.98864,0.98358,0.97805,0.96283,0.94428,0.94021,0.94162
0,0.10296,0.19596,0.28785,0.37306,0.44409,0.50335,0.54931,0.58437,0.61087,0.62933,0.63813,0.63202,0.62277,0.60806,0.59082,0.57623,0.57468,0.5719,0.55753,0.53829
0,0.13687,0.28699,0.45076,0.6149,0.75012,0.85478,0.946,1.0113,1.0601,1.0883,1.095,1.0778,1.0478,1.0126,0.97827,0.95406,0.93902,0.92394,0.91631,0.91986
0,0.14482,0.30377,0.47814,0.63338,0.76487,0.85734,0.93002,0.99273,1.0433,1.0744,1.09,1.0951,1.0883,1.0752,1.0527,1.028,1.0106,1.014,1.0454,1.1098
0,0.10633,0.21387,0.32495,0.44636,0.56019,0.64737,0.71536,0.76646,0.8071,0.83798,0.85915,0.86961,0.8735,0.87036,0.85948,0.83721,0.81897,0.81291,0.81937,0.83616
0,0.15616,0.31583,0.47821,0.61845,0.71603,0.78135,0.82726,0.86119,0.88803,0.90374,0.90743,0.90341,0.91044,0.92074,0.94179,0.96716,0.97868,0.97703,0.97851,0.99976
0,0.10792,0.20686,0.29085,0.36242,0.42518,0.47757,0.52171,0.55806,0.58992,0.6199,0.63822,0.63646,0.6185,0.59648,0.57709,0.55891,0.53481,0.50255,0.46564,0.43612
0,0.11597,0.23103,0.35175,0.47217,0.57011,0.64592,0.71295,0.76387,0.79899,0.82251,0.82577,0.8188,0.79276,0.75532,0.71615,0.67232,0.62412,0.60043,0.59598,0.62906
0,0.1515,0.30588,0.45883,0.59254,0.69244,0.7661,0.81876,0.85762,0.87866,0.88368,0.8682,0.83485,0.79325,0.74102,0.68619,0.62262,0.5635,0.54283,0.57424,0.65182
0,0.12513,0.25561,0.38648,0.50625,0.60704,0.68196,0.73991,0.78015,0.80263,0.80966,0.79513,0.76538,0.73808,0.70989,0.67357,0.62705,0.57454,0.54327,0.56934,0.64449
0,0.15208,0.31881,0.46658,0.57478,0.64171,0.69561,0.74195,0.77053,0.78123,0.77114,0.76231,0.74813,0.76333,0.78471,0.79667,0.79443,0.76508,0.75137,0.76907,0.80008
0,0.11083,0.21403,0.31208,0.40257,0.47337,0.52827,0.5742,0.60651,0.62791,0.64213,0.64488,0.64007,0.63522,0.63569,0.6406,0.64862,0.66022,0.65483,0.63202,0.58739
0,0.12989,0.26155,0.3875,0.50192,0.58838,0.64823,0.6896,0.71862,0.73792,0.75005,0.75546,0.75274,0.74301,0.73744,0.7387,0.74436,0.75338,0.76248,0.78619,0.82735
0,0.1051,0.19388,0.2782,0.35857,0.42941,0.48381,0.52844,0.56316,0.58735,0.60382,0.6175,0.63106,0.63947,0.63878,0.63081,0.62071,0.60312,0.58373,0.59704,0.65798
0,0.10029,0.19746,0.29312,0.38586,0.46537,0.52786,0.58244,0.62872,0.67152,0.7109,0.7399,0.75858,0.7692,0.77614,0.7771,0.7676,0.74638,0.72237,0.71329,0.70959
0,0.15504,0.31195,0.45991,0.60642,0.72584,0.82815,0.92212,1.0061,1.0741,1.1292,1.1721,1.2044,1.2239,1.2264,1.2127,1.1838,1.14,1.0972,1.0576,1.0173
0,0.12453,0.24335,0.35104,0.44429,0.51997,0.57348,0.61285,0.64664,0.67532,0.69128,0.69902,0.69885,0.69765,0.69199,0.6931,0.71599,0.74409,0.76804,0.77028,0.74406
0,0.11834,0.22952,0.32949,0.42565,0.49984,0.55639,0.59958,0.63473,0.66679,0.69618,0.71578,0.7296,0.74368,0.75691,0.76609,0.76749,0.77278,0.78598,0.81163,0.84126
0,0.086582,0.16734,0.24457,0.31759,0.37604,0.42119,0.45561,0.48577,0.50844,0.52561,0.53873,0.54877,0.5577,0.56386,0.566,0.56207,0.55595,0.55186,0.56514,0.60396
0,0.11668,0.24392,0.36316,0.46681,0.55543,0.62846,0.68112,0.71841,0.74612,0.76357,0.77203,0.77039,0.76304,0.75203,0.73988,0.73532,0.73202,0.72118,0.72055,0.72741
0,0.17919,0.3697,0.56136,0.74063,0.88482,1.0018,1.0955,1.1757,1.2391,1.2846,1.3094,1.3146,1.3069,1.2945,1.2875,1.2857,1.2787,1.2734,1.2717,1.2724
0,0.10986,0.22751,0.34526,0.45455,0.55175,0.62388,0.67651,0.72357,0.75982,0.78044,0.78469,0.77945,0.77163,0.76248,0.75654,0.74916,0.74337,0.73192,0.69534,0.65134
0,0.11525,0.24551,0.39223,0.54878,0.69306,0.81456,0.91716,1.005,1.0786,1.1306,1.1615,1.1691,1.1567,1.1319,1.099,1.0688,1.0488,1.0482,1.0513,1.0235
0,0.16965,0.3375,0.49363,0.61485,0.70495,0.77646,0.83415,0.88167,0.91505,0.93223,0.94229,0.94511,0.94112,0.93014,0.91216,0.89258,0.86931,0.8503,0.85757,0.88291
0,0.13055,0.25803,0.37932,0.49399,0.59725,0.67425,0.73285,0.78251,0.82333,0.85526,0.87419,0.88235,0.88584,0.88259,0.87062,0.84686,0.82162,0.80014,0.803,0.82709
0,0.16077,0.32545,0.48462,0.63006,0.75327,0.85351,0.94014,1.0079,1.056,1.0952,1.1058,1.0965,1.0771,1.0503,1.0227,0.99533,0.97248,0.96375,0.96639,0.95021
0,0.11682,0.23214,0.34248,0.43888,0.5123,0.5724,0.61662,0.64814,0.6716,0.68207,0.68586,0.67847,0.66629,0.64739,0.63133,0.61723,0.60235,0.59314,0.57523,0.54963
0,0.16255,0.32679,0.49315,0.66165,0.79544,0.8893,0.96299,1.0172,1.0551,1.075,1.0718,1.0528,1.015,0.969,0.92345,0.87905,0.85313,0.83928,0.80878,0.78985
0,0.1688,0.32747,0.44881,0.53959,0.59402,0.62948,0.65878,0.68447,0.70679,0.72046,0.7245,0.71708,0.70042,0.67906,0.65107,0.61246,0.56319,0.52106,0.5034,0.52067
0,0.12463,0.24162,0.35967,0.46561,0.54253,0.60034,0.64973,0.68859,0.71621,0.73893,0.75011,0.74492,0.72372,0.68994,0.64303,0.57636,0.50625,0.48219,0.51715,0.61771
0,0.1662,0.32306,0.45495,0.56801,0.66248,0.73541,0.7936,0.83774,0.86079,0.86771,0.85518,0.82525,0.78319,0.73938,0.70538,0.67784,0.65553,0.65952,0.66942,0.6874
0,0.10036,0.19681,0.29017,0.38966,0.46907,0.52984,0.58662,0.63685,0.67179,0.69042,0.69699,0.69336,0.68209,0.66736,0.66303,0.67256,0.68108,0.70073,0.70034,0.67335
0,0.13768,0.27231,0.40125,0.52627,0.62766,0.70791,0.77147,0.81931,0.8529,0.87431,0.88618,0.88904,0.88458,0.87666,0.86589,0.86388,0.87615,0.90039,0.94262,0.98669
0,0.12248,0.24757,0.37354,0.48594,0.57519,0.63915,0.68866,0.72708,0.75646,0.775,0.78682,0.7974,0.80216,0.80711,0.80755,0.80586,0.80745,0.81725,0.84297,0.88679
0,0.098184,0.20012,0.30336,0.39888,0.48214,0.55059,0.60677,0.65244,0.69084,0.71974,0.73564,0.74245,0.74162,0.73029,0.71704,0.69999,0.67578,0.65561,0.65268,0.67424
0,0.15007,0.30516,0.44922,0.55877,0.636,0.69173,0.73755,0.77836,0.81592,0.84483,0.8631,0.87307,0.8808,0.88116,0.8719,0.85576,0.83064,0.7945,0.76728,0.7652
0,0.097896,0.20435,0.30326,0.39882,0.47501,0.53019,0.57208,0.60407,0.62666,0.63786,0.6399,0.63517,0.6277,0.61813,0.61881,0.62352,0.62684,0.62462,0.60776,0.57005
0,0.11603,0.22532,0.32633,0.42422,0.51114,0.57318,0.61946,0.65281,0.67975,0.69687,0.70764,0.71181,0.70902,0.71364,0.72301,0.73982,0.76134,0.79285,0.8292,0.86814
0,0.092317,0.17713,0.26384,0.34872,0.42126,0.47492,0.51938,0.55759,0.58695,0.60761,0.62566,0.63523,0.64455,0.65085,0.64917,0.63859,0.6295,0.63108,0.64871,0.67954
0,0.10182,0.20013,0.2976,0.38356,0.46437,0.52598,0.57639,0.61421,0.63671,0.64931,0.65721,0.66053,0.66369,0.66353,0.65933,0.65485,0.6469,0.63475,0.62789,0.63801
0,0.15874,0.32579,0.48955,0.63768,0.74239,0.81369,0.87554,0.93205,0.98176,1.0122,1.0308,1.0392,1.0381,1.0223,1.0027,0.98798,0.97401,0.95544,0.93709,0.89176
0,0.10988,0.21328,0.30274,0.38254,0.44645,0.48969,0.52559,0.55725,0.59057,0.6195,0.63653,0.64107,0.64173,0.641,0.64791,0.65522,0.66616,0.67313,0.66759,0.64314
0,0.11467,0.22773,0.3491,0.46579,0.56433,0.64015,0.69906,0.74643,0.77965,0.80195,0.81458,0.81582,0.81101,0.80031,0.78629,0.77277,0.76586,0.76647,0.78824,0.8174
0,0.087299,0.16317,0.24294,0.3187,0.3888,0.44378,0.49205,0.53523,0.56747,0.59399,0.61721,0.63537,0.64993,0.65888,0.66435,0.66602,0.66326,0.66238,0.68829,0.73427
0,0.13095,0.2536,0.35927,0.45344,0.5316,0.58965,0.63331,0.66554,0.68882,0.70351,0.70974,0.71086,0.70966,0.70451,0.69659,0.68737,0.6723,0.66684,0.67599,0.7023
0,0.15746,0.31009,0.44735,0.57029,0.67704,0.76059,0.83372,0.89572,0.94429,0.97349,0.98916,0.98959,0.98281,0.97406,0.97033,0.96655,0.97048,0.98759,1.0053,0.99043
0,0.10744,0.21687,0.32484,0.42484,0.50851,0.57023,0.61311,0.64473,0.67088,0.68657,0.68726,0.67309,0.64939,0.62469,0.60782,0.59274,0.5693,0.5323,0.47727,0.44155
0,0.22384,0.44621,0.64501,0.81353,0.94285,1.0354,1.0999,1.1398,1.157,1.158,1.1469,1.1213,1.0821,1.0315,0.96501,0.88719,0.81815,0.76423,0.7359,0.70838
0,0.17614,0.36251,0.5496,0.71391,0.83612,0.92211,0.9803,1.0211,1.0475,1.0575,1.0512,1.03,0.99402,0.94236,0.88427,0.82187,0.76685,0.71961,0.68948,0.67839
0,0.15704,0.32532,0.49974,0.66563,0.80772,0.90098,0.95869,0.9915,1.0099,1.0222,1.0207,1.0033,0.96699,0.91389,0.84364,0.76142,0.68664,0.64761,0.6796,0.76214
0,0.12351,0.24557,0.36733,0.47248,0.5546,0.61563,0.66287,0.69762,0.72637,0.75013,0.76001,0.75754,0.75331,0.74013,0.71101,0.67457,0.63764,0.59949,0.58436,0.5913
0,0.089566,0.17907,0.26414,0.34761,0.41287,0.46535,0.50806,0.54015,0.56447,0.58011,0.58845,0.59441,0.59785,0.59386,0.58745,0.59279,0.60472,0.61909,0.61716,0.59726
0,0.20553,0.4108,0.61941,0.80414,0.94904,1.0529,1.1326,1.1905,1.2314,1.2603,1.2773,1.286,1.2842,1.2794,1.2704,1.2593,1.2532,1.2645,1.2788,1.2792
0,0.13172,0.28253,0.43886,0.58464,0.68865,0.76057,0.81181,0.84219,0.85592,0.85557,0.84853,0.83796,0.82904,0.81768,0.80141,0.7761,0.7484,0.73632,0.74121,0.77707
0,0.13014,0.26242,0.38532,0.48202,0.56232,0.62578,0.66936,0.70502,0.73425,0.7565,0.76424,0.7596,0.74721,0.72955,0.7107,0.68465,0.65739,0.63733,0.656,0.71686
0,0.11485,0.21896,0.31934,0.41243,0.48748,0.54709,0.59734,0.64086,0.67966,0.71764,0.75138,0.78114,0.79854,0.8089,0.81563,0.81391,0.79483,0.77659,0.7726,0.77126
0,0.11497,0.2145,0.30525,0.38056,0.44422,0.49461,0.53107,0.55513,0.57454,0.58668,0.59185,0.59444,0.6037,0.61572,0.63827,0.66472,0.69376,0.7057,0.68851,0.64605
0,0.15446,0.29211,0.41309,0.51786,0.59898,0.65971,0.70792,0.74741,0.77692,0.79223,0.80178,0.80494,0.80056,0.78823,0.78174,0.78493,0.79625,0.81384,0.83933,0.86636
0,0.12839,0.24352,0.3528,0.45293,0.5347,0.59731,0.64539,0.68278,0.71164,0.73349,0.74424,0.74222,0.73531,0.7276,0.72083,0.70929,0.70059,0.69895,0.71103,0.74149
0,0.089369,0.18478,0.27971,0.36615,0.44118,0.50156,0.55337,0.59832,0.64051,0.67425,0.697,0.70402,0.69925,0.68805,0.6703,0.64143,0.61973,0.60306,0.60509,0.63027
0,0.15483,0.29904,0.43437,0.54968,0.63419,0.69455,0.74591,0.79207,0.83329,0.86012,0.87607,0.8869,0.89116,0.88647,0.87538,0.85775,0.8331,0.80611,0.79923,0.80713
0,0.12687,0.23709,0.3415,0.42528,0.49221,0.53326,0.55647,0.57174,0.57973,0.58013,0.57902,0.57734,0.57419,0.57616,0.58642,0.59566,0.60242,0.59644,0.55496,0.50249
0,0.13974,0.27129,0.37893,0.46949,0.54438,0.60459,0.65039,0.69145,0.72482,0.74833,0.75996,0.75813,0.75219,0.74426,0.73617,0.7296,0.72362,0.72231,0.72671,0.73279
0,0.11406,0.22117,0.31982,0.41107,0.48565,0.53998,0.58226,0.61676,0.63593,0.64551,0.6505,0.64843,0.64305,0.63435,0.62635,0.62152,0.61957,0.62013,0.63312,0.65938
0,0.092895,0.18435,0.28531,0.39307,0.48765,0.55976,0.61403,0.6525,0.67851,0.69136,0.69589,0.69764,0.68919,0.68004,0.6724,0.66385,0.66186,0.67085,0.69664,0.72905
0,0.15779,0.30723,0.4506,0.56836,0.66197,0.73285,0.79366,0.84474,0.88003,0.90561,0.91578,0.91483,0.91095,0.90209,0.88771,0.8704,0.85545,0.84474,0.84321,0.83923
0,0.10182,0.19834,0.2907,0.3759,0.43653,0.48107,0.51956,0.54989,0.56583,0.57271,0.57321,0.57019,0.5603,0.54888,0.54747,0.56015,0.57537,0.59766,0.60303,0.57111
0,0.10793,0.21776,0.3194,0.41276,0.48971,0.54713,0.59658,0.63677,0.66431,0.67888,0.68622,0.68749,0.68585,0.68431,0.68083,0.67512,0.67343,0.67305,0.67872,0.70577
0,0.11622,0.22913,0.32491,0.40705,0.48242,0.54978,0.60277,0.64227,0.67198,0.69536,0.70871,0.7146,0.71694,0.71204,0.70247,0.69095,0.67808,0.67469,0.68363,0.68838
0,0.10911,0.21592,0.31229,0.3927,0.46336,0.52013,0.56641,0.60247,0.62947,0.64675,0.65576,0.66089,0.66184,0.66507,0.66482,0.6577,0.6453,0.63703,0.64949,0.67693
0,0.15339,0.31074,0.44972,0.56821,0.66696,0.74905,0.81723,0.86485,0.90529,0.93011,0.94105,0.94109,0.92745,0.914,0.8998,0.89318,0.89564,0.90946,0.92129,0.9099
0,0.079312,0.17339,0.27921,0.38964,0.49161,0.57188,0.63592,0.67493,0.69795,0.7036,0.69815,0.68866,0.66934,0.64925,0.63656,0.62086,0.60322,0.58932,0.53854,0.51825
0,0.15595,0.32531,0.50022,0.68015,0.82551,0.93234,1.0186,1.0896,1.1386,1.1697,1.1831,1.1819,1.1716,1.164,1.1599,1.16,1.1664,1.1777,1.1996,1.208
0,0.16011,0.31109,0.45411,0.57753,0.67222,0.74657,0.81013,0.86359,0.90316,0.93036,0.94125,0.94631,0.94873,0.95444,0.9503,0.94256,0.93481,0.93128,0.94363,0.98533
0,0.18737,0.38363,0.58285,0.76496,0.92365,1.0507,1.1499,1.2319,1.3001,1.3469,1.3685,1.3661,1.3666,1.3648,1.3573,1.3463,1.3216,1.2856,1.2471,1.2254
0,0.17843,0.36196,0.53941,0.70329,0.83715,0.9429,1.0258,1.0981,1.1569,1.1987,1.2152,1.2161,1.2118,1.2097,1.2017,1.1996,1.2126,1.2332,1.2565,1.2381
0,0.10776,0.23089,0.35011,0.45879,0.54439,0.59556,0.62677,0.64792,0.66189,0.66925,0.66484,0.64646,0.62963,0.6245,0.62302,0.62145,0.6379,0.64463,0.61599,0.57177
0,0.14926,0.30174,0.45874,0.60609,0.7327,0.83426,0.91296,0.96754,1.0056,1.0298,1.0417,1.0409,1.0386,1.0305,1.0204,1.0096,1.0079,1.0106,0.99849,0.98788
0,0.13048,0.27451,0.41493,0.54227,0.64152,0.71502,0.77418,0.82836,0.87073,0.90001,0.91663,0.92292,0.92608,0.9263,0.91896,0.91357,0.91738,0.93272,0.95068,0.97167
0,0.1847,0.37337,0.56209,0.73248,0.87209,0.98127,1.0665,1.1342,1.1853,1.2159,1.2267,1.2246,1.2146,1.2014,1.1892,1.176,1.168,1.1564,1.1394,1.1202
0,0.20867,0.41587,0.59292,0.73651,0.8439,0.92912,1.0004,1.07,1.1259,1.1591,1.1778,1.1872,1.1897,1.1892,1.1983,1.2091,1.2264,1.2376,1.2389,1.2266
0,0.10696,0.21593,0.33016,0.44655,0.54807,0.62291,0.68228,0.73,0.76504,0.76883,0.75672,0.73567,0.71153,0.69462,0.68903,0.68259,0.68262,0.67179,0.63718,0.56766
0,0.13365,0.27569,0.4249,0.57458,0.70112,0.80643,0.89488,0.96301,1.0138,1.0434,1.0552,1.0512,1.0343,1.02,1.0078,0.99824,0.99603,1.0072,1.0187,1.0195
0,0.13308,0.27352,0.42599,0.56521,0.68444,0.77655,0.85167,0.91519,0.96083,0.991,1.0065,1.009,1.0051,0.9971,0.98843,0.98261,0.98096,0.98231,0.99236,1.0085
0,0.15595,0.31401,0.46875,0.60294,0.71789,0.80355,0.87334,0.92882,0.97066,0.99564,1.0068,1.0095,1.0096,1.0057,0.99835,0.98537,0.97135,0.95019,0.93303,0.91085
0,0.18458,0.36804,0.54615,0.69762,0.82496,0.93118,1.0263,1.1083,1.1683,1.2074,1.2241,1.2217,1.2094,1.1969,1.1883,1.1926,1.2081,1.2381,1.2747,1.2831
0,0.10999,0.21801,0.32815,0.43387,0.51319,0.57308,0.62553,0.66078,0.68486,0.70178,0.70278,0.69861,0.6967,0.69325,0.68229,0.66835,0.66591,0.65437,0.60252,0.52347
0,0.12079,0.26317,0.43566,0.60584,0.74927,0.85158,0.92313,0.98118,1.011,1.0239,1.0225,1.02,1.0094,0.999,0.9895,0.98009,0.97469,0.96737,0.94776,0.93307
0,0.1427,0.27713,0.40091,0.51519,0.62016,0.70782,0.78106,0.84359,0.89204,0.91835,0.92828,0.92574,0.92217,0.91588,0.90186,0.89263,0.89101,0.90827,0.9241,0.92722
0,0.19925,0.40051,0.57612,0.74899,0.8931,1.0087,1.0958,1.1636,1.2138,1.2436,1.2594,1.269,1.2806,1.2891,1.288,1.2759,1.2632,1.2502,1.2322,1.2121
0,0.16521,0.33459,0.52179,0.73543,0.9172,1.0573,1.1714,1.2558,1.3072,1.3389,1.3527,1.3534,1.34,1.3242,1.3152,1.3215,1.3374,1.3594,1.3962,1.3927
0,0.13656,0.27548,0.41497,0.54659,0.66172,0.75762,0.85001,0.92964,0.97232,0.98463,0.97099,0.93321,0.888,0.85281,0.82229,0.80174,0.8058,0.81499,0.79713,0.72297
0,0.13412,0.27499,0.42764,0.56809,0.70058,0.80441,0.87076,0.91451,0.93532,0.94626,0.95725,0.95387,0.93672,0.9133,0.88875,0.86651,0.84195,0.82734,0.85096,0.89199
0,0.14698,0.2842,0.40718,0.52076,0.61377,0.68469,0.73776,0.7837,0.82166,0.84037,0.84055,0.82525,0.80013,0.77143,0.74057,0.70503,0.67939,0.66681,0.68825,0.76004
0,0.11344,0.23239,0.35492,0.47433,0.55783,0.61013,0.64514,0.66936,0.67869,0.68244,0.68281,0.6934,0.71627,0.74072,0.75508,0.75854,0.76383,0.79689,0.84443,0.925
0,0.10252,0.20969,0.32467,0.42528,0.50326,0.56034,0.60872,0.64691,0.67524,0.69368,0.71199,0.72388,0.73203,0.73642,0.74399,0.75845,0.77321,0.78534,0.79052,0.80907
0,0.10284,0.19908,0.29383,0.38501,0.46207,0.51781,0.56378,0.59535,0.61383,0.61552,0.60641,0.59072,0.56881,0.5474,0.53415,0.52642,0.51469,0.4873,0.46503,0.47686
0,0.12374,0.24838,0.39261,0.55048,0.70217,0.82544,0.92802,1.0105,1.076,1.117,1.1355,1.135,1.1205,1.1034,1.0875,1.0754,1.0694,1.0685,1.0592,1.0377
0,0.18297,0.36746,0.53479,0.67163,0.78936,0.87462,0.94246,0.99715,1.0327,1.0521,1.0608,1.064,1.0638,1.0595,1.0488,1.0298,1.0084,0.98905,0.99,1.0183
0,0.12716,0.2694,0.42171,0.567,0.7016,0.81117,0.90123,0.98157,1.0508,1.101,1.1274,1.1346,1.1321,1.124,1.1127,1.0933,1.0622,1.0303,1.0131,1.0174
0,0.18802,0.37548,0.54946,0.7053,0.84146,0.95257,1.0475,1.1281,1.1928,1.243,1.2766,1.2909,1.2959,1.29,1.2746,1.2493,1.2251,1.2087,1.1916,1.1553
0,0.12001,0.23064,0.33515,0.43576,0.50813,0.56332,0.6018,0.63361,0.6591,0.67333,0.67566,0.66949,0.65775,0.6391,0.62808,0.61865,0.61199,0.60244,0.57604,0.51304
0,0.16091,0.32734,0.48947,0.64447,0.79376,0.91645,1.0286,1.1141,1.1794,1.2188,1.238,1.2436,1.2462,1.2453,1.249,1.2493,1.2526,1.2578,1.253,1.2321
0,0.12343,0.25351,0.38495,0.50399,0.59732,0.67019,0.73137,0.7817,0.8227,0.84923,0.86545,0.87832,0.88495,0.88606,0.88627,0.88454,0.88729,0.90348,0.92736,0.94866
0,0.1521,0.30798,0.48613,0.66307,0.81007,0.92587,1.0267,1.1127,1.1715,1.208,1.2212,1.2225,1.2123,1.194,1.1738,1.1448,1.1085,1.0702,1.0438,1.0313
0,0.16989,0.33378,0.49873,0.65059,0.7743,0.86806,0.94421,1.0007,1.0439,1.0725,1.0834,1.0819,1.072,1.0631,1.0576,1.0496,1.0533,1.0709,1.0847,1.1025
0,0.10008,0.19676,0.29062,0.37655,0.45738,0.5246,0.57864,0.62681,0.65887,0.68229,0.69047,0.68883,0.67286,0.65548,0.6381,0.62085,0.60744,0.59105,0.5596,0.54369
0,0.12846,0.2582,0.40715,0.56008,0.7009,0.8177,0.91489,0.99758,1.0659,1.11,1.1275,1.1304,1.1142,1.0894,1.0601,1.0247,0.98298,0.95018,0.94878,0.98686
0,0.1637,0.32975,0.48209,0.61919,0.72907,0.81193,0.8814,0.93611,0.98056,1.0099,1.0206,1.0224,1.0229,1.0197,1.0111,1.0005,0.98844,0.97977,0.98442,1.0045
0,0.17811,0.36175,0.54055,0.69473,0.83491,0.96197,1.0636,1.1462,1.2001,1.2287,1.2365,1.2242,1.205,1.1882,1.1659,1.139,1.1031,1.068,1.0509,1.0361
0,0.16351,0.33001,0.49104,0.63892,0.76824,0.87126,0.96006,1.0281,1.0756,1.1018,1.1093,1.1143,1.1132,1.1078,1.1103,1.1188,1.1252,1.1402,1.1271,1.1021
0,0.13363,0.25888,0.37772,0.49504,0.58571,0.66227,0.72518,0.77697,0.82055,0.84835,0.85893,0.85759,0.84071,0.82237,0.80435,0.78899,0.78117,0.76921,0.72124,0.66354
0,0.1482,0.29761,0.44484,0.58845,0.70544,0.79365,0.86296,0.90661,0.93883,0.96326,0.97109,0.95603,0.93658,0.91266,0.87667,0.83213,0.8016,0.77744,0.7516,0.72966
0,0.15972,0.33042,0.49873,0.65016,0.77827,0.8747,0.95305,1.0182,1.0618,1.0752,1.064,1.0266,0.97674,0.92701,0.87836,0.81948,0.77173,0.76951,0.81528,0.90132
0,0.1678,0.32738,0.47162,0.58351,0.66634,0.7343,0.7932,0.83776,0.86962,0.8864,0.89264,0.89265,0.89277,0.89764,0.90623,0.91351,0.90897,0.90121,0.91151,0.94468
0,0.14202,0.27276,0.39985,0.5034,0.58147,0.64415,0.69804,0.74671,0.78676,0.81018,0.82487,0.82394,0.814,0.80267,0.79189,0.78613,0.78062,0.76715,0.74255,0.73935
0,0.13306,0.26687,0.39911,0.5208,0.61483,0.68845,0.75621,0.80988,0.83492,0.83969,0.82374,0.7921,0.76322,0.72964,0.70262,0.68685,0.68995,0.70179,0.70358,0.66125
0,0.13019,0.26574,0.4022,0.52015,0.61896,0.69822,0.75313,0.7921,0.82012,0.83671,0.84726,0.85367,0.85136,0.84378,0.82946,0.81059,0.79014,0.762,0.76371,0.80417
0,0.096346,0.19571,0.28714,0.37402,0.44338,0.49269,0.53231,0.5639,0.5919,0.61567,0.63638,0.65124,0.65856,0.65879,0.65748,0.66042,0.65983,0.65609,0.65949,0.68739
0,0.1325,0.25398,0.36655,0.4687,0.55687,0.63101,0.69705,0.74693,0.79121,0.82718,0.85345,0.872,0.88458,0.88592,0.88863,0.89519,0.89327,0.86739,0.82549,0.78069
0,0.15327,0.29079,0.42467,0.55445,0.67212,0.78424,0.88706,0.97622,1.0543,1.1157,1.1605,1.1852,1.2014,1.2172,1.2323,1.244,1.2436,1.2106,1.1556,1.093
0,0.14515,0.28859,0.4218,0.53816,0.63445,0.69564,0.73508,0.75951,0.77248,0.77633,0.76629,0.75532,0.7407,0.72521,0.70564,0.6796,0.65046,0.60054,0.51703,0.47052
0,0.12883,0.25607,0.37961,0.49814,0.59946,0.69087,0.7703,0.83888,0.90452,0.95133,0.97388,0.97776,0.96694,0.95272,0.94317,0.94326,0.95254,0.97623,1.0071,0.97932
0,0.15931,0.32973,0.49399,0.6425,0.75932,0.84304,0.90691,0.9613,0.99834,1.0192,1.0243,1.0222,1.0175,1.0121,1.0046,1.0034,1.0117,1.0273,1.0434,1.0506
0,0.15695,0.33099,0.50779,0.66927,0.80799,0.91084,0.98548,1.0482,1.097,1.134,1.1559,1.1604,1.1498,1.1321,1.1059,1.0788,1.062,1.0605,1.0637,1.0807
0,0.16814,0.33991,0.49672,0.64837,0.7711,0.86855,0.94889,1.0155,1.0683,1.1066,1.1326,1.1396,1.1328,1.1262,1.1222,1.1204,1.1081,1.0926,1.0756,1.0674
0,0.1264,0.2528,0.36573,0.46943,0.54356,0.59696,0.63921,0.67651,0.70689,0.72261,0.72717,0.71799,0.6998,0.67787,0.6619,0.65235,0.64236,0.63511,0.61186,0.55522
0,0.13265,0.27933,0.43298,0.5873,0.72164,0.83097,0.92057,0.9975,1.0565,1.0948,1.1034,1.0897,1.0692,1.048,1.0264,1.0118,0.99997,0.99028,0.99096,0.9908
0,0.14226,0.2951,0.45876,0.61096,0.74161,0.84548,0.92681,1.0006,1.0568,1.0972,1.1207,1.1312,1.1231,1.112,1.0987,1.0894,1.0808,1.0982,1.1442,1.1921
0,0.1423,0.27229,0.39769,0.5253,0.64805,0.74735,0.82551,0.88431,0.92991,0.96095,0.97543,0.97708,0.97142,0.96536,0.95386,0.9436,0.93669,0.93688,0.94393,0.94127
0,0.19482,0.38082,0.56823,0.72495,0.8346,0.90163,0.95561,0.99782,1.0245,1.0387,1.0425,1.0438,1.0434,1.0494,1.0618,1.082,1.1021,1.1161,1.1368,1.1521
0,0.10407,0.21003,0.31381,0.40339,0.474,0.52963,0.57835,0.62432,0.65995,0.68428,0.69569,0.69747,0.69451,0.68632,0.67323,0.66261,0.6606,0.65246,0.61447,0.56313
0,0.12657,0.26074,0.39765,0.52755,0.64877,0.74993,0.82956,0.89678,0.94673,0.97906,0.99548,0.99954,0.99076,0.97525,0.95043,0.92901,0.9164,0.90103,0.91959,0.94541
0,0.15998,0.3299,0.50553,0.68025,0.82338,0.93433,1.0185,1.0838,1.1223,1.1331,1.1191,1.0893,1.0513,1.0114,0.9675,0.90906,0.83719,0.8016,0.82677,0.925
0,0.12228,0.23995,0.36771,0.49363,0.59118,0.66513,0.72103,0.76965,0.81551,0.84504,0.85605,0.84505,0.82363,0.80748,0.78958,0.76815,0.72862,0.68217,0.66738,0.71774
0,0.14571,0.30666,0.45633,0.57616,0.6546,0.69862,0.73275,0.75189,0.75863,0.75027,0.7376,0.72312,0.71414,0.71697,0.73167,0.75986,0.79673,0.84009,0.88938,0.94291
0,0.12588,0.24795,0.37191,0.46402,0.52758,0.58068,0.62231,0.65973,0.69485,0.71982,0.73056,0.73305,0.73152,0.72676,0.73243,0.74834,0.75981,0.7542,0.72212,0.66025
0,0.13187,0.25677,0.37884,0.4933,0.58568,0.64506,0.68242,0.7076,0.72319,0.73633,0.74764,0.75493,0.75839,0.76016,0.76578,0.76648,0.77024,0.77095,0.7773,0.81484
0,0.10083,0.1991,0.2882,0.36461,0.43035,0.48282,0.5329,0.5766,0.61156,0.6402,0.65874,0.67132,0.67526,0.67127,0.66007,0.64415,0.63024,0.61579,0.62518,0.65517
0,0.13107,0.2542,0.36886,0.47535,0.56246,0.63448,0.69534,0.74792,0.79314,0.83187,0.85761,0.87472,0.88503,0.88833,0.88442,0.87051,0.84855,0.82614,0.80683,0.78791
0,0.16088,0.30739,0.4489,0.56713,0.66567,0.75012,0.82714,0.89985,0.96427,1.0118,1.0505,1.0877,1.1094,1.1091,1.1014,1.0839,1.0538,0.99918,0.91053,0.81845
0,0.12835,0.24929,0.36455,0.47932,0.5613,0.62425,0.67165,0.70901,0.73772,0.75061,0.74623,0.73705,0.72387,0.7077,0.70135,0.70158,0.70689,0.71676,0.70097,0.64297
0,0.13668,0.26325,0.38365,0.49552,0.57659,0.63078,0.67534,0.71739,0.75042,0.7736,0.78963,0.79996,0.80399,0.80352,0.80313,0.79945,0.79647,0.79645,0.80397,0.8154
0,0.095163,0.1917,0.28272,0.36806,0.43813,0.49254,0.5378,0.57631,0.61031,0.63357,0.638,0.63453,0.6313,0.62704,0.62382,0.61935,0.61708,0.62813,0.64288,0.67083
0,0.13592,0.28032,0.42196,0.53233,0.6155,0.67821,0.7302,0.76887,0.79504,0.8075,0.81047,0.80572,0.79599,0.78386,0.77354,0.76192,0.75933,0.75818,0.75369,0.752
0,0.22231,0.44167,0.63723,0.80724,0.9426,1.0601,1.1607,1.246,1.309,1.3509,1.3702,1.3714,1.3649,1.3654,1.3662,1.3704,1.379,1.3894,1.3876,1.3709
0,0.10903,0.23381,0.35828,0.47329,0.56665,0.64182,0.69708,0.74226,0.77248,0.78725,0.78077,0.76257,0.73652,0.71842,0.7069,0.69898,0.68351,0.6593,0.62294,0.61103
0,0.12998,0.25458,0.38298,0.51591,0.64205,0.75736,0.86905,0.97633,1.0676,1.1253,1.1552,1.1673,1.1521,1.1242,1.098,1.0849,1.0703,1.0623,1.0534,1.0352
0,0.1759,0.37575,0.57821,0.75896,0.89647,0.99516,1.0684,1.125,1.1598,1.1719,1.1665,1.1516,1.1412,1.1261,1.1032,1.0824,1.0619,1.052,1.0504,1.0649
0,0.13705,0.28419,0.42549,0.55804,0.66725,0.75096,0.81858,0.87549,0.91975,0.94579,0.95671,0.95507,0.94553,0.93536,0.92059,0.90268,0.88437,0.87226,0.8715,0.88836
0,0.18694,0.35104,0.51558,0.67261,0.81367,0.93354,1.0334,1.1114,1.1706,1.208,1.221,1.219,1.2016,1.1779,1.1524,1.1273,1.1061,1.0842,1.0647,1.0353
0,0.11683,0.23134,0.35119,0.46087,0.54617,0.61751,0.67712,0.72588,0.76609,0.79015,0.7961,0.79411,0.78283,0.77011,0.75372,0.74521,0.74749,0.74663,0.70118,0.62508
0,0.15949,0.32313,0.49807,0.67332,0.84118,0.98784,1.0982,1.182,1.2406,1.2765,1.2816,1.272,1.2496,1.2228,1.1956,1.1715,1.1526,1.1293,1.1277,1.1446
0,0.21555,0.4301,0.62813,0.79177,0.89435,0.9532,0.98661,1.0078,1.0148,1.015,1.0156,1.0144,1.009,0.9932,0.96622,0.92361,0.87212,0.83649,0.87007,0.91685
0,0.14509,0.28551,0.42415,0.55458,0.65479,0.72655,0.7796,0.82346,0.85431,0.86725,0.86248,0.84208,0.81887,0.78683,0.74965,0.69985,0.66599,0.68002,0.77728,0.88165
0,0.19058,0.38342,0.53347,0.64508,0.72988,0.79735,0.85076,0.89194,0.92259,0.93501,0.91861,0.88522,0.85108,0.82696,0.82028,0.82293,0.84225,0.85229,0.85893,0.84739
0,0.1166,0.2339,0.36001,0.46328,0.55064,0.61511,0.66687,0.70643,0.73323,0.74744,0.75051,0.74557,0.73024,0.71486,0.70246,0.70502,0.71268,0.70636,0.6672,0.60543
0,0.14031,0.27443,0.39084,0.49529,0.5745,0.6414,0.69711,0.73784,0.76554,0.78858,0.80504,0.81545,0.81521,0.80808,0.80343,0.80156,0.80473,0.81862,0.8592,0.90471
0,0.14986,0.29759,0.43444,0.55621,0.64777,0.7078,0.76252,0.8097,0.84552,0.87151,0.88673,0.89116,0.89336,0.89181,0.88317,0.87629,0.8683,0.85585,0.84825,0.86289
0,0.11539,0.22766,0.33081,0.43146,0.51995,0.59188,0.65056,0.69954,0.73851,0.76465,0.78597,0.79411,0.78567,0.77032,0.74999,0.72701,0.70188,0.67848,0.66772,0.68883
0,0.15376,0.3051,0.44917,0.56792,0.66128,0.72805,0.78299,0.82785,0.86487,0.8918,0.90569,0.91045,0.90739,0.90341,0.89887,0.89112,0.87884,0.86142,0.85821,0.86445
0,0.12051,0.24082,0.35403,0.44757,0.52224,0.57858,0.61701,0.64407,0.66569,0.67847,0.68027,0.67675,0.66714,0.6581,0.65498,0.65555,0.65557,0.64742,0.61821,0.55965
0,0.13614,0.26595,0.37757,0.46952,0.54296,0.60093,0.65032,0.68939,0.71901,0.73863,0.75163,0.75659,0.75324,0.75972,0.7655,0.77563,0.78659,0.80225,0.83362,0.88911
0,0.1189,0.22795,0.33584,0.43221,0.50457,0.55718,0.60598,0.644,0.67268,0.69396,0.70648,0.71427,0.72413,0.73058,0.73223,0.72592,0.71468,0.71036,0.71744,0.74795
0,0.12377,0.245,0.35762,0.46041,0.54763,0.61468,0.66717,0.71117,0.74178,0.75804,0.76331,0.76821,0.76793,0.76272,0.75489,0.74828,0.73941,0.73555,0.73909,0.7444
0,0.17164,0.36545,0.55519,0.72877,0.86416,0.96026,1.0344,1.0917,1.1357,1.1656,1.1806,1.1827,1.1769,1.1764,1.1756,1.1718,1.1592,1.1384,1.1012,1.0547
0,0.12485,0.23145,0.32918,0.42092,0.48858,0.54058,0.58476,0.62132,0.64899,0.66487,0.67243,0.67135,0.65872,0.64328,0.62991,0.62253,0.62038,0.62197,0.60707,0.56686
0,0.13519,0.26703,0.40442,0.52313,0.61737,0.68903,0.75377,0.80675,0.8454,0.87184,0.88175,0.88225,0.87722,0.87378,0.86492,0.85113,0.8338,0.81524,0.80695,0.81971
0,0.1029,0.19718,0.29262,0.38309,0.46407,0.5274,0.57745,0.61676,0.64512,0.66965,0.69367,0.71449,0.72849,0.73437,0.73603,0.73103,0.73369,0.73454,0.75646,0.79344
0,0.16703,0.32807,0.45572,0.57116,0.66497,0.73417,0.78468,0.81751,0.83941,0.85546,0.86057,0.85928,0.85522,0.8494,0.84082,0.8306,0.81688,0.79922,0.805,0.82628
0,0.20088,0.38202,0.54855,0.69473,0.80826,0.90144,0.98219,1.0519,1.102,1.1308,1.1414,1.1387,1.1349,1.1327,1.1344,1.1479,1.1771,1.2115,1.2171,1.1965
0,0.11813,0.23537,0.35336,0.46086,0.56029,0.63099,0.69146,0.74064,0.77425,0.79588,0.80214,0.79365,0.77103,0.75006,0.73064,0.71337,0.69645,0.67104,0.60669,0.56923
0,0.16936,0.36702,0.58273,0.80286,0.98196,1.1093,1.199,1.2607,1.3009,1.316,1.3101,1.2892,1.2577,1.2143,1.1693,1.1342,1.104,1.0867,1.0757,1.0182
0,0.20833,0.41671,0.62658,0.83874,1.0199,1.161,1.2549,1.3221,1.369,1.3897,1.3868,1.3667,1.3331,1.2917,1.2409,1.1789,1.119,1.0681,1.0224,1.0132
0,0.16047,0.35566,0.56845,0.7635,0.91502,1.0343,1.1306,1.2053,1.2484,1.2668,1.2565,1.2254,1.186,1.1375,1.0848,1.0247,0.97567,0.95367,1.0002,1.0976
0,0.1211,0.24168,0.35714,0.46246,0.54282,0.59187,0.62961,0.66982,0.70768,0.73595,0.75369,0.75656,0.75826,0.75618,0.75174,0.7374,0.70718,0.67663,0.66452,0.67866
0,0.099174,0.19695,0.28852,0.37526,0.45336,0.51516,0.57024,0.61855,0.65311,0.67318,0.67669,0.6687,0.66165,0.66138,0.66881,0.67534,0.67687,0.68399,0.68199,0.62571
0,0.21787,0.40538,0.58487,0.7555,0.90032,1.0077,1.0915,1.1592,1.2098,1.2423,1.2561,1.2599,1.2532,1.2387,1.2227,1.222,1.2368,1.2541,1.2558,1.2373
0,0.14958,0.29796,0.44984,0.57697,0.67305,0.74577,0.80484,0.84753,0.87608,0.88946,0.89229,0.89511,0.88887,0.8766,0.86085,0.84184,0.82736,0.81138,0.81336,0.85711
0,0.11293,0.23238,0.34838,0.45138,0.53337,0.59976,0.65824,0.70882,0.75089,0.7762,0.78982,0.7972,0.79235,0.77746,0.75674,0.72571,0.68882,0.65692,0.66344,0.71687
0,0.12666,0.24922,0.36371,0.46706,0.55146,0.61922,0.67636,0.72601,0.76708,0.80765,0.84292,0.86813,0.8868,0.89728,0.89131,0.86871,0.83091,0.80645,0.79345,0.78767
0,0.1366,0.27362,0.40336,0.50497,0.58053,0.63897,0.68286,0.71819,0.73559,0.73868,0.73908,0.73933,0.73711,0.73606,0.74634,0.75402,0.7567,0.7359,0.6929,0.6097
0,0.1602,0.29594,0.42787,0.54568,0.63597,0.71116,0.77243,0.82417,0.85983,0.87829,0.88578,0.88663,0.88122,0.87657,0.87609,0.87285,0.87255,0.87698,0.90908,0.95542
0,0.1416,0.26431,0.38175,0.4903,0.57852,0.65168,0.71743,0.76991,0.80596,0.82906,0.84333,0.84941,0.85126,0.84588,0.83042,0.81156,0.79739,0.78993,0.79081,0.80601
0,0.10341,0.20348,0.3039,0.4019,0.48367,0.54433,0.59528,0.63888,0.67765,0.70549,0.7229,0.73135,0.73633,0.72808,0.70861,0.68537,0.66238,0.65088,0.64747,0.64474
0,0.17946,0.34772,0.5008,0.61838,0.7011,0.76651,0.824,0.87325,0.91058,0.93875,0.94783,0.94699,0.94273,0.92835,0.91669,0.90851,0.90881,0.91914,0.93886,0.94094
0,0.1675,0.34124,0.4956,0.61949,0.69975,0.75321,0.78331,0.80063,0.80547,0.80068,0.79466,0.78761,0.78123,0.77526,0.77001,0.75647,0.74244,0.70942,0.6533,0.56467
0,0.1595,0.30848,0.44334,0.55956,0.64272,0.70556,0.76141,0.80821,0.84463,0.85924,0.86261,0.85914,0.84598,0.83026,0.81539,0.80038,0.79317,0.78578,0.77538,0.77614
0,0.12311,0.23593,0.33687,0.42071,0.48996,0.54881,0.59229,0.62796,0.65789,0.68143,0.69207,0.69687,0.70499,0.70765,0.70072,0.68408,0.66765,0.66085,0.66476,0.68067
0,0.12407,0.24252,0.35176,0.46266,0.57023,0.6572,0.7244,0.77984,0.82203,0.84642,0.85871,0.85798,0.856,0.85424,0.8512,0.84071,0.83261,0.83877,0.85486,0.86908
0,0.17594,0.35561,0.53837,0.7033,0.83175,0.91738,0.97932,1.0296,1.0692,1.1,1.1211,1.1287,1.1284,1.1196,1.1103,1.1047,1.0855,1.0656,1.0586,1.0293
0,0.14451,0.29513,0.41788,0.52308,0.60964,0.66902,0.71168,0.73836,0.75558,0.75921,0.74841,0.72897,0.69939,0.67268,0.65634,0.6501,0.65542,0.66914,0.64146,0.53175
0,0.12097,0.23852,0.34974,0.4472,0.5238,0.58009,0.62431,0.66121,0.68619,0.7028,0.71426,0.71744,0.71294,0.70481,0.69253,0.67733,0.66089,0.64984,0.64805,0.67921
0,0.12883,0.24286,0.34806,0.44364,0.52365,0.58687,0.63899,0.68094,0.71362,0.73601,0.74796,0.75194,0.75142,0.75523,0.75654,0.74891,0.73914,0.73912,0.74335,0.74869
0,0.12211,0.24608,0.35651,0.45126,0.53373,0.60167,0.65689,0.6962,0.7236,0.74031,0.74548,0.74329,0.74442,0.74054,0.73507,0.72819,0.7181,0.72286,0.74028,0.7578
0,0.20855,0.39182,0.55018,0.68679,0.79556,0.88304,0.95464,1.0238,1.086,1.1383,1.1618,1.1751,1.181,1.176,1.1682,1.1576,1.154,1.1696,1.1742,1.1391
0,0.07587,0.16173,0.25302,0.34154,0.42479,0.49498,0.54739,0.59082,0.61499,0.62469,0.61859,0.60434,0.58411,0.57266,0.57736,0.59553,0.61743,0.62591,0.60909,0.57967
