0,0.13182,0.20224,0.25547,0.31956,0.34423,0.35132,0.35827,0.3678,0.38953,0.42572,0.48659,0.55424,0.63313,0.71735,0.79234,0.85662,0.90905,0.94959,0.98563,1.0248
0,0.095826,0.20304,0.26821,0.32119,0.37939,0.40816,0.44077,0.46831,0.53169,0.60237,0.62947,0.63071,0.6512,0.69994,0.78886,0.89389,0.97223,1.0439,1.1309,1.2071
0,0.073811,0.16274,0.25167,0.34254,0.41588,0.39935,0.39677,0.41271,0.42482,0.45243,0.51472,0.56682,0.61841,0.664,0.70499,0.75138,0.8042,0.85034,0.90655,0.96419
0,0.14696,0.28356,0.41061,0.53052,0.63774,0.6716,0.71956,0.77746,0.79665,0.79094,0.77518,0.8158,0.86631,0.91013,0.93979,0.94283,0.9556,0.98605,1.0409,1.0956
0,0.13552,0.27583,0.41888,0.53824,0.65287,0.698,0.68164,0.65494,0.63932,0.64123,0.65073,0.65921,0.66356,0.66446,0.67668,0.6869,0.70993,0.74949,0.80199,0.86232
0,0.12127,0.23487,0.34533,0.44316,0.55012,0.66267,0.77103,0.86795,0.94797,0.99293,1.0081,1.1228,1.1887,1.1911,1.2352,1.2615,1.2826,1.3216,1.3925,1.529
0,0.11798,0.25207,0.38823,0.52276,0.6286,0.65645,0.67405,0.64797,0.64994,0.68213,0.7222,0.73378,0.73166,0.75419,0.78492,0.81813,0.85499,0.88184,0.91425,0.93831
0,0.16371,0.32612,0.48155,0.61654,0.68864,0.73207,0.75291,0.75539,0.73898,0.75527,0.7731,0.7669,0.76297,0.78409,0.85159,0.93222,1.0447,1.1779,1.2907,1.394
0,0.13368,0.263,0.37346,0.46484,0.53417,0.59353,0.66847,0.77598,0.93827,1.0542,1.1135,1.1292,1.113,1.1,1.0953,1.1055,1.1435,1.2113,1.2829,1.3611
0,0.081974,0.15146,0.21094,0.26902,0.31736,0.36466,0.42031,0.48358,0.51265,0.52625,0.56694,0.6058,0.63385,0.64885,0.65005,0.62573,0.62163,0.66047,0.74161,0.81468
0,0.11827,0.23942,0.33627,0.42985,0.54922,0.63628,0.67833,0.72055,0.72963,0.75295,0.77815,0.78399,0.77981,0.79591,0.83307,0.86893,0.93557,0.99327,1.0326,1.0769
0,0.10715,0.18985,0.25647,0.3322,0.393,0.39972,0.38814,0.39057,0.40391,0.41805,0.44635,0.47852,0.50941,0.56044,0.63595,0.71476,0.81171,0.90608,0.98133,1.0527
0,0.062468,0.082815,0.10325,0.11703,0.127,0.14204,0.15614,0.1746,0.19747,0.22299,0.25351,0.27907,0.30623,0.3343,0.35741,0.37569,0.38932,0.40574,0.42453,0.44041
0,0.27252,0.53195,0.77215,0.97496,1.1111,1.1861,1.1606,1.1083,1.0909,1.0703,1.0268,0.99722,1.0027,1.0233,1.0695,1.1024,1.1417,1.2001,1.2738,1.3551
0,0.13436,0.25775,0.40036,0.55035,0.72481,0.91622,1.0453,1.1072,1.2147,1.3426,1.3766,1.36,1.3484,1.3203,1.3117,1.2992,1.3045,1.329,1.4141,1.4816
0,0.20705,0.41454,0.61614,0.83631,1.0068,1.1144,1.172,1.2421,1.2501,1.2576,1.2842,1.3434,1.4133,1.4459,1.4308,1.4569,1.4817,1.4974,1.5155,1.5594
0,0.35098,0.68108,0.74933,1.005,1.118,1.1736,1.2156,1.2505,1.2694,1.279,1.291,1.3154,1.3471,1.3832,1.4294,1.4857,1.5598,1.6361,1.7077,1.7972
0,0.36935,0.26368,0.36364,0.45568,0.54976,0.65906,0.72966,0.77354,0.80292,0.85081,0.86924,0.88385,0.89105,0.89548,0.90637,0.92024,0.93988,0.98217,1.0264,1.077
0,0.1081,0.22723,0.36029,0.51114,0.72133,0.72895,0.75704,0.80236,0.78511,0.77075,0.74704,0.72015,0.71273,0.71671,0.73473,0.77805,0.83248,0.89236,0.96333,1.039
0,0.1556,0.31702,0.46651,0.60531,0.73893,0.83673,0.90495,0.97548,1.0257,1.0266,0.98429,0.96,0.91045,0.88075,0.91116,0.97291,1.0231,1.0559,1.0718,1.1195
0,0.19715,0.24671,0.27645,0.30856,0.34402,0.39245,0.43927,0.4813,0.51772,0.55047,0.58007,0.60722,0.63662,0.66782,0.70009,0.74202,0.78613,0.83917,0.8928,0.94509
0,0.20142,0.18987,0.32864,0.38342,0.44585,0.51183,0.56586,0.60099,0.62308,0.6467,0.66917,0.69517,0.715,0.72846,0.74969,0.77084,0.78953,0.81016,0.8287,0.84055
0,0.099769,0.20174,0.26909,0.31173,0.34251,0.36682,0.3948,0.41565,0.43853,0.45559,0.49118,0.53454,0.58077,0.61911,0.64646,0.67829,0.71101,0.74188,0.76586,0.78527
0,0.14494,0.31255,0.48711,0.63299,0.74023,0.8266,0.88846,0.89158,0.83315,0.79695,0.78022,0.75028,0.72267,0.73344,0.75462,0.79754,0.85395,0.92415,1.0063,1.0936
0,0.16325,0.31734,0.44787,0.56199,0.66751,0.76954,0.86198,0.91985,0.92154,0.90581,0.89526,0.8841,0.87962,0.88671,0.91852,0.95635,1.0044,1.0594,1.1923,1.3471
0,0.14962,0.27875,0.4093,0.52282,0.65274,0.8633,0.82243,0.94043,1.0547,1.0382,1.0542,1.0611,1.0823,1.1542,1.2306,1.3188,1.4387,1.5372,1.5952,1.6269
0,0.19637,0.25909,0.28689,0.37747,0.43774,0.46944,0.48725,0.50502,0.53077,0.56294,0.60078,0.64721,0.68859,0.73205,0.77179,0.81291,0.8547,0.89415,0.93321,0.97239
0,0.1322,0.24637,0.35504,0.45704,0.55144,0.62093,0.66408,0.72679,0.7553,0.73704,0.71197,0.71229,0.74759,0.78545,0.8376,0.90515,0.97515,1.0429,1.1107,1.1767
0,0.10988,0.25488,0.41681,0.57188,0.65396,0.69386,0.71837,0.71976,0.71151,0.69556,0.67891,0.65531,0.63877,0.63159,0.64887,0.67259,0.70052,0.73502,0.7927,0.85286
0,0.20894,0.4461,0.63487,0.66713,0.59524,0.55153,0.52883,0.52844,0.58268,0.66617,0.78155,0.87223,0.9596,1.0223,1.052,1.0719,1.1137,1.1133,1.1416,1.2222
0,0.15966,0.17334,0.19714,0.21085,0.21435,0.23257,0.23736,0.24777,0.27497,0.31137,0.35371,0.38052,0.40954,0.4394,0.47327,0.5038,0.52779,0.54195,0.54723,0.55427
0,0.15553,0.31039,0.45141,0.6008,0.70637,0.78306,0.84917,0.89446,0.93269,0.86635,0.88125,0.873,0.89574,0.92138,0.96385,1.034,1.1176,1.1642,1.1983,1.2025
0,0.30498,0.35457,0.32846,0.46203,0.55103,0.60512,0.63879,0.66079,0.67791,0.69199,0.69939,0.72359,0.73987,0.75868,0.77807,0.79728,0.81456,0.84046,0.87883,0.91919
0,0.10744,0.12154,0.12661,0.13088,0.12834,0.1279,0.12875,0.1318,0.13714,0.14478,0.15406,0.16372,0.17304,0.18257,0.19255,0.20225,0.21233,0.22222,0.23239,0.24558
0,0.19398,0.3496,0.45643,0.57884,0.65799,0.69214,0.76132,0.81254,0.85222,0.89401,0.9441,0.99039,1.0319,1.0533,1.0816,1.103,1.152,1.2036,1.2598,1.3177
0,0.10413,0.20379,0.30536,0.41932,0.49491,0.56618,0.65745,0.74345,0.81626,0.8737,0.95252,1.0515,1.1378,1.2109,1.2816,1.3466,1.424,1.5142,1.5978,1.6847
0,0.13733,0.27722,0.39674,0.46213,0.57387,0.714,0.81365,0.84109,0.84698,0.85754,0.87463,0.86586,0.88121,0.91261,0.96678,1.0424,1.1263,1.2021,1.2641,1.355
0,0.12182,0.25391,0.31014,0.35356,0.40536,0.45739,0.50297,0.53503,0.56965,0.61522,0.61435,0.63576,0.67355,0.70469,0.69033,0.66044,0.65294,0.68298,0.73872,0.79404
0,0.14367,0.28141,0.4148,0.55314,0.69286,0.81817,0.89025,0.94533,0.9317,0.91737,0.92343,0.93376,0.95693,0.98895,1.0257,1.0628,1.0806,1.091,1.1038,1.129
0,0.28181,0.32474,0.36009,0.45785,0.53982,0.62127,0.6689,0.69823,0.72911,0.75287,0.77633,0.80387,0.83453,0.87164,0.90617,0.94649,0.98859,1.0271,1.0758,1.1204
0,0.20893,0.44812,0.60438,0.61351,0.71176,0.75887,0.76837,0.80103,0.81193,0.82307,0.83415,0.85268,0.91096,0.94715,0.98575,1.0452,1.1024,1.1545,1.1897,1.2107
0,0.13358,0.25972,0.3726,0.46207,0.54482,0.60249,0.63347,0.64905,0.67444,0.70946,0.74231,0.73029,0.76709,0.7743,0.81179,0.85517,0.8926,0.94624,0.98691,1.0425
0,0.19856,0.35947,0.49131,0.59942,0.71549,0.79481,0.84577,0.90162,0.92367,0.88538,0.86727,0.8579,0.87776,0.92853,1.0177,1.1069,1.2307,1.3535,1.4894,1.6257
0,0.08681,0.17336,0.23016,0.27194,0.30359,0.31976,0.33532,0.35089,0.36585,0.37999,0.39525,0.39619,0.40533,0.42531,0.46086,0.49163,0.52677,0.57992,0.63668,0.71127
0,0.096554,0.19067,0.25134,0.28732,0.32479,0.36613,0.36192,0.37347,0.40463,0.43999,0.46593,0.48923,0.51677,0.54373,0.57389,0.61349,0.66051,0.71816,0.78528,0.83386
0,0.12946,0.27068,0.41693,0.53117,0.61748,0.66901,0.69658,0.72274,0.75823,0.80523,0.88089,0.9278,0.93713,0.89534,0.8228,0.79911,0.81566,0.84984,0.91997,1.0296
0,0.083612,0.16589,0.23303,0.30236,0.40698,0.47833,0.55196,0.57169,0.57308,0.57911,0.57165,0.56436,0.58073,0.60464,0.64785,0.71263,0.79743,0.8953,0.9998,1.0928
0,0.091074,0.12767,0.14525,0.21176,0.32045,0.40228,0.45736,0.48988,0.52003,0.54432,0.55638,0.55914,0.56584,0.56435,0.56016,0.55316,0.53875,0.52567,0.50966,0.52099
0,0.11391,0.20601,0.27634,0.30934,0.36827,0.44881,0.49427,0.51239,0.56317,0.59769,0.60897,0.60155,0.59359,0.60609,0.64146,0.6863,0.72971,0.78399,0.86733,0.96092
0,0.089682,0.1788,0.27612,0.38451,0.48894,0.59426,0.69618,0.75397,0.76999,0.77746,0.77736,0.78591,0.77025,0.75503,0.76229,0.76048,0.76849,0.78987,0.83041,0.87627
0,0.17207,0.34204,0.42991,0.46369,0.54344,0.60908,0.63971,0.63393,0.64051,0.69984,0.75416,0.82796,0.94045,1.0557,1.1846,1.3262,1.4383,1.5333,1.6172,1.6872
0,0.18364,0.37125,0.5482,0.69286,0.83665,0.95195,1.0221,1.1068,1.3155,1.3525,1.2643,1.1849,1.153,1.1226,1.1198,1.1601,1.2107,1.2785,1.3677,1.4611
0,0.31368,0.36642,0.40908,0.43895,0.47347,0.51538,0.55763,0.58347,0.59954,0.61594,0.64417,0.67522,0.70784,0.74734,0.79349,0.84328,0.8918,0.94994,1.0136,1.0878
0,0.17356,0.39133,0.58658,0.73774,0.87052,0.95871,0.94493,0.93885,0.9329,0.94171,0.97447,1.0217,1.082,1.1654,1.2554,1.3672,1.4749,1.5709,1.6742,1.7899
0,0.085105,0.15493,0.20761,0.26823,0.32255,0.34652,0.39129,0.42741,0.4409,0.42966,0.43469,0.46497,0.49882,0.5326,0.55389,0.57258,0.59292,0.62699,0.65272,0.67887
0,0.17519,0.30162,0.43099,0.53522,0.62627,0.71142,0.75756,0.789,0.82035,0.84729,0.86095,0.85992,0.86574,0.88328,0.91874,0.9728,1.0274,1.0839,1.1329,1.1881
0,0.13994,0.28059,0.3936,0.48781,0.57733,0.7171,0.83838,0.97135,1.0386,1.0907,1.1463,1.202,1.2171,1.2236,1.2208,1.2307,1.2684,1.3056,1.3229,1.3484
0,0.092505,0.18667,0.28425,0.38571,0.48671,0.59654,0.73037,0.838,0.91672,0.97605,1.0279,1.0688,1.082,1.1347,1.1067,1.0873,1.0757,1.1178,1.1636,1.221
0,0.13003,0.13928,0.15271,0.1732,0.19943,0.22513,0.24638,0.26864,0.27995,0.29176,0.3028,0.3213,0.33821,0.34891,0.35591,0.35999,0.36432,0.3665,0.3703,0.37851
0,0.1598,0.30134,0.32626,0.3737,0.40384,0.43707,0.48031,0.51938,0.55121,0.57147,0.57857,0.61014,0.61759,0.63348,0.6569,0.70273,0.76315,0.8418,0.92023,1.033
0,0.076121,0.13814,0.19763,0.22569,0.26562,0.31733,0.35775,0.39807,0.41573,0.42689,0.4509,0.47408,0.49065,0.50303,0.51771,0.53781,0.5626,0.57532,0.61055,0.68134
0,0.16854,0.32788,0.45827,0.57405,0.67718,0.75869,0.82676,0.88076,0.93305,0.97931,1.0216,1.0798,1.1477,1.2483,1.3964,1.3596,1.2135,1.1387,1.035,1.0211
0,0.18395,0.34357,0.4732,0.57543,0.65585,0.70334,0.74416,0.76816,0.83177,0.90987,0.9854,1.1076,1.2732,1.2957,1.327,1.3974,1.5045,1.6459,1.7905,1.9084
0,0.14982,0.21881,0.28138,0.3336,0.38642,0.42335,0.42218,0.42245,0.4339,0.45688,0.494,0.53631,0.57599,0.62477,0.65342,0.69277,0.74615,0.74027,0.73432,0.73063
0,0.19956,0.44948,0.76302,0.96453,1.0549,1.112,1.1714,1.2353,1.225,1.1712,1.1377,1.1201,1.137,1.1518,1.1783,1.2258,1.2825,1.3086,1.3847,1.4616
0,0.14587,0.28227,0.41507,0.54433,0.63416,0.71781,0.77017,0.82604,0.86248,0.87953,0.88256,0.88415,0.89571,0.9119,0.93885,0.97429,1.0223,1.0832,1.1669,1.2599
0,0.096265,0.19188,0.30578,0.44469,0.63316,0.92739,1.1659,1.2359,1.1924,1.1382,1.137,1.1275,1.1506,1.1637,1.1717,1.1896,1.2151,1.288,1.379,1.4364
0,0.14431,0.28697,0.44107,0.58864,0.70653,0.77977,0.85513,0.90004,0.93302,0.97104,0.99026,0.9883,1.0167,1.0679,1.1337,1.1937,1.2764,1.3534,1.4562,1.584
0,0.14939,0.32525,0.4976,0.57775,0.64962,0.73269,0.83319,0.87082,0.88836,0.91667,0.96403,1.0158,1.0758,1.1469,1.2098,1.2745,1.3394,1.4057,1.4648,1.5175
0,0.08212,0.17676,0.29654,0.44294,0.61234,0.71574,0.78164,0.8233,0.87187,0.89355,0.91309,0.93696,0.9601,0.98002,1.0061,1.0368,1.0758,1.1247,1.1764,1.2296
0,0.085988,0.17406,0.2659,0.35619,0.44079,0.52858,0.63068,0.65817,0.67958,0.67583,0.67327,0.70282,0.73931,0.77041,0.8139,0.87791,0.96404,1.0464,1.1216,1.1938
0,0.13784,0.27883,0.41588,0.54422,0.64615,0.73439,0.84166,0.95398,1.0538,1.1873,1.3494,1.4672,1.484,1.5209,1.5038,1.4241,1.3247,1.2577,1.2157,1.2333
0,0.18164,0.37331,0.53636,0.68306,0.80704,0.9409,1.029,1.105,1.1759,1.2215,1.2272,1.2071,1.2068,1.1945,1.1825,1.1618,1.1741,1.215,1.286,1.4076
0,0.12834,0.24146,0.34016,0.43004,0.49724,0.56152,0.6175,0.66567,0.73133,0.78144,0.78568,0.8075,0.81294,0.82699,0.84206,0.83187,0.83422,0.83252,0.84693,0.90773
0,0.093405,0.17135,0.25444,0.32056,0.39373,0.46325,0.5029,0.52827,0.52135,0.53478,0.57596,0.60919,0.63709,0.6759,0.7209,0.77356,0.83757,0.9231,1.0006,1.0766
0,0.096313,0.18563,0.26885,0.34613,0.4033,0.44296,0.48465,0.5283,0.57978,0.61852,0.63139,0.64387,0.6602,0.66716,0.68664,0.70245,0.74179,0.82078,0.89944,0.98575
0,0.24579,0.50559,0.71961,0.86886,1.0071,1.1242,1.2166,1.2921,1.3574,1.4391,1.505,1.5031,1.511,1.5247,1.5677,1.6399,1.6801,1.7619,1.8604,1.9536
0,0.18667,0.38316,0.58778,0.7628,0.91141,1.0166,1.1134,1.1783,1.2052,1.2203,1.2146,1.2336,1.2401,1.2329,1.2293,1.2422,1.2431,1.2374,1.2516,1.284
0,0.16648,0.27543,0.38231,0.44622,0.44467,0.46269,0.4649,0.4763,0.50549,0.5137,0.52107,0.54471,0.55528,0.57549,0.60665,0.65083,0.69263,0.71965,0.75528,0.80051
0,0.069424,0.13876,0.24947,0.34543,0.39761,0.41026,0.43173,0.45833,0.47852,0.4882,0.49208,0.50068,0.50636,0.50579,0.49924,0.4989,0.50205,0.50855,0.51962,0.54143
0,0.084818,0.16346,0.22952,0.28587,0.3647,0.46119,0.54768,0.53781,0.55009,0.56813,0.56873,0.5816,0.60038,0.62507,0.66249,0.69149,0.73027,0.78972,0.85568,0.95541
0,0.12328,0.23864,0.34596,0.47472,0.64949,0.72905,0.73484,0.75608,0.75024,0.75151,0.76402,0.78759,0.80794,0.83283,0.852,0.85956,0.86318,0.85551,0.86296,0.90875
0,0.1532,0.2911,0.42788,0.55158,0.71635,0.92978,1.0488,1.1172,1.1922,1.2505,1.2946,1.3134,1.2934,1.2736,1.2696,1.277,1.3056,1.3304,1.3564,1.3796
0,0,0,0,0,0,0,0,0,0,0,0,0,0,0,0,0,0,0,0,0
0,0.14975,0.28329,0.40421,0.51347,0.61461,0.69811,0.76532,0.82226,0.86448,0.91749,0.98165,1.0316,1.0802,1.1345,1.2299,1.3108,1.2861,1.2239,1.1965,1.2356
0,0.12415,0.26244,0.38923,0.50002,0.59815,0.67135,0.74299,0.82614,0.92868,1.0092,1.116,1.2052,1.2953,1.1535,1.0762,1.0495,1.1032,1.1255,1.2891,1.4994
0,0.26633,0.49862,0.69299,0.85768,0.97724,1.0846,1.1758,1.2804,1.374,1.4295,1.4616,1.465,1.4475,1.4329,1.407,1.4171,1.422,1.4001,1.3908,1.3911
0,0.077833,0.15842,0.24466,0.32546,0.36343,0.39084,0.41534,0.43837,0.44921,0.45878,0.46963,0.48533,0.50389,0.52154,0.53924,0.56271,0.59469,0.62072,0.63472,0.63905
0,0.082532,0.1527,0.22178,0.28889,0.35767,0.408,0.45559,0.47092,0.47488,0.45193,0.44419,0.45734,0.47859,0.50438,0.53136,0.5491,0.56246,0.57793,0.62953,0.72139
0,0.15381,0.33263,0.4962,0.56811,0.62712,0.71878,0.81567,0.90234,0.99491,1.0933,1.1663,1.2165,1.2514,1.2437,1.2312,1.224,1.2507,1.3045,1.3825,1.4336
0,0.14751,0.30153,0.43064,0.53966,0.65298,0.72058,0.73908,0.82881,0.88191,0.90429,1.0001,1.0412,1.0415,1.0476,1.0533,1.054,1.0582,1.0541,1.1161,1.1488
0,0.22115,0.42431,0.57159,0.68487,0.77134,0.83115,0.91207,0.96832,1.0154,1.0587,1.0797,1.0855,1.1079,1.1916,1.241,1.2678,1.2713,1.3701,1.5321,1.7262
0,0.17214,0.36927,0.57412,0.67757,0.55675,0.52126,0.55899,0.5957,0.62232,0.62626,0.62935,0.6407,0.66678,0.70352,0.74964,0.80256,0.86049,0.9204,0.98151,1.0424
0,0.1081,0.20464,0.28684,0.35818,0.40133,0.43377,0.48321,0.53817,0.56176,0.58403,0.62086,0.66382,0.71319,0.78143,0.82573,0.87972,0.96008,1.0583,1.1564,1.2417
0,0.34407,0.43623,0.46045,0.49258,0.51987,0.54165,0.56493,0.58676,0.60313,0.62284,0.64352,0.67233,0.69982,0.71911,0.7375,0.75242,0.75694,0.75399,0.73772,0.70753
0,0.11441,0.23834,0.36167,0.46473,0.53964,0.59161,0.63958,0.66616,0.72144,0.8148,0.84487,0.8577,0.86002,0.89777,0.89155,0.88449,0.88754,0.92377,0.9988,1.0867
0,0.10889,0.20461,0.29037,0.37957,0.46271,0.53272,0.59316,0.66552,0.76319,0.8565,0.90868,0.93364,0.91896,0.8941,0.87919,0.89784,0.91934,0.90356,0.94497,0.94247
0,0.15433,0.2064,0.26979,0.30614,0.34248,0.37049,0.3924,0.41065,0.42638,0.44297,0.45726,0.47488,0.49373,0.51119,0.53012,0.54848,0.56976,0.59084,0.61366,0.63282
0,0.21099,0.40145,0.58834,0.75173,0.88999,1.0112,1.0576,1.055,1.0596,1.0582,1.0728,1.0599,1.0362,1.0406,1.0847,1.1413,1.1994,1.2732,1.3804,1.5059
0,0.30893,0.56573,0.7794,1.2142,0.99252,1.0457,1.0224,0.99375,1.0168,1.0457,1.0502,1.0466,1.0313,1.0423,1.0843,1.1501,1.2349,1.3297,1.4359,1.5526
0,0.10896,0.15135,0.18551,0.21531,0.23603,0.25276,0.26485,0.27686,0.28797,0.30176,0.31178,0.32132,0.3317,0.34336,0.35659,0.36223,0.36192,0.36298,0.36562,0.36929
0,0.11263,0.22752,0.33961,0.45914,0.57211,0.62593,0.57724,0.50388,0.45229,0.42409,0.42906,0.46302,0.5143,0.56021,0.60809,0.65118,0.71227,0.75957,0.76993,0.78519
0,0.098795,0.20389,0.2993,0.38727,0.4889,0.5778,0.62386,0.65884,0.69523,0.73265,0.77312,0.81439,0.85544,0.90015,0.91312,0.91127,0.94388,0.96957,0.97576,0.95751
0,0.20228,0.40258,0.59928,0.79326,0.91062,0.99917,1.0089,1.0319,1.0815,1.1351,1.1723,1.2241,1.269,1.3248,1.4031,1.4901,1.5817,1.6415,1.6784,1.7193
0,0.26852,0.45966,0.65189,0.76084,0.81566,0.84128,0.84504,0.88382,0.92818,0.99093,1.0521,1.1135,1.1648,1.2273,1.2887,1.3451,1.415,1.4823,1.5282,1.5665
0,0.27285,0.39606,0.3695,0.35784,0.45172,0.74924,1.0905,1.4084,1.6374,1.8148,1.9472,2.0702,2.1744,2.2527,2.3216,2.3777,2.3903,2.3803,2.3755,2.3721
0,0.1715,0.32825,0.46058,0.57952,0.69333,0.77,0.83462,0.89698,0.94598,0.98599,1.0354,1.0703,1.0487,1.0578,1.0525,1.0636,1.0742,1.1139,1.1558,1.1899
0,0.12625,0.22647,0.29168,0.35856,0.41467,0.48994,0.47695,0.51398,0.56343,0.59238,0.61986,0.66108,0.68158,0.69086,0.70881,0.73159,0.77006,0.83136,0.88384,0.9521
0,0.14984,0.32519,0.46677,0.56463,0.66547,0.77512,0.87228,0.93564,0.86972,0.80815,0.78239,0.75562,0.72187,0.73489,0.78799,0.85295,0.92456,0.99042,1.0463,1.0854
0,0.17327,0.33048,0.47595,0.65375,0.8743,1.0454,1.0403,0.9785,0.93151,0.93262,0.9546,1.0077,1.0514,1.075,1.0958,1.1174,1.1279,1.1258,1.1429,1.1827
0,0.12164,0.22218,0.34483,0.46646,0.57756,0.67635,0.74283,0.79174,0.83363,0.88256,0.93315,0.96096,0.98547,0.98723,0.95016,0.91012,0.90458,0.9461,0.98565,1.0405
0,0.20669,0.37172,0.40155,0.42626,0.47213,0.48758,0.4871,0.47175,0.46355,0.47733,0.50165,0.53672,0.57553,0.61354,0.65047,0.68922,0.7274,0.76645,0.80711,0.84225
0,0.17383,0.34554,0.5072,0.55872,0.56875,0.56599,0.56535,0.61155,0.64775,0.67201,0.71382,0.75688,0.79726,0.84869,0.95379,1.0325,1.0916,1.139,1.201,1.2866
0,0.15061,0.32435,0.45721,0.55492,0.61315,0.71783,0.79632,0.85032,0.87577,0.89637,0.9291,0.95467,0.99396,1.0357,1.0693,1.1091,1.153,1.2087,1.2807,1.3758
0,0.23228,0.44819,0.64847,0.82169,0.98408,1.1995,1.4503,1.5532,1.5336,1.4378,1.3712,1.3425,1.3791,1.4378,1.5273,1.5989,1.6435,1.6577,1.6756,1.7243
0,0.20132,0.26252,0.29494,0.33703,0.37546,0.41029,0.44357,0.47376,0.49961,0.52694,0.55275,0.57523,0.59851,0.63408,0.67914,0.72613,0.77724,0.82079,0.86773,0.91092
0,0.11783,0.24115,0.32205,0.38884,0.46671,0.55584,0.63717,0.7029,0.75347,0.79397,0.82711,0.85668,0.8857,0.91353,0.93834,0.95786,0.97144,0.98179,0.99044,0.9994
0,0.11171,0.18373,0.23299,0.27801,0.3237,0.38096,0.43864,0.47175,0.50449,0.51635,0.47968,0.44423,0.43764,0.43888,0.47923,0.54917,0.60645,0.66833,0.73176,0.80137
0,0.14814,0.28553,0.4082,0.52543,0.64622,0.74402,0.85075,0.92688,0.99101,1.0927,1.1166,1.1128,1.0697,1.0381,1.0118,0.97566,0.91767,0.90209,0.91808,0.95871
0,0.15835,0.26229,0.36999,0.40109,0.4163,0.47619,0.53076,0.5461,0.58679,0.62797,0.68063,0.71775,0.75196,0.78212,0.79814,0.81491,0.83444,0.8633,0.89229,0.9188
0,0.14987,0.29961,0.39481,0.4657,0.51531,0.53995,0.56006,0.58782,0.62577,0.65057,0.67402,0.7398,0.80028,0.80736,0.75239,0.73378,0.7217,0.73703,0.74762,0.75634
0,0.2804,0.38323,0.35188,0.41462,0.48845,0.55851,0.62587,0.67962,0.72257,0.76745,0.80878,0.84363,0.87572,0.89699,0.91597,0.92674,0.93794,0.94348,0.95458,0.9821
0,0.20233,0.39638,0.54603,0.61539,0.59643,0.56759,0.62243,0.65342,0.66866,0.68561,0.7106,0.74658,0.77339,0.81093,0.82386,0.83408,0.84986,0.91158,1.0164,1.1395
0,0.19733,0.35742,0.45818,0.53375,0.63645,0.72349,0.80247,0.854,0.84322,0.80882,0.86562,0.97444,1.0326,1.075,1.1335,1.1873,1.245,1.3187,1.3996,1.488
0,0.12212,0.24058,0.40379,0.53662,0.64356,0.74197,0.81206,0.86679,0.94729,1.0296,1.0993,1.1916,1.2703,1.3229,1.3728,1.4078,1.4635,1.5155,1.5869,1.4273
0,0.17497,0.32958,0.4641,0.58924,0.68692,0.76612,0.8539,0.92159,0.96217,1.0006,1.0488,1.0734,1.0915,1.1108,1.107,1.1103,1.1291,1.1596,1.2176,1.3536
0,0.068862,0.136,0.20428,0.29627,0.3511,0.37161,0.35627,0.37912,0.39089,0.41223,0.44695,0.47975,0.51909,0.56607,0.6112,0.65309,0.685,0.70486,0.71781,0.74147
0,0.13608,0.27219,0.38579,0.48502,0.54602,0.60062,0.64655,0.68944,0.72853,0.77524,0.82681,0.83689,0.85044,0.86331,0.88846,0.9329,0.98783,1.0601,1.1696,1.3098
0,0.12903,0.22447,0.32624,0.36381,0.39217,0.42105,0.4696,0.51708,0.56056,0.59753,0.63191,0.66354,0.69181,0.72234,0.74544,0.76091,0.77042,0.77479,0.78064,0.79659
0,0.12473,0.26592,0.38374,0.43564,0.45947,0.47076,0.47142,0.49306,0.53696,0.59143,0.65394,0.70003,0.72716,0.76029,0.7856,0.80882,0.84003,0.90104,0.9621,1.0165
0,0.1341,0.26766,0.39191,0.40847,0.47306,0.49832,0.57203,0.64125,0.66379,0.64602,0.62195,0.60269,0.59814,0.58893,0.5878,0.60601,0.65448,0.71848,0.77885,0.82159
0,0.18881,0.36441,0.53051,0.67312,0.78078,0.87897,0.97802,1.0899,1.1829,1.2736,1.4289,1.5863,1.6195,1.5757,1.6172,1.6921,1.7656,1.7971,1.778,1.7991
0,0.14429,0.29126,0.43525,0.57429,0.69517,0.78276,0.84255,0.89111,0.90463,0.87854,0.89336,0.87053,0.85093,0.83517,0.84296,0.87175,0.9054,0.95294,1.0391,1.1528
0,0.095466,0.18938,0.2942,0.40919,0.50813,0.61733,0.72321,0.81944,0.88315,0.90706,0.93838,0.9279,0.96126,0.97528,0.97845,1.0082,1.0092,1.004,1.0483,1.1502
0,0.21306,0.41717,0.60822,0.78089,0.96408,1.1496,1.2194,1.2205,1.3002,1.365,1.3156,1.2936,1.2496,1.1837,1.1389,1.1614,1.2492,1.39,1.5461,1.6979
0,0.14164,0.27965,0.40958,0.54586,0.69238,0.80306,0.86654,0.92308,0.96014,0.98471,0.96464,0.99524,1.0223,1.0572,1.0754,1.0893,1.0875,1.0949,1.1113,1.1468
0,0.11552,0.26664,0.43921,0.44146,0.52351,0.55814,0.5605,0.57394,0.59601,0.6233,0.66756,0.69783,0.71739,0.7426,0.77525,0.81151,0.85721,0.91315,0.97749,1.0434
0,0.14264,0.24633,0.34058,0.40882,0.48363,0.53124,0.56157,0.58894,0.62676,0.6679,0.74051,0.83316,0.92042,1.0244,1.1098,1.1359,1.1186,1.0973,1.1273,1.2013
0,0.16652,0.28613,0.4037,0.57413,0.737,0.80533,0.84306,0.91412,0.97582,1.0119,1.0647,1.1608,1.2403,1.3074,1.3208,1.2909,1.2775,1.2968,1.3088,1.3564
0,0.1994,0.45944,0.63386,0.80855,1.0134,1.1021,1.1738,1.2389,1.1567,1.0483,1.0091,1.025,1.0393,1.0545,1.1009,1.2436,1.3939,1.4994,1.6223,1.7026
0,0.10386,0.19596,0.28328,0.35742,0.42279,0.48934,0.54221,0.58257,0.59694,0.59539,0.58962,0.59377,0.60252,0.63319,0.67918,0.74255,0.80693,0.87184,0.93131,0.96804
0,0.14502,0.20241,0.46573,0.71905,0.71856,0.68457,0.68638,0.70758,0.7251,0.7472,0.77195,0.7918,0.80905,0.82817,0.8459,0.85238,0.85422,0.84848,0.84073,0.83084
0,0.14618,0.29948,0.46149,0.55989,0.58764,0.58429,0.58454,0.62656,0.67183,0.72068,0.75705,0.80355,0.84397,0.88995,0.95477,1.0067,1.0841,1.19,1.3103,1.426
0,0.11479,0.24535,0.38327,0.50362,0.62424,0.72322,0.73017,0.69373,0.69742,0.69648,0.69944,0.69425,0.69104,0.69634,0.72192,0.77694,0.87148,1.0055,1.1641,1.2976
0,0.10158,0.22446,0.34428,0.41523,0.47332,0.52195,0.5593,0.58851,0.62395,0.67991,0.73494,0.75915,0.76603,0.83164,0.88192,0.96272,1.039,1.1018,1.1645,1.2458
0,0.15366,0.30418,0.46102,0.59457,0.71311,0.72789,0.6695,0.65457,0.69054,0.74967,0.80678,0.86606,0.92057,0.95509,0.98268,1.0186,1.0524,1.0895,1.1241,1.1581
0,0.1352,0.24743,0.43007,0.56207,0.68245,0.78084,0.80211,0.78393,0.78863,0.81831,0.87003,0.90831,0.93873,0.9883,1.0105,1.0371,1.0832,1.2021,1.329,1.4277
0,0.14048,0.24848,0.348,0.43568,0.50112,0.54636,0.6038,0.6247,0.62627,0.63967,0.7382,0.82628,0.85573,0.89575,0.92098,0.93281,0.94119,0.97377,1.0294,1.0965
0,0.073211,0.14803,0.22549,0.34029,0.49558,0.59107,0.61698,0.63672,0.66357,0.61742,0.56927,0.56133,0.54639,0.56068,0.57571,0.6016,0.65351,0.70657,0.77374,0.85792
0,0.2068,0.40072,0.36078,0.32205,0.39054,0.46035,0.52262,0.58992,0.66388,0.73088,0.79603,0.8666,0.9266,0.97334,1.0241,1.0948,1.1569,1.2084,1.2794,1.3498
0,0.094949,0.1901,0.27354,0.35542,0.4269,0.49202,0.55168,0.62296,0.71292,0.768,0.81281,0.8673,0.89295,0.92267,0.95612,0.97318,1.0166,1.1065,1.1527,1.2156
0,0.099615,0.20566,0.30291,0.38359,0.44332,0.50038,0.54789,0.58729,0.61442,0.60686,0.627,0.64243,0.65771,0.66133,0.66691,0.67987,0.68266,0.69827,0.75384,0.86487
0,0.16103,0.2802,0.36304,0.42183,0.49131,0.55453,0.59651,0.63352,0.67845,0.73409,0.80589,0.86454,0.91676,0.95674,0.98279,0.9951,0.99058,0.9971,1.0036,1.0428
0,0.10385,0.21576,0.33583,0.44593,0.54362,0.62666,0.70064,0.77444,0.84563,0.88856,0.91702,0.91414,0.9555,0.9602,0.93845,0.90548,0.86984,0.94118,1.0517,1.1709
0,0.21858,0.40372,0.54883,0.66991,0.76451,0.8633,0.97501,1.0716,1.1499,1.2116,1.3197,1.3589,1.3345,1.379,1.3866,1.3809,1.3689,1.4042,1.4978,1.6204
0,0.093193,0.16156,0.20845,0.26438,0.3166,0.35851,0.39292,0.4139,0.44268,0.44552,0.45635,0.45005,0.46002,0.48297,0.50669,0.53763,0.57986,0.63344,0.68859,0.74794
0,0.089448,0.18094,0.27137,0.35108,0.43301,0.52483,0.59091,0.63864,0.68201,0.694,0.72468,0.73149,0.7424,0.77564,0.76445,0.75853,0.75947,0.80838,0.78823,0.7877
0,0.20241,0.29468,0.27988,0.31493,0.37257,0.40814,0.46382,0.51065,0.55106,0.57809,0.589,0.60066,0.63589,0.67062,0.70842,0.75546,0.82817,0.88412,0.92633,0.9874
0,0.10409,0.17302,0.25043,0.31069,0.35918,0.40632,0.45669,0.50487,0.5447,0.608,0.65526,0.7081,0.77349,0.83584,0.88671,0.90824,0.91763,0.92709,0.94139,0.9567
0,0.077061,0.15841,0.24591,0.2788,0.33089,0.35433,0.37359,0.4133,0.43583,0.4455,0.45066,0.44962,0.46112,0.46822,0.46502,0.47691,0.51127,0.55082,0.58956,0.63418
0,0.097569,0.20139,0.30717,0.4105,0.49917,0.60873,0.72398,0.74132,0.74249,0.74545,0.73622,0.73296,0.73203,0.74216,0.77301,0.79308,0.80347,0.82213,0.85538,0.90815
0,0.12026,0.25155,0.45239,0.43109,0.40442,0.45773,0.47903,0.49776,0.50615,0.5196,0.53579,0.56248,0.59485,0.6266,0.65557,0.6844,0.7168,0.75408,0.79046,0.83465
0,0.14157,0.26375,0.36625,0.48573,0.48217,0.45481,0.44348,0.44691,0.46209,0.47706,0.50048,0.52347,0.54876,0.57502,0.59482,0.61798,0.64229,0.65469,0.67516,0.70979
0,0.17457,0.36072,0.49094,0.57713,0.66591,0.71921,0.78929,0.86903,0.89074,0.86921,0.82982,0.82831,0.84375,0.84235,0.87288,0.91404,0.96881,1.0365,1.149,1.2668
0,0.090406,0.16797,0.23475,0.29191,0.34637,0.39599,0.44413,0.48889,0.53287,0.58191,0.6278,0.66351,0.66936,0.65443,0.65398,0.66398,0.66229,0.64513,0.60249,0.56816
0,0.099946,0.20191,0.29777,0.39144,0.46687,0.54505,0.61023,0.65958,0.70002,0.74289,0.75219,0.75765,0.78286,0.81587,0.80361,0.7928,0.79991,0.85107,0.90659,0.95194
0,0,0,0,0,0,0,0,0,0,0,0,0,0,0,0,0,0,0,0,0
0,0.10988,0.22733,0.33933,0.45866,0.58316,0.69091,0.75763,0.80131,0.83822,0.88105,0.93024,0.94257,0.9556,0.95831,0.93511,0.93977,1.0086,1.0499,1.0792,1.0868
0,0.092968,0.17631,0.24827,0.31452,0.39515,0.48117,0.58043,0.65377,0.6732,0.72927,0.7254,0.67347,0.65007,0.64701,0.64838,0.65954,0.68439,0.72166,0.78582,0.87993
0,0.2366,0.45625,0.62591,0.72085,0.7726,0.79054,0.78409,0.73572,0.70416,0.69994,0.69496,0.68233,0.68037,0.67529,0.69812,0.76401,0.85067,0.94271,1.0841,1.236
0,0.19383,0.35269,0.49512,0.6251,0.81926,0.93193,0.9195,0.96449,1.0175,1.0032,0.83199,0.73844,0.7412,0.76563,0.81575,0.85457,0.90708,0.96917,1.051,1.1194
0,0.22406,0.21336,0.2869,0.34205,0.42078,0.44944,0.57459,0.6445,0.59781,0.65244,0.69203,0.71903,0.75024,0.78536,0.81735,0.83809,0.86329,0.89976,0.94211,0.98448
0,0.21153,0.432,0.66976,0.74567,0.66379,0.58392,0.60327,0.62792,0.63215,0.66127,0.72952,0.80557,0.86202,0.91713,0.94118,0.97562,1.0331,1.0921,1.1611,1.2043
0,0.080239,0.15362,0.23922,0.32863,0.34014,0.3479,0.37077,0.39537,0.40125,0.40576,0.40955,0.41927,0.42936,0.44564,0.45836,0.46656,0.47049,0.47769,0.48649,0.49479
0,0.14131,0.26431,0.32066,0.35334,0.40034,0.45998,0.51025,0.53744,0.55708,0.58585,0.61393,0.65925,0.66662,0.69177,0.7365,0.75657,0.78192,0.83183,0.87697,0.94631
0,0.11582,0.23046,0.34797,0.44289,0.516,0.56672,0.60482,0.64004,0.68469,0.80881,0.85448,0.84641,0.8119,0.81081,0.8378,0.88399,0.91204,0.89957,0.94181,1.0287
0,0.080201,0.15863,0.24778,0.33575,0.39139,0.46154,0.57483,0.6278,0.6823,0.70125,0.68063,0.68554,0.72992,0.7925,0.84526,0.88998,0.95769,1.0225,1.0903,1.157
0,0.16953,0.29454,0.41679,0.52713,0.6279,0.69287,0.72098,0.75807,0.82127,0.86099,0.9112,0.98484,1.0608,1.1333,1.2037,1.2601,1.3134,1.3852,1.4765,1.5446
0,0.11466,0.21962,0.30289,0.3695,0.44095,0.49814,0.5462,0.55727,0.55847,0.59157,0.61759,0.62295,0.615,0.65036,0.66707,0.69087,0.72228,0.77043,0.82324,0.90653
0,0.17515,0.37013,0.41086,0.47713,0.58884,0.66425,0.76193,0.86837,0.95849,0.99609,0.99584,1.0084,0.9714,0.93865,0.98877,1.0898,1.1687,1.2374,1.2948,1.3552
0,0.17436,0.33823,0.52121,0.70931,0.87354,0.9771,1.0967,1.199,1.2416,1.3388,1.3921,1.4289,1.4407,1.4588,1.4966,1.5408,1.6009,1.6574,1.7239,1.8022
0,0.14929,0.27892,0.40261,0.54521,0.69544,0.948,1.079,1.0615,1.0613,1.057,1.0799,1.117,1.1686,1.2139,1.2549,1.2934,1.3149,1.331,1.3584,1.3721
0,0.20998,0.40064,0.53205,0.60583,0.6939,0.78922,0.81409,0.81523,0.83101,0.86478,0.931,1.0067,1.083,1.1387,1.1716,1.1951,1.2265,1.262,1.3172,1.3836
0,0.076466,0.16508,0.21541,0.25763,0.29475,0.29831,0.30368,0.32908,0.38592,0.43639,0.45844,0.48595,0.50235,0.51693,0.54021,0.56164,0.56506,0.58383,0.61261,0.63543
0,0.23284,0.43532,0.57717,0.68833,0.76856,0.86022,0.95066,1.005,1.017,1.022,1.0387,1.0557,1.0485,1.0439,1.0638,1.0955,1.1723,1.2775,1.3915,1.5612
0,0.065822,0.13279,0.20207,0.20826,0.22057,0.29926,0.3709,0.41059,0.44823,0.46965,0.49569,0.5381,0.59793,0.65598,0.71509,0.76534,0.81389,0.86376,0.90446,0.93041
0,0.28687,0.52376,0.699,0.81084,0.87489,0.8959,0.98599,1.0698,1.1238,1.1538,1.2158,1.2582,1.2669,1.2652,1.2729,1.2721,1.2766,1.2816,1.2954,1.3151
0,0.13451,0.27186,0.39952,0.51382,0.61609,0.71371,0.79993,0.86438,0.90535,0.93994,0.96089,0.99866,1.0569,1.1755,1.3032,1.4048,1.4483,1.4236,1.2821,1.1615
0,0.2605,0.40721,0.51681,0.5913,0.6404,0.67859,0.71158,0.74083,0.76079,0.7832,0.80113,0.81228,0.82694,0.83566,0.84829,0.8683,0.89747,0.93097,0.97538,1.0243
0,0.12515,0.2387,0.33946,0.43454,0.53414,0.65238,0.80436,0.94326,1.0478,1.0781,1.0629,1.0618,1.0738,1.0766,1.0586,1.0423,1.0441,1.0805,1.1349,1.2128
0,0.19358,0.36533,0.47953,0.59587,0.74693,0.85356,0.8096,0.78026,0.88953,0.93959,0.8927,0.851,0.7797,0.74351,0.7301,0.75644,0.81198,0.88264,0.96477,1.0527
0,0.099856,0.20091,0.29033,0.37553,0.44165,0.49623,0.53561,0.57713,0.64234,0.67465,0.67432,0.67165,0.66311,0.63545,0.61553,0.62133,0.66889,0.7061,0.71356,0.73386
0,0.13305,0.26502,0.3847,0.50814,0.63102,0.74031,0.84803,0.93931,1.0246,1.0706,1.109,1.2216,1.3037,1.4308,1.4793,1.4996,1.5339,1.6267,1.5822,1.5653
0,0.13223,0.26815,0.39251,0.49979,0.58274,0.66789,0.71788,0.77323,0.78338,0.77435,0.80001,0.83795,0.8745,0.90987,0.93975,0.99059,1.0737,1.1701,1.2557,1.3419
0,0.099974,0.20117,0.29833,0.38475,0.46992,0.56188,0.65899,0.7357,0.78324,0.82298,0.84901,0.86114,0.8879,0.93088,0.95633,0.97982,1.014,1.0306,0.98581,0.90711
0,0.11043,0.22202,0.27472,0.31503,0.36317,0.40507,0.4356,0.45255,0.46872,0.49267,0.51784,0.54537,0.5679,0.58804,0.61271,0.63401,0.65368,0.6886,0.75643,0.84374
0,0.12161,0.23881,0.34183,0.42033,0.49998,0.57683,0.63245,0.65684,0.67726,0.70911,0.71838,0.76091,0.81346,0.86416,0.91433,0.96587,1.0146,1.0419,1.0778,1.1364
0,0.13539,0.22304,0.25238,0.30447,0.36177,0.40399,0.42493,0.37437,0.36171,0.37048,0.40975,0.44553,0.48706,0.5346,0.57984,0.6237,0.66027,0.7047,0.74985,0.79952
0,0.11723,0.22222,0.3076,0.38703,0.45196,0.51068,0.55209,0.56829,0.56123,0.57112,0.59276,0.58826,0.58121,0.57662,0.59888,0.63945,0.68988,0.77546,0.87235,0.97216
0,0.14572,0.28062,0.38496,0.42462,0.48893,0.55831,0.61981,0.65301,0.66266,0.67841,0.70336,0.71045,0.7247,0.77048,0.82407,0.87504,0.92706,0.96778,1.019,1.0986
0,0.18761,0.27995,0.33394,0.38796,0.41238,0.4485,0.49866,0.53491,0.58133,0.60407,0.63235,0.69203,0.73481,0.81408,0.88907,0.94345,0.98053,1.0075,1.0428,1.0959
0,0.11185,0.18204,0.25853,0.30216,0.30781,0.31389,0.32155,0.32651,0.34362,0.36584,0.38333,0.40682,0.42952,0.45575,0.48288,0.50678,0.5392,0.57429,0.61081,0.64969
0,0.16721,0.31771,0.42003,0.50671,0.59377,0.69269,0.79773,0.80452,0.82291,0.79585,0.75504,0.74152,0.77359,0.79866,0.85223,0.93796,1.0335,1.0988,1.1476,1.2176
0,0.057359,0.11622,0.16139,0.17366,0.19459,0.20391,0.21375,0.22272,0.24506,0.26626,0.28014,0.29626,0.31064,0.3261,0.34449,0.36522,0.38603,0.41129,0.44244,0.47377
0,0.15595,0.28911,0.40371,0.53163,0.6485,0.72737,0.79558,0.87741,0.94342,1.0294,1.131,1.2264,1.2912,1.2556,1.1673,1.2685,1.3766,1.4109,1.4479,1.5742
0,0.19956,0.40768,0.59876,0.77226,0.91775,1.0699,1.1425,1.2112,1.2427,1.2462,1.2613,1.2657,1.2701,1.272,1.2602,1.2694,1.3131,1.3585,1.4312,1.4886
0,0.1443,0.26994,0.41949,0.56384,0.66699,0.64306,0.67163,0.72146,0.77372,0.82098,0.87183,0.94175,1.0038,1.064,1.1187,1.1704,1.1971,1.2215,1.2475,1.2621
0,0.13821,0.25238,0.32857,0.41129,0.5045,0.61763,0.71031,0.67225,0.62358,0.60776,0.60366,0.58536,0.57118,0.5778,0.5966,0.6184,0.6482,0.67424,0.70564,0.73003
0,0.092937,0.1932,0.30875,0.43766,0.6457,0.7992,0.73715,0.6445,0.62787,0.6086,0.60249,0.62596,0.65584,0.67194,0.683,0.7088,0.74297,0.78346,0.83385,0.89495
0,0.073246,0.14447,0.19407,0.25644,0.34217,0.38091,0.35474,0.3763,0.39392,0.44093,0.46714,0.48187,0.52196,0.56968,0.61817,0.67332,0.73848,0.8024,0.86817,0.9422
0,0.20717,0.322,0.42495,0.53458,0.57016,0.61127,0.61512,0.66284,0.69669,0.83301,0.90918,0.98167,1.0721,1.1343,1.1628,1.1638,1.1642,1.1659,1.192,1.2286
0,0.11351,0.23096,0.319,0.39489,0.45686,0.50412,0.54434,0.53407,0.54903,0.55174,0.54823,0.55216,0.55227,0.56648,0.62859,0.71661,0.8195,0.9204,1.0142,1.0903
0,0.072878,0.16526,0.23553,0.27875,0.30914,0.34278,0.38432,0.41585,0.44312,0.47101,0.49994,0.5386,0.57923,0.61838,0.66036,0.70265,0.75039,0.78986,0.83004,0.86963
0,0.139,0.23202,0.33319,0.40044,0.47784,0.52214,0.55048,0.59229,0.61249,0.6407,0.66486,0.67854,0.73558,0.69879,0.71335,0.73512,0.78807,0.85918,0.90682,0.96002
0,0.14298,0.26933,0.36574,0.45792,0.57038,0.63299,0.66371,0.71574,0.78433,0.83457,0.84898,0.8381,0.83198,0.82702,0.81156,0.80473,0.8044,0.80274,0.83017,0.86749
0,0.10289,0.19652,0.27879,0.35578,0.41043,0.45839,0.50567,0.5423,0.59571,0.65702,0.72271,0.75874,0.75375,0.80335,0.82005,0.81832,0.80859,0.82632,0.88415,0.97202
0,0.20734,0.40617,0.58656,0.74716,0.89939,1.0286,1.1334,1.2254,1.2325,1.2143,1.1707,1.1308,1.113,1.0809,1.0615,1.0424,1.0471,1.0616,1.1143,1.193
0,0.16667,0.37685,0.62441,0.81655,0.9067,0.89755,0.94536,0.97444,1.0016,1.0071,1.011,1.0135,1.0081,1.0269,1.0587,1.115,1.1858,1.254,1.3225,1.3787
0,0.26239,0.26744,0.35934,0.39917,0.40335,0.41722,0.43859,0.47218,0.50683,0.55368,0.61317,0.67636,0.74708,0.81883,0.87711,0.91726,0.94835,0.97889,1.0339,1.1094
0,0.14378,0.23999,0.14731,0.16769,0.20095,0.21926,0.23968,0.25593,0.27856,0.29723,0.31801,0.34124,0.36345,0.39282,0.42113,0.45513,0.49438,0.53786,0.57175,0.61431
0,0.14624,0.28831,0.44612,0.63361,0.84628,1.0549,1.0878,0.99954,0.87107,0.82061,0.82147,0.83423,0.88306,0.94326,1.0197,1.106,1.2053,1.2986,1.3899,1.4829
0,0.36891,0.50059,0.57023,0.62933,0.68126,0.72054,0.75673,0.79393,0.83032,0.86786,0.91218,0.96006,1.0133,1.0681,1.1203,1.172,1.2247,1.2743,1.3219,1.3687
0,0.086277,0.16363,0.2412,0.30436,0.34086,0.3414,0.36522,0.40452,0.44031,0.45665,0.46595,0.47977,0.49666,0.51491,0.54166,0.57241,0.60526,0.64228,0.68365,0.71863
0,0.086336,0.16043,0.21773,0.27116,0.30321,0.32698,0.33966,0.35209,0.36969,0.38789,0.41572,0.47313,0.52024,0.55688,0.58377,0.60716,0.63743,0.65877,0.69691,0.72585
0,0.14819,0.27641,0.38436,0.45985,0.51143,0.54037,0.54776,0.5748,0.61529,0.67367,0.72111,0.74774,0.78195,0.82014,0.85523,0.90573,0.9695,1.0564,1.1412,1.2091
0,0.12516,0.24731,0.37326,0.46809,0.48622,0.53535,0.58598,0.64333,0.66416,0.64946,0.65837,0.67492,0.70723,0.73574,0.78051,0.85844,0.96108,1.0534,1.1252,1.2116
0,0.17286,0.20349,0.26205,0.31455,0.37818,0.45819,0.53008,0.58701,0.64575,0.70255,0.75357,0.79868,0.84357,0.88405,0.925,0.96364,1.0059,1.0514,1.0926,1.1386
0,0.057947,0.11729,0.17557,0.24061,0.32051,0.38434,0.41529,0.42783,0.44842,0.4727,0.51182,0.57066,0.6221,0.66723,0.71464,0.75825,0.80868,0.86438,0.91865,0.95772
0,0.26901,0.45827,0.60273,0.73158,0.84893,0.93503,1.0067,1.0814,1.1457,1.1829,1.1947,1.2118,1.2217,1.2303,1.1537,1.1011,1.0654,1.0441,1.005,0.9823
0,0.16589,0.34095,0.46864,0.47763,0.53236,0.58577,0.66981,0.74723,0.79299,0.81527,0.9289,0.91109,1.0008,1.0684,1.1434,1.1863,1.2463,1.3164,1.4182,1.5154
0,0.16055,0.32067,0.47608,0.62105,0.69489,0.74896,0.80827,0.85742,0.88709,0.90958,0.9061,0.90351,0.89577,0.88516,0.88519,0.90634,0.9511,0.97485,1.0254,1.0342
0,0.11661,0.21115,0.26154,0.30818,0.35647,0.38858,0.40528,0.41208,0.40489,0.4162,0.44127,0.4578,0.45288,0.45508,0.46448,0.48987,0.52483,0.56338,0.61324,0.68511
0,0.06463,0.12241,0.095514,0.10644,0.12145,0.1369,0.14563,0.15103,0.15668,0.16177,0.16817,0.17997,0.19376,0.2071,0.23101,0.25035,0.27192,0.30201,0.33794,0.37122
0,0.09402,0.17659,0.24729,0.32821,0.40085,0.44918,0.48933,0.55002,0.64794,0.72797,0.78064,0.79162,0.7612,0.72257,0.69988,0.69913,0.72386,0.7641,0.84993,0.87257
0,0.12169,0.24943,0.37437,0.51843,0.64868,0.76815,0.84823,0.90796,0.9459,0.99469,1.0465,1.0992,1.1344,1.1646,1.2371,1.319,1.3958,1.4146,1.5117,1.6907
0,0.093479,0.16505,0.2341,0.31024,0.36403,0.42103,0.45858,0.50576,0.61459,0.6415,0.62196,0.61415,0.60992,0.61504,0.64155,0.67664,0.72086,0.77216,0.82593,0.86395
0,0.10396,0.22275,0.34548,0.48347,0.62555,0.7755,0.87598,1.0661,1.1889,1.2955,1.3167,1.3006,1.2802,1.2293,1.1912,1.2014,1.2788,1.3861,1.5219,1.6145
0,0.21741,0.39046,0.53676,0.69691,0.90567,1.0679,1.1644,1.2149,1.2202,1.2233,1.2518,1.2494,1.2063,1.1536,1.0902,1.0603,1.0998,1.1644,1.2731,1.4046
0,0.20317,0.33107,0.38983,0.53132,0.66449,0.79492,0.91403,1.0454,1.1484,1.1975,1.2853,1.3461,1.3678,1.3589,1.3787,1.4354,1.4811,1.506,1.5546,1.5875
0,0.14622,0.28845,0.38598,0.49645,0.58131,0.64821,0.69863,0.75643,0.79853,0.87882,0.91149,0.85936,0.79057,0.76864,0.75942,0.7503,0.76889,0.81616,0.87559,0.9593
0,0.10968,0.21738,0.32261,0.42405,0.51546,0.56818,0.59538,0.6257,0.6763,0.73392,0.78608,0.78947,0.7881,0.81114,0.85831,0.9032,0.94225,0.98305,1.0352,1.0641
0,0.20441,0.3893,0.5124,0.63181,0.74375,0.82602,0.91731,1.01,1.0251,1.0945,1.1187,1.1304,1.1043,1.0576,1.0635,1.0581,1.0491,1.076,1.1915,1.3282
0,0.15071,0.27828,0.39309,0.50708,0.61678,0.72321,0.81276,0.90398,1.0031,1.092,1.1628,1.2464,1.3467,1.4409,1.5045,1.5733,1.7325,1.7056,1.6972,1.5113
0,0.20625,0.41378,0.60517,0.7699,0.86482,1.1123,1.3407,1.3742,1.3176,1.2796,1.2403,1.1914,1.1868,1.2148,1.2854,1.3081,1.3803,1.4811,1.6127,1.7552
0,0.13909,0.27843,0.45369,0.56946,0.65197,0.71651,0.77232,0.81253,0.82491,0.82122,0.85378,0.89163,0.9527,0.98696,1.0525,1.1432,1.2453,1.3314,1.4139,1.4985
0,0.080138,0.15624,0.23068,0.29683,0.36552,0.43823,0.5053,0.5531,0.58555,0.59215,0.55783,0.5334,0.53699,0.5449,0.57922,0.62668,0.67193,0.72769,0.79041,0.86703
0,0.074907,0.14998,0.2083,0.25388,0.30469,0.35499,0.4064,0.45313,0.49609,0.50745,0.52803,0.55167,0.56221,0.5802,0.59623,0.60689,0.62371,0.67531,0.74752,0.83363
0,0.10446,0.19831,0.28612,0.36646,0.44479,0.53306,0.65529,0.79528,0.9098,0.9845,1.0578,1.2515,1.3292,1.1964,1.0402,0.92342,0.89326,0.90261,0.94099,0.99462
0,0.12007,0.23644,0.33833,0.42552,0.49658,0.56248,0.61573,0.66826,0.72548,0.76539,0.80638,0.84168,0.86882,0.88756,0.89738,0.91761,0.96932,1.0312,1.0852,1.1417
0,0.11643,0.23906,0.35738,0.46541,0.56588,0.66842,0.75703,0.81041,0.82304,0.86266,0.88552,0.89509,0.92795,0.95316,0.99416,1.0461,1.1288,1.2192,1.3306,1.4631
0,0.14264,0.33269,0.45908,0.4386,0.43709,0.42541,0.44317,0.48165,0.52974,0.58347,0.63416,0.68256,0.7279,0.77011,0.80415,0.82884,0.85442,0.89054,0.93969,0.99831
0,0.067765,0.15079,0.2453,0.35313,0.37114,0.39121,0.41837,0.43388,0.44343,0.45333,0.46744,0.48898,0.50715,0.51723,0.52662,0.55649,0.59933,0.6451,0.70109,0.76117
0,0.17725,0.23194,0.27769,0.36538,0.46781,0.53175,0.569,0.60959,0.63921,0.68714,0.72385,0.75238,0.78886,0.85002,0.92719,1.0058,1.0758,1.1413,1.1917,1.2249
0,0.065967,0.12664,0.1851,0.24104,0.29308,0.34804,0.39863,0.45091,0.5308,0.5274,0.49571,0.47686,0.48368,0.49806,0.49593,0.49721,0.51103,0.54331,0.59651,0.64781
0,0.16363,0.33097,0.51935,0.69189,0.80016,0.87766,0.86044,0.86038,0.8739,0.89567,0.90224,0.92231,0.91353,0.90398,0.91811,0.9543,0.993,1.022,1.0433,1.0774
0,0.12471,0.24609,0.38588,0.52729,0.65971,0.78298,0.88593,0.9643,1.0106,1.0313,1.0663,1.1053,1.1316,1.1654,1.2112,1.2412,1.2547,1.2598,1.1625,1.0757
0,0.11931,0.23276,0.34778,0.47849,0.61069,0.76407,0.91254,0.9987,1.0083,1.0062,0.96397,0.95832,0.93031,0.90275,0.87738,0.83153,0.78702,0.81276,0.88858,1.0217
0,0.2655,0.43785,0.52715,0.63295,0.70817,0.74747,0.75829,0.79361,0.86267,0.96128,1.0664,1.1713,1.2818,1.342,1.3157,1.3298,1.3572,1.3994,1.4837,1.6047
0,0.20252,0.37061,0.52726,0.68301,0.81985,0.89528,0.86397,0.84952,0.8871,0.91077,0.98147,1.0594,1.1372,1.1854,1.2087,1.2185,1.2342,1.2555,1.3129,1.3854
0,0.33558,0.66463,0.92695,1.0851,1.1902,1.2681,1.3777,1.4946,1.6545,1.7354,1.7237,1.69,1.6561,1.6209,1.6079,1.6213,1.6266,1.6109,1.6393,1.6894
0,0.11189,0.23165,0.33957,0.42482,0.48588,0.54173,0.58361,0.6014,0.63753,0.68141,0.71627,0.73833,0.74329,0.77561,0.80239,0.83929,0.84521,0.85804,0.89131,0.95377
0,0.073934,0.15842,0.21076,0.26766,0.31207,0.33557,0.35454,0.37339,0.37979,0.38194,0.39633,0.40598,0.4139,0.41147,0.414,0.42507,0.43741,0.45507,0.48637,0.53569
0,0.14131,0.17364,0.22592,0.26107,0.29665,0.33086,0.35804,0.37611,0.39197,0.40689,0.42399,0.44645,0.4711,0.49953,0.53085,0.56032,0.59181,0.61962,0.64144,0.67693
0,0.24729,0.50851,0.71653,0.6849,0.67604,0.67662,0.66796,0.65915,0.66963,0.70019,0.74722,0.79247,0.83055,0.86694,0.90239,0.95206,1.0083,1.081,1.1588,1.2317
0,0.086592,0.15234,0.17774,0.21539,0.24016,0.25135,0.2594,0.27301,0.28513,0.2958,0.30816,0.31861,0.32762,0.33654,0.34447,0.35196,0.35919,0.36755,0.37692,0.38586
0,0.14166,0.22592,0.29696,0.34664,0.37303,0.42183,0.48645,0.52039,0.53255,0.54204,0.55027,0.55647,0.55107,0.55644,0.5799,0.62297,0.69793,0.79301,0.87221,0.92959
0,0.1516,0.28913,0.42155,0.53431,0.63803,0.72999,0.80188,0.85114,0.86683,0.89347,0.9198,0.9356,0.95346,0.98116,1.0048,1.0265,1.0361,1.0472,1.1095,1.1584
0,0.17696,0.34075,0.51435,0.69786,0.88497,1.0471,1.18,1.2679,1.2966,1.3159,1.3572,1.3725,1.3139,1.3975,1.4627,1.5177,1.5846,1.6582,1.7433,1.7948
0,0.23754,0.22199,0.30302,0.37037,0.43335,0.4944,0.56657,0.62631,0.64643,0.7275,0.80572,0.82747,0.83583,0.83804,0.82474,0.80872,0.79934,0.828,0.83997,0.84335
0,0.079621,0.15346,0.19487,0.2454,0.30018,0.32039,0.35625,0.39354,0.42574,0.45534,0.47932,0.50404,0.52667,0.54956,0.55004,0.52472,0.50035,0.50638,0.5445,0.6119
0,0.10464,0.19894,0.28592,0.35951,0.42705,0.49159,0.55352,0.61809,0.70081,0.80183,0.8869,0.94207,0.92321,0.89521,0.86367,0.84076,0.86641,0.88372,0.92109,0.99527
0,0.1643,0.30497,0.45153,0.57601,0.65251,0.75983,0.88042,0.78853,0.67059,0.63612,0.64474,0.68854,0.73733,0.80578,0.85243,0.91392,0.99234,1.135,1.3353,1.5438
0,0.11599,0.23136,0.34358,0.44953,0.55233,0.6569,0.73664,0.80318,0.858,0.90879,0.96114,1.012,1.0724,1.123,1.167,1.2369,1.3349,1.3578,1.3873,1.4085
0,0.20238,0.43115,0.68603,0.8676,1.0076,1.0865,1.1526,1.2191,1.2596,1.3261,1.3847,1.3408,1.3341,1.3764,1.366,1.3826,1.3752,1.3495,1.3718,1.4214
0,0.12523,0.22793,0.32079,0.39923,0.47514,0.54958,0.626,0.6549,0.67673,0.67605,0.63499,0.62447,0.65447,0.70738,0.77245,0.8379,0.89381,0.93754,0.97071,0.99238
0,0.19986,0.31766,0.35681,0.418,0.44794,0.5046,0.56292,0.61586,0.66048,0.70233,0.73663,0.77541,0.8046,0.83147,0.86995,0.91017,0.94477,0.97824,1.0154,1.0452
0,0.084468,0.17218,0.2629,0.34523,0.40078,0.43776,0.46056,0.47674,0.51068,0.5637,0.61521,0.64044,0.65735,0.64068,0.62721,0.62498,0.63144,0.6491,0.68831,0.74124
0,0.1755,0.33725,0.44225,0.52763,0.58654,0.628,0.6719,0.69571,0.69559,0.70506,0.70316,0.73435,0.77017,0.82284,0.90323,0.98996,1.0799,1.1734,1.2731,1.3647
0,0.080417,0.15198,0.21472,0.27581,0.33234,0.37275,0.3637,0.34437,0.33846,0.32792,0.32713,0.33104,0.336,0.34001,0.34377,0.3548,0.36456,0.38504,0.41295,0.44994
0,0.1205,0.17645,0.26698,0.36367,0.4346,0.51088,0.61055,0.69499,0.75223,0.81043,0.85716,0.90044,0.92746,0.94116,0.94103,0.93605,0.94047,0.95579,0.99387,1.0406
0,0.14626,0.25962,0.40413,0.48597,0.47183,0.46051,0.47839,0.48936,0.5059,0.54138,0.60946,0.69296,0.77657,0.84385,0.91568,0.97687,1.048,1.1163,1.185,1.2541
0,0.13335,0.26361,0.41945,0.56966,0.71968,0.7953,0.81094,0.7806,0.74972,0.74184,0.73275,0.7342,0.7536,0.79514,0.86722,0.97229,1.1056,1.2619,1.3861,1.5082
0,0,0,0,0,0,0,0,0,0,0,0,0,0,0,0,0,0,0,0,0
0,0.17826,0.31756,0.39068,0.4574,0.53029,0.59715,0.64194,0.6352,0.58389,0.5828,0.59916,0.6164,0.6358,0.6653,0.71224,0.78212,0.88048,0.97339,1.0349,1.0822
0,0.24574,0.44802,0.61296,0.74659,0.89372,1.0377,1.1462,1.2242,1.2326,1.2318,1.2266,1.2512,1.2958,1.3377,1.3355,1.3148,1.3634,1.4611,1.582,1.6829
0,0.13678,0.25667,0.35927,0.45898,0.55877,0.6499,0.73158,0.81546,0.90012,0.9636,0.99502,0.96935,0.96491,0.99967,1.0262,1.042,1.0482,1.0458,1.056,1.0667
0,0.12397,0.23918,0.33766,0.42769,0.53143,0.57693,0.64858,0.7104,0.71564,0.72973,0.70268,0.70581,0.72148,0.73733,0.76834,0.79998,0.84433,0.90523,0.97924,1.0459
0,0.43799,0.24927,0.34677,0.44824,0.52146,0.57692,0.6137,0.63566,0.64874,0.66205,0.67678,0.69684,0.71736,0.73438,0.75087,0.77178,0.79629,0.82495,0.85688,0.88888
0,0.1311,0.21346,0.2505,0.28369,0.32425,0.36161,0.39245,0.41478,0.43089,0.4327,0.4339,0.44512,0.45371,0.46396,0.4771,0.48559,0.49046,0.48706,0.48218,0.47617
0,0.15766,0.2999,0.41693,0.51757,0.58249,0.62985,0.65469,0.70632,0.75457,0.79947,0.83393,0.82468,0.81505,0.83611,0.86656,0.91165,0.98422,1.0546,1.1382,1.2517
0,0.11965,0.16398,0.25429,0.30628,0.35466,0.39892,0.42895,0.45148,0.47958,0.51366,0.55264,0.59106,0.61806,0.64221,0.65193,0.67043,0.71217,0.76611,0.84304,0.90613
0,0.14097,0.28202,0.42657,0.56413,0.6804,0.76636,0.88059,0.90198,0.96899,1.0134,1.0182,1.0373,1.0565,1.0829,1.1249,1.1404,1.1798,1.2535,1.317,1.382
0,0.12129,0.25112,0.40394,0.51735,0.57329,0.61501,0.67213,0.74293,0.79739,0.83199,0.82879,0.81149,0.80764,0.79259,0.80167,0.81459,0.88114,0.97175,1.0481,1.1157
0,0.10972,0.21761,0.32388,0.43639,0.54235,0.63814,0.72512,0.78634,0.82924,0.85721,0.88763,0.939,0.99392,1.0347,1.0298,1.0016,1.0033,1.0102,1.0061,0.99508
0,0.08235,0.18143,0.24543,0.29046,0.32955,0.36876,0.399,0.4212,0.44023,0.4542,0.4763,0.4983,0.52532,0.55172,0.57526,0.59395,0.60445,0.60894,0.60604,0.60952
0,0.20238,0.42707,0.70925,1.1388,1.497,1.555,1.6344,1.6161,1.5773,1.6092,1.6015,1.5329,1.4888,1.4248,1.3198,1.2634,1.3417,1.4021,1.4465,1.4547
0,0.10318,0.20412,0.25222,0.25047,0.27308,0.35522,0.39015,0.39342,0.39515,0.38398,0.37675,0.37852,0.3858,0.40809,0.43473,0.47066,0.51899,0.56608,0.61114,0.65114
0,0.24607,0.49366,0.70919,0.89825,1.0518,1.1667,1.2639,1.3562,1.4532,1.5614,1.645,1.701,1.8528,1.8751,1.739,1.6266,1.5266,1.4736,1.5382,1.6315
0,0.12648,0.24136,0.3515,0.43808,0.52102,0.59361,0.68278,0.7493,0.79278,0.82554,0.84933,0.86768,0.87922,0.90675,0.96902,1.0543,1.1463,1.2279,1.2981,1.3865
0,0.323,0.57763,0.7627,0.91621,1.0514,1.153,1.2692,1.3575,1.444,1.5198,1.5825,1.6448,1.6565,1.6392,1.6033,1.6146,1.6487,1.7161,1.8241,1.8985
0,0.11112,0.24226,0.38152,0.51784,0.63412,0.71976,0.79512,0.84561,0.97338,1.0812,1.0792,1.0864,1.0628,1.0632,1.0696,1.0778,1.0664,1.0776,1.1206,1.1726
0,0.12933,0.26064,0.39168,0.49424,0.56577,0.61922,0.65119,0.67094,0.68943,0.72304,0.75023,0.78354,0.7964,0.80383,0.8048,0.81793,0.82731,0.83574,0.84495,0.86441
0,0.12798,0.26868,0.41425,0.54921,0.67616,0.79873,0.90871,0.99038,1.0581,1.1183,1.1799,1.2513,1.3119,1.3427,1.3538,1.368,1.4328,1.4633,1.5332,1.5889
0,0.17991,0.35318,0.52018,0.61911,0.66065,0.65551,0.62232,0.60218,0.59901,0.59473,0.58777,0.56761,0.57726,0.59089,0.6168,0.653,0.69942,0.73825,0.77341,0.81922
0,0.078874,0.16039,0.26316,0.37935,0.43221,0.44639,0.43425,0.43102,0.43166,0.4496,0.48245,0.50225,0.52798,0.56976,0.62769,0.69241,0.76154,0.82343,0.86705,0.92065
0,0.12909,0.26191,0.39352,0.51831,0.62929,0.77341,0.87299,0.95121,0.97171,0.97326,0.97254,0.97843,0.9882,0.98399,1.0199,1.0612,1.1243,1.1977,1.295,1.4315
0,0.13177,0.26357,0.38628,0.51294,0.62319,0.72723,0.81794,0.874,0.91423,0.94999,0.98961,1.0204,1.0391,1.0669,1.1134,1.1551,1.1932,1.3133,1.4017,1.4355
0,0.13018,0.30269,0.28139,0.30786,0.37628,0.43686,0.49231,0.5077,0.50814,0.51286,0.53467,0.55259,0.56776,0.57727,0.59097,0.61042,0.63571,0.66571,0.6978,0.73581
0,0.13518,0.24757,0.33749,0.4138,0.48587,0.55682,0.61614,0.70116,0.77466,0.84516,0.86622,0.88504,0.93088,0.9782,1.0189,1.0838,1.1754,1.3123,1.4744,1.6317
0,0.091901,0.18584,0.26747,0.30612,0.33267,0.36607,0.3953,0.4362,0.47393,0.5006,0.51772,0.5242,0.54217,0.56521,0.58207,0.60453,0.66005,0.74773,0.8371,0.90963
0,0.02285,0.046008,0.068861,0.06561,0.074786,0.080278,0.08937,0.099429,0.10833,0.12367,0.12673,0.13688,0.1494,0.16661,0.18637,0.20158,0.2107,0.21729,0.23135,0.24269
0,0.15236,0.25035,0.35681,0.42515,0.47111,0.48413,0.48341,0.47473,0.48412,0.4984,0.51565,0.5421,0.56478,0.59458,0.63558,0.68322,0.72983,0.79303,0.86521,0.93446
0,0.075075,0.14461,0.20149,0.26642,0.30876,0.37447,0.40229,0.3944,0.38005,0.38986,0.42152,0.45465,0.48956,0.51958,0.54741,0.55152,0.53727,0.53309,0.52906,0.533
0,0.14723,0.26591,0.41159,0.5086,0.62575,0.6964,0.74696,0.80572,0.87209,0.94665,1.0267,1.0933,1.1476,1.2073,1.2143,1.2113,1.2353,1.223,1.2125,1.203
0,0.096552,0.18426,0.27195,0.35519,0.43499,0.50227,0.57198,0.63592,0.68576,0.72678,0.76719,0.79135,0.77946,0.77547,0.79215,0.79194,0.80449,0.84323,0.89435,0.97089
0,0.1708,0.3483,0.51815,0.60118,0.61342,0.6023,0.61285,0.62198,0.66933,0.7083,0.7402,0.77098,0.81878,0.88622,0.93288,0.98502,1.0548,1.1267,1.1963,1.2818
0,0.19841,0.35904,0.4894,0.60864,0.74041,0.8417,0.90454,0.93766,0.95061,0.96019,0.97555,0.96111,0.94071,0.91838,0.91133,0.92518,0.94124,0.9895,1.0582,1.1496
0,0.080604,0.15524,0.22034,0.29446,0.37507,0.3633,0.3438,0.34467,0.34891,0.36997,0.40413,0.43906,0.472,0.51514,0.57063,0.62735,0.68527,0.75149,0.81568,0.89386
0,0.16,0.31686,0.4049,0.41003,0.44155,0.47379,0.5282,0.55807,0.58163,0.60288,0.64307,0.68643,0.73071,0.77527,0.8306,0.88334,0.94067,1.0146,1.117,1.228
0,0.1293,0.23625,0.3243,0.38355,0.42945,0.4719,0.50903,0.55471,0.59769,0.65525,0.68699,0.69906,0.69845,0.69843,0.70517,0.73202,0.76474,0.81394,0.89225,0.97786
0,0.12909,0.24609,0.37415,0.48854,0.60832,0.72148,0.86246,0.96701,0.92364,0.89569,0.89033,0.93123,0.9954,1.0266,1.0281,1.1124,1.1506,1.1634,1.1285,1.1565
0,0.18666,0.35471,0.48469,0.59838,0.71255,0.78351,0.8289,0.86707,0.87521,0.89997,0.93623,0.96126,1.0133,1.0826,1.124,1.1704,1.2175,1.2701,1.3204,1.3544
0,0.11287,0.21355,0.30876,0.38757,0.48361,0.67221,1.1346,1.0699,1.0175,0.97744,0.94215,0.94681,0.95156,0.95338,0.97587,1.0137,1.0628,1.1042,1.1317,1.1362
0,0.10567,0.19589,0.29007,0.37903,0.4517,0.51222,0.57791,0.65985,0.73421,0.81515,0.85642,0.96082,0.98959,0.99788,1.0514,1.064,1.0953,1.1184,1.1182,1.1491
0,0.18323,0.39338,0.55348,0.63914,0.76525,0.83044,0.86529,0.89313,0.87735,0.87119,0.8755,0.88501,0.92198,0.97377,1.0565,1.1482,1.2359,1.3263,1.4078,1.4921
0,0.21771,0.17973,0.21336,0.25059,0.27763,0.30432,0.32624,0.3359,0.34905,0.3637,0.3793,0.39567,0.41585,0.43191,0.45205,0.47219,0.49586,0.5316,0.5822,0.63801
0,0.12982,0.24837,0.31504,0.35628,0.42445,0.46472,0.51141,0.5621,0.5804,0.58992,0.60711,0.62966,0.64522,0.66163,0.68426,0.70468,0.7263,0.74806,0.78425,0.81851
0,0.16903,0.3505,0.52322,0.68944,0.8179,0.90988,0.98798,1.0449,1.0923,1.1104,1.1239,1.1278,1.14,1.1668,1.2139,1.27,1.3119,1.379,1.4551,1.5551
0,0.080867,0.18049,0.28195,0.3421,0.35166,0.37384,0.3837,0.39719,0.40415,0.40777,0.41621,0.45396,0.49577,0.53956,0.58996,0.64221,0.70683,0.77462,0.85136,0.94659
0,0.15771,0.29711,0.3967,0.51974,0.57156,0.60046,0.64483,0.68562,0.73165,0.73219,0.7334,0.74575,0.74692,0.74199,0.75648,0.79764,0.83028,0.86978,0.91945,0.99327
0,0.16186,0.31504,0.42897,0.52296,0.58891,0.64984,0.67888,0.72824,0.77411,0.77836,0.77542,0.76148,0.73844,0.72654,0.7529,0.8176,0.88321,0.94854,1.0231,1.0867
0,0.19799,0.29347,0.44783,0.58941,0.64857,0.66407,0.70369,0.70928,0.71581,0.73492,0.76389,0.80397,0.85122,0.90372,0.93928,0.975,1.0296,1.1062,1.1908,1.2716
0,0.14255,0.26496,0.3682,0.47642,0.59769,0.74064,0.9153,1.0899,1.2464,1.3586,1.412,1.4456,1.4181,1.4166,1.4105,1.4199,1.4311,1.4707,1.5069,1.566
0,0.12653,0.18391,0.23586,0.28872,0.35178,0.41882,0.47038,0.50913,0.53841,0.57126,0.6171,0.65721,0.70709,0.76334,0.79009,0.82494,0.83951,0.83838,0.85441,0.90317
0,0.13728,0.32147,0.4176,0.48059,0.49877,0.47891,0.43432,0.39831,0.40884,0.44468,0.49296,0.53897,0.58771,0.6482,0.71641,0.78024,0.84403,0.90322,0.96927,1.055
0,0.09663,0.18654,0.273,0.3587,0.45393,0.52385,0.57855,0.64332,0.66458,0.66251,0.64795,0.66016,0.71347,0.75586,0.80944,0.85372,0.86767,0.90347,0.89844,0.85913
0,0.1783,0.32889,0.45925,0.56522,0.60381,0.60917,0.63418,0.69368,0.77046,0.83712,0.89597,0.9228,0.93092,0.93006,0.93789,0.95718,1.0019,1.0442,1.0785,1.0897
0,0.15646,0.28788,0.40015,0.51018,0.60529,0.69368,0.7756,0.86022,0.93874,0.97872,0.98164,0.9415,0.89052,0.84647,0.83009,0.82274,0.83154,0.85814,0.91459,1.0087
0,0.11437,0.25537,0.38377,0.4922,0.59002,0.70098,0.7899,0.88578,0.93109,0.96662,0.96259,0.96951,0.99573,1.0448,1.1003,1.1442,1.1817,1.2227,1.287,1.3608
0,0.076138,0.17153,0.31147,0.49542,0.58887,0.64773,0.61344,0.62474,0.66351,0.72732,0.75638,0.77262,0.77997,0.80715,0.82487,0.83234,0.84944,0.8713,0.90697,0.97623
0,0.18542,0.34446,0.48374,0.60612,0.72116,0.84278,0.97437,1.0959,1.2035,1.2687,1.3157,1.3533,1.3675,1.3795,1.3839,1.411,1.4621,1.503,1.5578,1.5559
0,0.113,0.21799,0.29279,0.35548,0.43574,0.5068,0.57618,0.62821,0.65529,0.67755,0.71281,0.77207,0.83198,0.87066,0.89865,0.94589,0.98826,1.0158,1.0342,1.0737
0,0.10629,0.20926,0.31634,0.45542,0.59942,0.60548,0.61718,0.6374,0.67568,0.73788,0.76084,0.76003,0.77641,0.79648,0.8316,0.84893,0.8636,0.88356,0.91634,0.96943
0,0.13039,0.29197,0.41219,0.36023,0.359,0.36639,0.39268,0.42326,0.46615,0.51913,0.57598,0.64073,0.71027,0.77347,0.8244,0.86461,0.89567,0.93328,0.95926,0.99907
0,0.15825,0.30928,0.45568,0.60198,0.66783,0.67067,0.51936,0.44522,0.41141,0.39104,0.39704,0.42146,0.46792,0.51776,0.56701,0.61508,0.6773,0.74561,0.82567,0.90678
0,0.063275,0.11983,0.14925,0.18646,0.21474,0.22689,0.23858,0.25387,0.27219,0.30244,0.31916,0.33448,0.35169,0.36531,0.37854,0.39695,0.41481,0.43081,0.44875,0.46525
0,0.12841,0.26002,0.40273,0.51223,0.53327,0.55439,0.58106,0.58868,0.62028,0.62825,0.62728,0.62686,0.62009,0.62042,0.64005,0.66535,0.71185,0.7729,0.83606,0.89582
0,0.13427,0.27245,0.43334,0.57022,0.67042,0.7694,0.87398,0.93221,0.92931,0.90272,0.88401,0.88992,0.90721,0.93374,0.96523,0.99491,1.0523,1.1295,1.2246,1.32
0,0.097021,0.17275,0.26342,0.37696,0.46861,0.4866,0.56326,0.6176,0.64698,0.68412,0.72066,0.74094,0.76742,0.77561,0.80843,0.83562,0.87794,0.92522,0.96673,1.0143
0,0.09372,0.20192,0.27116,0.32414,0.32199,0.2954,0.30609,0.31406,0.32101,0.35123,0.40498,0.46124,0.5235,0.58446,0.63552,0.68787,0.72472,0.75651,0.79135,0.8361
0,0.14514,0.26688,0.36743,0.44377,0.50585,0.57018,0.63774,0.68112,0.70465,0.72413,0.76108,0.81564,0.81012,0.80134,0.82291,0.85069,0.90516,0.95708,0.99939,1.0419
0,0.15057,0.31304,0.46326,0.59152,0.65321,0.67674,0.6418,0.62431,0.6473,0.70962,0.76593,0.83297,0.89315,0.9563,1.0218,1.079,1.1418,1.205,1.2709,1.3288
0,0.15497,0.35097,0.46177,0.49005,0.50187,0.48993,0.48349,0.48307,0.50182,0.52534,0.55671,0.59715,0.63839,0.68224,0.72869,0.77349,0.82126,0.89088,0.97079,1.0592
0,0.16525,0.2896,0.40116,0.51068,0.60715,0.64375,0.69297,0.76035,0.78269,0.78725,0.81073,0.83649,0.85846,0.90392,0.93756,0.96856,1.0052,1.0348,1.079,1.1297
0,0.11829,0.22987,0.35028,0.45743,0.56974,0.7078,0.84278,0.98193,1.1268,1.2119,1.159,1.0956,1.0939,1.1103,1.1363,1.1807,1.2586,1.3362,1.4093,1.4828
0,0.12777,0.31211,0.33623,0.30177,0.30908,0.31904,0.33584,0.35359,0.37796,0.41738,0.44587,0.45365,0.44804,0.46012,0.48421,0.51633,0.54534,0.57431,0.593,0.61749
0,0.16951,0.32347,0.42001,0.47538,0.49548,0.51138,0.55462,0.60275,0.62715,0.67183,0.71137,0.75981,0.79594,0.80715,0.8161,0.82088,0.83313,0.86488,0.92065,0.98077
0,0.14521,0.31692,0.31208,0.39483,0.4798,0.49025,0.49463,0.50889,0.53768,0.57736,0.61854,0.68139,0.74514,0.79309,0.82708,0.84708,0.85537,0.85523,0.83311,0.82378
0,0.19488,0.31994,0.43409,0.56747,0.63979,0.69775,0.63245,0.55406,0.5365,0.60234,0.69245,0.74728,0.76772,0.78734,0.80276,0.81638,0.83979,0.87546,0.92199,0.97571
0,0.12822,0.2404,0.30772,0.38567,0.4449,0.53762,0.61416,0.63496,0.64921,0.6705,0.70649,0.73568,0.75454,0.76513,0.78229,0.80222,0.84143,0.89698,0.96624,1.0401
0,0.15047,0.31166,0.45459,0.55234,0.58009,0.5585,0.5443,0.54967,0.56715,0.60482,0.61516,0.62501,0.64401,0.64757,0.66638,0.68091,0.71746,0.7824,0.85769,0.93538
0,0.15419,0.29158,0.40743,0.50058,0.62107,0.75133,0.84967,0.92746,0.93141,0.97008,1.0474,1.0375,0.98406,0.94613,0.90484,0.87816,0.93712,0.99537,1.0368,1.0635
0,0.18466,0.37886,0.54831,0.69637,0.87491,0.89096,0.91825,0.87959,0.80149,0.75499,0.73819,0.79169,0.84491,0.87813,0.9199,0.94677,0.9876,1.0514,1.1143,1.1696
0,0.089453,0.16959,0.24583,0.31311,0.37263,0.44275,0.53416,0.62889,0.60108,0.60598,0.6297,0.65267,0.67308,0.69202,0.71104,0.71913,0.72592,0.73631,0.76283,0.79469
0,0,0,0,0,0,0,0,0,0,0,0,0,0,0,0,0,0,0,0,0
0,0.15938,0.28653,0.39955,0.51877,0.62525,0.7418,0.84555,0.91599,0.98335,1.0493,1.1037,1.1412,1.1369,1.1061,1.088,1.0683,1.0811,1.0995,1.1203,1.1488
0,0.15608,0.31076,0.44923,0.57936,0.70173,0.81519,0.94612,1.0758,1.1497,1.2326,1.2933,1.2769,1.2455,1.2281,1.1983,1.1956,1.2176,1.2276,1.2426,1.2655
0,0.096065,0.191,0.29234,0.41589,0.44818,0.42859,0.45783,0.52849,0.59205,0.67294,0.73044,0.80153,0.86088,0.90212,0.93016,0.96097,0.96365,0.97199,0.97171,0.98891
0,0.084963,0.15751,0.20962,0.25682,0.31385,0.36982,0.43872,0.49598,0.49903,0.52266,0.52489,0.51573,0.50442,0.50468,0.50963,0.5216,0.54349,0.5763,0.6272,0.6996
0,0.10159,0.19971,0.29655,0.37132,0.41333,0.42336,0.44564,0.47385,0.47572,0.46808,0.47037,0.49082,0.52189,0.54228,0.55467,0.56599,0.58488,0.61195,0.65049,0.69345
0,0.28454,0.57101,0.78981,0.9702,1.126,1.2504,1.3188,1.3771,1.4532,1.504,1.5042,1.5401,1.6061,1.6322,1.6704,1.758,1.8657,1.9797,2.0881,2.1857
0,0.11736,0.24144,0.2935,0.38434,0.46304,0.61026,0.54806,0.51916,0.52991,0.56517,0.60393,0.65793,0.72519,0.79522,0.86736,0.92699,0.97266,1.0129,1.037,1.0591
0,0.11527,0.22059,0.32254,0.427,0.53954,0.66767,0.77991,0.88619,0.97848,1.0701,1.1484,1.191,1.2412,1.3017,1.3558,1.3244,1.315,1.4019,1.4595,1.5281
0,0.092142,0.17882,0.24912,0.3074,0.36503,0.41187,0.46219,0.49866,0.53532,0.57227,0.61209,0.63427,0.63911,0.63748,0.65988,0.68079,0.71483,0.76041,0.81497,0.89219
0,0.099597,0.19232,0.28417,0.37862,0.46722,0.53799,0.59823,0.64426,0.66705,0.6775,0.70125,0.69259,0.67626,0.67376,0.69234,0.72161,0.74962,0.79964,0.84589,0.93474
