0,0.11926,0.22925,0.32644,0.40848,0.46569,0.50649,0.52678,0.52267,0.51141,0.50233,0.48737,0.47803,0.47743,0.47928,0.47509,0.46969,0.46125,0.44787,0.43881,0.43689
0,0.1237,0.24397,0.35125,0.43604,0.49944,0.54152,0.57218,0.59824,0.62371,0.65346,0.68476,0.70678,0.72119,0.7292,0.73735,0.73944,0.72981,0.7097,0.66469,0.61148
0,0.1337,0.25505,0.35584,0.44536,0.51335,0.56723,0.62882,0.68564,0.7364,0.77053,0.77781,0.78495,0.80056,0.82352,0.83358,0.82251,0.76697,0.68801,0.62575,0.60573
0,0.1671,0.3117,0.45277,0.56294,0.63422,0.68574,0.72229,0.74287,0.75581,0.76366,0.77069,0.77087,0.76828,0.77177,0.77938,0.78969,0.77589,0.75991,0.74752,0.77235
0,0.092768,0.1992,0.31404,0.42164,0.50836,0.56932,0.61259,0.64841,0.67341,0.68532,0.68834,0.68562,0.67304,0.65541,0.6322,0.59638,0.54351,0.47053,0.41743,0.40432
0,0.086743,0.17081,0.2412,0.29582,0.33499,0.36388,0.38536,0.40506,0.43446,0.46011,0.4793,0.49479,0.50869,0.52393,0.53381,0.5368,0.53221,0.52945,0.5207,0.49617
0,0.13774,0.25825,0.35949,0.43395,0.484,0.52424,0.55337,0.57763,0.60369,0.62972,0.64939,0.6666,0.68287,0.69307,0.70142,0.71276,0.7097,0.67447,0.61991,0.59378
0,0.13631,0.25869,0.36613,0.45774,0.52742,0.58397,0.6345,0.68377,0.7292,0.75738,0.75654,0.76126,0.77322,0.78736,0.79018,0.78069,0.74749,0.67958,0.64112,0.61162
0,0.19858,0.3716,0.50831,0.60937,0.67767,0.71587,0.74328,0.76322,0.78212,0.79223,0.79074,0.78441,0.78056,0.77491,0.77812,0.77904,0.7847,0.78778,0.80032,0.83638
0,0.086499,0.173,0.2456,0.31036,0.36014,0.39989,0.43896,0.47666,0.50852,0.53117,0.54634,0.54632,0.53173,0.51322,0.48802,0.45655,0.429,0.43024,0.45055,0.48107
0,0.092135,0.16774,0.23734,0.29539,0.33467,0.36383,0.39154,0.41702,0.44897,0.48707,0.51577,0.53329,0.54834,0.56349,0.57403,0.57874,0.58535,0.5803,0.55919,0.5268
0,0.12082,0.24214,0.35941,0.44222,0.49903,0.53902,0.56721,0.59328,0.62382,0.66505,0.69781,0.72112,0.74466,0.76232,0.78016,0.78832,0.7796,0.75048,0.71139,0.65913
0,0.11168,0.21593,0.30637,0.38893,0.46024,0.51832,0.56663,0.62073,0.67778,0.72532,0.76076,0.78985,0.81015,0.82466,0.82747,0.81393,0.77756,0.72397,0.68075,0.6445
0,0.13666,0.25854,0.3632,0.44774,0.51141,0.55714,0.59654,0.62247,0.65639,0.69903,0.7204,0.73614,0.74655,0.74973,0.75361,0.76042,0.76766,0.76932,0.80509,0.8774
0,0.060329,0.12128,0.18467,0.2424,0.30236,0.3558,0.4004,0.43771,0.4742,0.49623,0.51128,0.51872,0.51464,0.4954,0.46506,0.43246,0.41112,0.41694,0.43392,0.44549
0,0.064202,0.12577,0.18236,0.2341,0.27786,0.31329,0.34718,0.38005,0.41337,0.46009,0.51536,0.56908,0.61777,0.65042,0.67116,0.67382,0.67319,0.66135,0.62565,0.57723
0,0.11857,0.24946,0.35882,0.44301,0.5083,0.55762,0.59403,0.62768,0.65546,0.67855,0.6937,0.71164,0.73269,0.76355,0.78953,0.81678,0.81214,0.77651,0.73241,0.68049
0,0.15271,0.27572,0.37944,0.47172,0.53665,0.58613,0.6285,0.66457,0.71615,0.76538,0.7996,0.81119,0.82427,0.82651,0.8161,0.79424,0.76461,0.74577,0.74196,0.73776
0,0.15577,0.29266,0.40922,0.49733,0.55461,0.58976,0.61289,0.63715,0.6804,0.72708,0.76117,0.76896,0.76924,0.76547,0.76537,0.77854,0.78358,0.79448,0.83127,0.88468
0,0.088892,0.16507,0.24027,0.30514,0.34927,0.37992,0.40484,0.42783,0.45425,0.47641,0.48625,0.49407,0.50247,0.50446,0.50404,0.49347,0.47345,0.44773,0.45039,0.4763
0,0.074747,0.14368,0.20679,0.26005,0.29945,0.33354,0.3651,0.39457,0.42901,0.47845,0.52808,0.57121,0.60426,0.62524,0.62708,0.61672,0.61456,0.62475,0.60037,0.56077
0,0.11368,0.23635,0.36419,0.46582,0.54169,0.59743,0.63826,0.67368,0.70061,0.7251,0.74969,0.77203,0.79694,0.81268,0.81526,0.81152,0.79875,0.77385,0.74234,0.6973
0,0.13982,0.24893,0.33855,0.41076,0.46702,0.5194,0.57093,0.62566,0.69319,0.76381,0.81603,0.84796,0.85148,0.8334,0.8099,0.77301,0.74344,0.73506,0.74324,0.77097
0,0.19388,0.3557,0.48509,0.57986,0.64918,0.69126,0.72085,0.75093,0.78685,0.81372,0.81275,0.80461,0.79815,0.7928,0.79434,0.80739,0.82552,0.854,0.88442,0.92696
0,0.063707,0.11812,0.179,0.23725,0.29286,0.35044,0.40301,0.44877,0.48554,0.5135,0.53226,0.5344,0.52439,0.50549,0.47964,0.45141,0.43283,0.42657,0.43096,0.42433
0,0.11523,0.21319,0.30083,0.37802,0.44171,0.49651,0.53783,0.56421,0.57526,0.57723,0.576,0.57516,0.56645,0.55175,0.53576,0.51343,0.48311,0.46641,0.46592,0.47392
0,0.10934,0.20862,0.29625,0.36442,0.41568,0.458,0.49428,0.52962,0.5619,0.59697,0.62646,0.65023,0.66782,0.68078,0.68605,0.68,0.66834,0.64851,0.60949,0.56536
0,0.1466,0.27337,0.37963,0.45944,0.518,0.55844,0.59168,0.61838,0.65301,0.69187,0.71386,0.729,0.74822,0.76362,0.77572,0.78857,0.77851,0.74025,0.68,0.64274
0,0.12808,0.24657,0.36209,0.46096,0.53753,0.59496,0.63037,0.66346,0.69347,0.73178,0.75256,0.75944,0.76909,0.77609,0.78186,0.78191,0.76668,0.74884,0.72933,0.73843
0,0.090116,0.19828,0.29409,0.38286,0.47154,0.54492,0.61506,0.67728,0.72428,0.75844,0.77154,0.76833,0.75512,0.73735,0.71706,0.68915,0.65382,0.59447,0.51908,0.46158
0,0.10049,0.19355,0.27223,0.34077,0.39927,0.44992,0.48766,0.51558,0.54127,0.55847,0.5668,0.56687,0.5652,0.55632,0.54261,0.52084,0.50306,0.50074,0.51217,0.52934
0,0.10741,0.20687,0.28794,0.35291,0.40134,0.44008,0.47307,0.4984,0.52424,0.54944,0.56172,0.56949,0.58239,0.60394,0.63678,0.64792,0.61705,0.55,0.50665,0.51847
0,0.15207,0.28006,0.38106,0.45701,0.50852,0.54648,0.57429,0.60006,0.63185,0.67071,0.69757,0.7153,0.7349,0.75934,0.78111,0.79922,0.81756,0.80037,0.75264,0.70072
0,0.13996,0.27266,0.38591,0.47487,0.53394,0.57372,0.60078,0.62756,0.6782,0.73462,0.77025,0.78443,0.79072,0.79241,0.78554,0.77405,0.77268,0.78031,0.79406,0.81969
0,0.078462,0.15242,0.22093,0.29102,0.35282,0.40931,0.4643,0.51307,0.55222,0.58563,0.59595,0.58799,0.56545,0.53933,0.51364,0.47786,0.44285,0.41857,0.41526,0.40816
0,0.10042,0.18925,0.26178,0.31935,0.36644,0.39935,0.42578,0.44955,0.47165,0.4901,0.49555,0.49278,0.49167,0.48869,0.48175,0.47549,0.47174,0.47969,0.50325,0.52226
0,0.10064,0.20037,0.28868,0.35674,0.40622,0.44391,0.47829,0.50878,0.54533,0.58643,0.61655,0.64417,0.66743,0.68679,0.70259,0.70661,0.69369,0.67415,0.64138,0.59245
0,0.12585,0.24468,0.34608,0.4294,0.49342,0.54593,0.58707,0.6228,0.66692,0.70535,0.74127,0.7724,0.8031,0.82837,0.83996,0.83919,0.82384,0.79265,0.75031,0.70523
0,0.10956,0.21015,0.30615,0.39385,0.45452,0.49549,0.5298,0.55407,0.58039,0.64145,0.69457,0.72677,0.7443,0.7508,0.75248,0.74552,0.72897,0.7303,0.77133,0.83406
0,0.0784,0.15309,0.21993,0.28385,0.33878,0.38569,0.43427,0.47407,0.5104,0.53859,0.55007,0.54581,0.52549,0.49837,0.47051,0.43865,0.41885,0.41455,0.41515,0.4084
0,0.073206,0.14036,0.20086,0.25444,0.2991,0.33895,0.36861,0.38785,0.40894,0.43004,0.4515,0.47458,0.49464,0.50264,0.49997,0.49266,0.49846,0.51099,0.51405,0.49782
0,0.10207,0.19797,0.28591,0.35964,0.41581,0.4573,0.48934,0.5194,0.54786,0.57707,0.59974,0.61905,0.64975,0.68349,0.70543,0.72487,0.71902,0.68953,0.64593,0.59281
0,0.16367,0.31433,0.43913,0.53289,0.60043,0.64264,0.6692,0.68987,0.715,0.75057,0.77758,0.79741,0.81385,0.82206,0.81624,0.79889,0.77526,0.75108,0.72497,0.73652
0,0.12662,0.24494,0.34664,0.43323,0.49891,0.54033,0.56783,0.58713,0.62944,0.70561,0.75395,0.77824,0.78562,0.77544,0.75365,0.73905,0.72858,0.71809,0.72567,0.76053
0,0.069134,0.13796,0.2097,0.27943,0.33786,0.38942,0.43865,0.48222,0.523,0.55524,0.57447,0.57324,0.56332,0.55279,0.5407,0.51971,0.49517,0.47282,0.45537,0.44741
0,0.081147,0.15363,0.22267,0.27588,0.31584,0.34687,0.37405,0.39956,0.4243,0.44951,0.46844,0.49109,0.51223,0.52336,0.52834,0.51933,0.51984,0.53055,0.54261,0.53707
0,0.10004,0.20444,0.29992,0.37557,0.43736,0.48793,0.52629,0.55595,0.57989,0.62127,0.65556,0.68437,0.71409,0.73684,0.75524,0.74744,0.71506,0.6874,0.65699,0.60846
0,0.12309,0.2275,0.31499,0.38484,0.43312,0.47047,0.50215,0.53146,0.56323,0.59923,0.63093,0.6696,0.69745,0.7085,0.71755,0.71954,0.72813,0.72141,0.7051,0.7641
0,0.13881,0.26373,0.37382,0.46225,0.52621,0.56372,0.58796,0.6169,0.67976,0.74069,0.75369,0.75307,0.74929,0.74176,0.72949,0.7126,0.71274,0.7301,0.76113,0.80969
0,0.070527,0.1396,0.20367,0.2617,0.31921,0.36433,0.40924,0.45888,0.50574,0.54068,0.54525,0.5258,0.49632,0.47164,0.45606,0.43977,0.4375,0.45273,0.48046,0.48106
0,0.10527,0.19944,0.28465,0.34802,0.39987,0.45186,0.48951,0.50825,0.51283,0.51225,0.50863,0.49765,0.48299,0.46024,0.43708,0.41102,0.38911,0.37017,0.36697,0.38134
0,0.11224,0.21702,0.31009,0.38764,0.44978,0.49894,0.53961,0.57567,0.6118,0.65193,0.68687,0.71628,0.73664,0.74814,0.7546,0.753,0.74952,0.72134,0.6742,0.6154
0,0.12277,0.23571,0.33788,0.41977,0.481,0.53251,0.57993,0.62587,0.67996,0.73731,0.77515,0.80322,0.82576,0.84662,0.86565,0.88217,0.8742,0.83571,0.76928,0.70405
0,0.15036,0.28891,0.39684,0.47447,0.53136,0.57933,0.62634,0.67484,0.72778,0.76528,0.7735,0.77284,0.7671,0.7619,0.75789,0.74967,0.73913,0.73171,0.71945,0.73738
0,0.090367,0.18285,0.27286,0.35891,0.44042,0.50833,0.57104,0.62031,0.66012,0.69314,0.70448,0.69675,0.68053,0.65947,0.63533,0.59763,0.54607,0.49276,0.44364,0.42869
0,0.083139,0.15706,0.22013,0.28048,0.33265,0.37413,0.40781,0.43592,0.46114,0.48409,0.49601,0.493,0.48602,0.47496,0.45784,0.44088,0.42803,0.44446,0.46202,0.4737
0,0.13985,0.26075,0.36726,0.45133,0.51103,0.55632,0.59144,0.61927,0.64893,0.66837,0.67762,0.68475,0.70105,0.72185,0.73425,0.73976,0.71758,0.66686,0.62052,0.59755
0,0.14715,0.27603,0.38226,0.45809,0.51169,0.55137,0.58373,0.61232,0.64559,0.69409,0.72727,0.74269,0.7607,0.78511,0.81709,0.86611,0.90619,0.90603,0.85094,0.76333
0,0.16295,0.30797,0.42586,0.53517,0.62639,0.70163,0.76463,0.8345,0.91248,0.9657,0.96645,0.95549,0.94663,0.9336,0.91205,0.88741,0.87257,0.86219,0.86039,0.88362
0,0.084261,0.15038,0.20941,0.26682,0.32337,0.36917,0.40744,0.45199,0.49908,0.53331,0.53687,0.5239,0.50529,0.48656,0.46343,0.43605,0.41591,0.4211,0.43789,0.44706
0,0.07607,0.14404,0.20289,0.25234,0.29354,0.32556,0.35557,0.38072,0.40435,0.4257,0.44049,0.44536,0.44444,0.44077,0.43662,0.42415,0.4143,0.42015,0.45023,0.47434
0,0.11274,0.22008,0.3126,0.3917,0.45201,0.49581,0.53192,0.56345,0.59521,0.62728,0.66069,0.69093,0.73459,0.7786,0.81149,0.82318,0.81448,0.79348,0.74278,0.67381
0,0.11688,0.22057,0.31522,0.3999,0.47023,0.53158,0.58316,0.62288,0.66241,0.70314,0.74593,0.7795,0.81898,0.84738,0.86054,0.86149,0.85748,0.82769,0.77214,0.70416
0,0.12211,0.23774,0.34514,0.43613,0.51197,0.57498,0.63214,0.67043,0.70528,0.75172,0.79569,0.83489,0.86657,0.88107,0.87375,0.85139,0.82651,0.80633,0.8026,0.82267
0,0.081069,0.15831,0.22855,0.28679,0.34115,0.38827,0.43373,0.47459,0.51333,0.53937,0.54031,0.52821,0.5067,0.48411,0.4564,0.42306,0.39489,0.39244,0.41168,0.42107
0,0.071165,0.14063,0.20739,0.25878,0.29471,0.3258,0.3572,0.38231,0.40408,0.42993,0.45605,0.48534,0.50098,0.50914,0.50985,0.51723,0.52849,0.54111,0.54146,0.52684
0,0.10611,0.211,0.30697,0.39089,0.45575,0.5067,0.54669,0.5804,0.60793,0.63357,0.65464,0.6833,0.7233,0.76663,0.80271,0.81031,0.80495,0.77896,0.72355,0.64539
0,0.11613,0.23048,0.3279,0.40802,0.47263,0.51673,0.55241,0.57766,0.61439,0.66682,0.71218,0.75196,0.7828,0.79598,0.7918,0.78937,0.78273,0.77185,0.74722,0.73551
0,0.15266,0.2984,0.43714,0.53007,0.60043,0.65365,0.69565,0.72516,0.76455,0.81575,0.86234,0.89357,0.91321,0.92622,0.93267,0.93005,0.91691,0.89601,0.88665,0.9136
0,0.088042,0.16401,0.23245,0.28886,0.33446,0.37152,0.40734,0.44467,0.4868,0.52113,0.52915,0.52055,0.49937,0.47049,0.44914,0.4324,0.41202,0.40741,0.42873,0.46588
0,0.081999,0.15121,0.203,0.23924,0.27052,0.29563,0.31894,0.34104,0.36558,0.39432,0.41654,0.43795,0.46054,0.48581,0.50359,0.49935,0.4843,0.47291,0.46215,0.44369
0,0.10722,0.21992,0.32749,0.4225,0.50699,0.57451,0.63093,0.6747,0.70828,0.73181,0.76239,0.79843,0.83515,0.87463,0.90413,0.89757,0.85751,0.80418,0.74039,0.67078
0,0.099333,0.18797,0.26558,0.32885,0.38263,0.42366,0.45952,0.49053,0.52603,0.57772,0.63088,0.66922,0.68785,0.69687,0.70301,0.71822,0.72726,0.72043,0.70082,0.72025
0,0.16084,0.31963,0.46305,0.58401,0.66487,0.7078,0.7288,0.75106,0.7972,0.85854,0.89821,0.91032,0.91195,0.91487,0.90486,0.89883,0.89652,0.88813,0.89119,0.9219
0,0.076021,0.15345,0.24207,0.34057,0.42788,0.49641,0.5572,0.60967,0.6546,0.68789,0.69985,0.6843,0.65364,0.61138,0.56021,0.48926,0.42715,0.41269,0.45028,0.48642
0,0.097313,0.19682,0.30385,0.40004,0.47503,0.53415,0.57746,0.60288,0.61556,0.62737,0.63144,0.62384,0.60877,0.59196,0.57357,0.54915,0.51612,0.47414,0.43007,0.42857
0,0.10998,0.20582,0.29326,0.36768,0.42731,0.47393,0.51375,0.54761,0.59418,0.64302,0.67638,0.69843,0.70568,0.71104,0.71693,0.73249,0.73967,0.74853,0.75068,0.72244
0,0.11734,0.22014,0.30629,0.37895,0.43775,0.48918,0.54216,0.60487,0.68593,0.76044,0.78771,0.80261,0.81011,0.82537,0.84408,0.85353,0.85402,0.83901,0.8004,0.77026
0,0.13919,0.26773,0.38026,0.47497,0.5493,0.60015,0.641,0.67582,0.71339,0.76017,0.79702,0.80709,0.80949,0.80332,0.79366,0.78671,0.77297,0.74446,0.71491,0.72497
0,0.12435,0.25869,0.37267,0.46235,0.53223,0.58589,0.62756,0.66282,0.69866,0.72223,0.72995,0.72465,0.71337,0.694,0.66748,0.62217,0.55547,0.47103,0.38317,0.36268
0,0.080878,0.15441,0.22326,0.28245,0.33263,0.37511,0.40841,0.43167,0.44995,0.46466,0.47095,0.47022,0.46182,0.45069,0.43626,0.42537,0.41962,0.42769,0.4422,0.46094
0,0.12761,0.26742,0.38015,0.44398,0.47919,0.48427,0.4904,0.50706,0.55032,0.60047,0.62553,0.63802,0.64214,0.64702,0.67069,0.71437,0.76113,0.77079,0.75771,0.71866
0,0.10938,0.21655,0.30729,0.3864,0.44586,0.49307,0.53858,0.58841,0.65663,0.73279,0.76001,0.77609,0.79593,0.81964,0.8458,0.88576,0.91777,0.91821,0.88345,0.85064
0,0.17888,0.3418,0.48603,0.60228,0.68777,0.74229,0.78388,0.83212,0.88394,0.91447,0.92147,0.92433,0.9375,0.94474,0.94117,0.93656,0.92576,0.87429,0.80516,0.77956
0,0.091583,0.19205,0.29904,0.40302,0.48328,0.54507,0.60081,0.64081,0.66924,0.69564,0.70525,0.68887,0.65775,0.62218,0.57402,0.51524,0.46005,0.42808,0.42383,0.43037
0,0.086702,0.16686,0.23607,0.29384,0.34141,0.37573,0.40582,0.43165,0.4576,0.48216,0.49081,0.48765,0.47475,0.46222,0.45926,0.46514,0.47312,0.48214,0.48838,0.50857
0,0.11208,0.20811,0.28062,0.33399,0.38189,0.42486,0.46857,0.51104,0.56201,0.61815,0.6477,0.66508,0.68516,0.70738,0.7331,0.75964,0.77908,0.78842,0.80277,0.78467
0,0.10697,0.20546,0.30884,0.39818,0.46661,0.52726,0.5867,0.64363,0.7114,0.7754,0.80362,0.81505,0.8208,0.82805,0.84232,0.85886,0.86671,0.85135,0.82208,0.78724
0,0.14132,0.27077,0.37992,0.46516,0.52848,0.57288,0.60816,0.64001,0.66766,0.70757,0.73767,0.75264,0.76369,0.77467,0.77298,0.76026,0.72539,0.72113,0.74889,0.81295
0,0.089655,0.18762,0.28362,0.36011,0.43366,0.49296,0.54034,0.58583,0.62377,0.64657,0.65058,0.63917,0.61723,0.59158,0.55763,0.51343,0.45106,0.40003,0.38492,0.40303
0,0.080885,0.15348,0.22012,0.27767,0.32389,0.35575,0.37933,0.3957,0.41024,0.42733,0.4481,0.46393,0.47645,0.49157,0.50419,0.51692,0.5247,0.5283,0.53072,0.51552
0,0.095395,0.18008,0.25143,0.31066,0.36186,0.40503,0.43897,0.47279,0.51764,0.56565,0.60957,0.64706,0.66817,0.69374,0.72391,0.77064,0.80326,0.80382,0.79028,0.7561
0,0.12346,0.23917,0.34182,0.42811,0.49738,0.55701,0.61446,0.6758,0.73512,0.80011,0.83947,0.8643,0.87528,0.87712,0.86879,0.85656,0.84452,0.83927,0.82848,0.83368
0,0.12517,0.23662,0.32773,0.40812,0.48121,0.53595,0.57954,0.62497,0.67477,0.72293,0.7658,0.78871,0.79906,0.80906,0.81674,0.82505,0.82207,0.81327,0.81935,0.83819
0,0.13488,0.24726,0.34724,0.42258,0.47345,0.51262,0.54427,0.56823,0.58573,0.59989,0.60703,0.6054,0.60146,0.59397,0.58294,0.55035,0.49972,0.46661,0.45599,0.46474
0,0.07918,0.14652,0.21441,0.27186,0.31462,0.35024,0.38075,0.4084,0.43331,0.45431,0.46553,0.47253,0.47752,0.49135,0.51297,0.53548,0.54905,0.56056,0.55258,0.52546
0,0.12482,0.2498,0.36594,0.45577,0.51437,0.56491,0.6065,0.64594,0.6922,0.73236,0.75134,0.757,0.76799,0.78557,0.81535,0.8471,0.85566,0.84142,0.8226,0.78719
0,0.10804,0.20005,0.27961,0.34467,0.39117,0.43328,0.47605,0.51954,0.56919,0.63461,0.6892,0.73306,0.74987,0.77102,0.77468,0.76935,0.77652,0.77661,0.75754,0.7553
0,0.16623,0.3184,0.44402,0.5322,0.59762,0.65098,0.68817,0.71754,0.75564,0.79275,0.80946,0.81637,0.82028,0.81979,0.8123,0.80885,0.80637,0.80375,0.80028,0.81906
0,0.056704,0.11595,0.17373,0.22625,0.27464,0.31102,0.34356,0.37668,0.4198,0.45899,0.4723,0.47388,0.4709,0.46817,0.46668,0.46154,0.45736,0.46337,0.46558,0.45202
0,0.14162,0.28481,0.39674,0.47895,0.54624,0.59194,0.62614,0.6538,0.67401,0.68954,0.69074,0.67889,0.65743,0.63315,0.60773,0.58494,0.55113,0.51509,0.47651,0.46702
0,0.10651,0.20565,0.29433,0.36669,0.42347,0.47096,0.5134,0.55138,0.5887,0.62242,0.65432,0.67517,0.68383,0.68944,0.6856,0.67173,0.65093,0.62999,0.60793,0.58256
0,0.11168,0.21384,0.30491,0.381,0.44303,0.49243,0.54376,0.60481,0.66966,0.7289,0.77225,0.80719,0.83688,0.86544,0.88207,0.88734,0.87235,0.82868,0.77546,0.72045
0,0.11079,0.21359,0.30925,0.39719,0.46625,0.52599,0.59248,0.6651,0.73795,0.81008,0.85767,0.87406,0.88393,0.88784,0.873,0.8494,0.811,0.75508,0.70654,0.6869
0,0.072786,0.15598,0.25088,0.34225,0.42445,0.49159,0.54996,0.60231,0.64277,0.66137,0.66523,0.66382,0.65358,0.63826,0.6159,0.59045,0.55508,0.51005,0.46838,0.44381
0,0.095555,0.18389,0.26188,0.33093,0.38872,0.44019,0.48265,0.51046,0.52838,0.54113,0.54326,0.53417,0.51223,0.48543,0.4551,0.43243,0.40655,0.3852,0.39843,0.43131
0,0.12669,0.25125,0.35701,0.44387,0.50854,0.56148,0.60396,0.64238,0.68839,0.72183,0.73572,0.74021,0.74259,0.74982,0.76287,0.76664,0.74457,0.69642,0.64198,0.58475
0,0.12885,0.24802,0.34519,0.4175,0.47351,0.51784,0.5593,0.60605,0.66523,0.71853,0.75299,0.77732,0.80751,0.84072,0.8637,0.88329,0.88353,0.85841,0.80318,0.74546
0,0.12465,0.23539,0.32819,0.40702,0.48044,0.54618,0.60432,0.66498,0.73813,0.81865,0.86835,0.89275,0.90623,0.91054,0.90708,0.89864,0.86297,0.79989,0.75038,0.74239
0,0.063745,0.12575,0.18097,0.23412,0.28656,0.33031,0.37029,0.4114,0.4555,0.49096,0.50093,0.50074,0.48637,0.47241,0.46078,0.43872,0.42584,0.43597,0.45469,0.45612
0,0.093574,0.18153,0.25771,0.31455,0.35873,0.38925,0.41542,0.44347,0.46723,0.48333,0.49111,0.4876,0.47965,0.46707,0.44665,0.41866,0.39339,0.37844,0.40917,0.43749
0,0.10745,0.20669,0.29273,0.36648,0.42652,0.47533,0.51526,0.55289,0.59195,0.62744,0.6525,0.67087,0.69141,0.71428,0.73618,0.74658,0.74234,0.72219,0.68835,0.63881
0,0.11262,0.2161,0.31491,0.40101,0.46925,0.52446,0.57964,0.63192,0.68559,0.73582,0.77118,0.81099,0.84506,0.86555,0.87536,0.87769,0.85377,0.79778,0.74783,0.70818
0,0.10684,0.20543,0.28632,0.35575,0.41254,0.46248,0.5086,0.55949,0.61654,0.68421,0.72724,0.75031,0.75444,0.75758,0.74898,0.72421,0.66954,0.63985,0.66644,0.71254
0,0.068951,0.13629,0.20168,0.25858,0.32075,0.36619,0.40306,0.43675,0.47197,0.50205,0.51523,0.51581,0.50655,0.49253,0.47406,0.44419,0.4167,0.41131,0.4205,0.42352
0,0.091186,0.17369,0.24885,0.31309,0.36211,0.39826,0.43149,0.45945,0.48419,0.51193,0.53378,0.54826,0.55439,0.55249,0.54598,0.53744,0.53394,0.55525,0.57322,0.57104
0,0.10543,0.2164,0.31153,0.40242,0.47012,0.51861,0.56229,0.60174,0.63444,0.6664,0.69658,0.71543,0.73487,0.75229,0.77279,0.77388,0.76902,0.74547,0.71644,0.66439
0,0.12136,0.23701,0.33895,0.42801,0.49988,0.55566,0.60499,0.65309,0.6994,0.75168,0.78648,0.81585,0.83846,0.85448,0.85868,0.84447,0.80383,0.77525,0.76436,0.76861
0,0.12495,0.2485,0.36449,0.47467,0.56805,0.6362,0.68627,0.71726,0.74506,0.78772,0.83932,0.87174,0.89173,0.90436,0.90032,0.87951,0.82841,0.77667,0.74751,0.73034
0,0.067958,0.14093,0.20962,0.26647,0.31305,0.35141,0.38004,0.4057,0.4357,0.46432,0.48443,0.48954,0.48383,0.47156,0.46305,0.45519,0.44516,0.43719,0.43456,0.4378
0,0.084013,0.1531,0.21321,0.2601,0.29404,0.3188,0.33969,0.36057,0.38183,0.40354,0.42198,0.43637,0.44691,0.45327,0.45689,0.46343,0.46591,0.47467,0.48657,0.49853
0,0.10624,0.21331,0.31613,0.40586,0.48765,0.55642,0.61237,0.66074,0.70326,0.73612,0.77154,0.80232,0.81985,0.82935,0.84544,0.84685,0.82873,0.78414,0.73382,0.66824
0,0.097611,0.1951,0.29035,0.37298,0.43575,0.48444,0.5306,0.5724,0.61452,0.6618,0.71651,0.75199,0.77858,0.803,0.82331,0.83511,0.83495,0.81121,0.77147,0.75725
0,0.14497,0.2725,0.39347,0.49199,0.56804,0.62535,0.67261,0.71706,0.76169,0.80416,0.82824,0.83899,0.84794,0.85365,0.84269,0.80945,0.7585,0.7249,0.7123,0.72241
0,0.075401,0.15112,0.22477,0.29736,0.35907,0.41789,0.46469,0.49986,0.52317,0.53913,0.54013,0.52937,0.50883,0.47442,0.45689,0.47441,0.49811,0.53085,0.58102,0.60829
0,0.13407,0.26047,0.36624,0.45379,0.51446,0.56322,0.60179,0.63251,0.64882,0.65629,0.66055,0.66241,0.64145,0.59943,0.57584,0.56887,0.5695,0.56658,0.55597,0.54742
0,0.1664,0.32834,0.47272,0.59284,0.68311,0.74187,0.77503,0.79284,0.80414,0.80661,0.80545,0.80882,0.8208,0.84753,0.87179,0.89286,0.87505,0.82815,0.76347,0.66871
0,0.15841,0.32335,0.47496,0.59432,0.68195,0.74433,0.79065,0.829,0.85829,0.88168,0.9034,0.91662,0.92857,0.9595,1.0182,1.0371,0.96056,0.86317,0.79594,0.73125
0,0.23612,0.49017,0.73985,0.9396,1.075,1.1596,1.2129,1.2524,1.2746,1.2847,1.289,1.2962,1.3063,1.3329,1.3502,1.2633,1.1217,1.0007,0.86145,0.71902
0,0.10159,0.20542,0.30198,0.39822,0.48976,0.56746,0.63085,0.67851,0.71605,0.73906,0.7444,0.73774,0.72001,0.69181,0.66367,0.64553,0.62217,0.59098,0.56137,0.56582
0,0.1096,0.22233,0.32482,0.41068,0.46654,0.50061,0.5246,0.53993,0.54844,0.55397,0.55686,0.55504,0.54998,0.54762,0.55675,0.5683,0.57185,0.56684,0.56183,0.52258
0,0.15137,0.31705,0.47021,0.5893,0.67326,0.72745,0.76425,0.78597,0.79933,0.80249,0.79915,0.79207,0.78679,0.79442,0.82424,0.85417,0.82747,0.75351,0.67233,0.58557
0,0.16556,0.33253,0.48155,0.60437,0.69215,0.75031,0.79251,0.82841,0.8589,0.88041,0.89131,0.88673,0.88241,0.90199,0.93217,0.95767,0.93833,0.87321,0.80765,0.71755
0,0.26219,0.53417,0.79203,1.0032,1.1442,1.2192,1.264,1.2921,1.3085,1.3129,1.3098,1.3024,1.2997,1.3031,1.2623,1.1583,1.0286,0.92216,0.80325,0.67637
0,0.08739,0.18377,0.28283,0.36875,0.42901,0.4804,0.52412,0.55778,0.58011,0.59405,0.60163,0.60206,0.59155,0.55166,0.52386,0.50376,0.49724,0.50928,0.55104,0.58188
0,0.10452,0.20203,0.28523,0.35444,0.40797,0.4472,0.47532,0.49499,0.51121,0.5227,0.5292,0.53,0.53079,0.53584,0.57393,0.60584,0.62767,0.63246,0.60453,0.54283
0,0.12686,0.25452,0.3759,0.47998,0.56701,0.629,0.66746,0.69127,0.70475,0.711,0.71029,0.70158,0.69094,0.69724,0.74872,0.75923,0.72955,0.7047,0.6746,0.61258
0,0.17002,0.32322,0.45703,0.56009,0.6256,0.67182,0.70836,0.7376,0.76164,0.78288,0.7965,0.79997,0.80337,0.8261,0.89697,0.93597,0.90121,0.84906,0.80186,0.73174
0,0.27892,0.55679,0.78994,0.94392,1.0472,1.1261,1.1797,1.2121,1.2269,1.2264,1.2184,1.2038,1.1894,1.1662,1.1343,1.0642,0.96061,0.84107,0.73633,0.66704
0,0.06816,0.13439,0.20027,0.26155,0.31867,0.37398,0.42302,0.46054,0.48998,0.51309,0.52702,0.53078,0.52499,0.5115,0.50577,0.49391,0.49423,0.51509,0.53341,0.54796
0,0.068013,0.13604,0.20482,0.26939,0.32404,0.36738,0.40068,0.42787,0.4472,0.4619,0.46819,0.469,0.4676,0.49158,0.5442,0.59839,0.6247,0.63406,0.62793,0.59414
0,0.13237,0.26061,0.3787,0.47914,0.557,0.60937,0.64856,0.67755,0.69896,0.71019,0.71133,0.7,0.68625,0.69218,0.72859,0.74291,0.71467,0.68103,0.64668,0.6003
0,0.21623,0.42191,0.59602,0.722,0.79716,0.83557,0.85866,0.88469,0.90959,0.929,0.9406,0.94295,0.94217,0.96912,1.0057,0.98377,0.92011,0.89499,0.85127,0.78641
0,0.23166,0.47846,0.67632,0.83442,0.94598,1.0224,1.0756,1.1129,1.1346,1.138,1.1174,1.0884,1.0561,1.0294,0.98916,0.90545,0.81881,0.75548,0.69445,0.63604
0,0.086545,0.17889,0.26656,0.34423,0.40418,0.44458,0.4695,0.48694,0.49942,0.50616,0.5076,0.50487,0.49678,0.48717,0.49,0.50934,0.53068,0.54385,0.60009,0.65529
0,0.091532,0.18447,0.26098,0.31779,0.36146,0.39274,0.41797,0.43733,0.45162,0.46018,0.46302,0.45939,0.45882,0.48418,0.5635,0.66048,0.69919,0.71318,0.68721,0.63368
0,0.10907,0.22013,0.32572,0.42389,0.5182,0.60022,0.66766,0.71347,0.74623,0.76429,0.76415,0.7459,0.72559,0.72701,0.78208,0.80488,0.77049,0.7417,0.70607,0.64296
0,0.22023,0.43685,0.60231,0.71218,0.76947,0.79423,0.80255,0.81203,0.82571,0.84536,0.86623,0.86923,0.86372,0.88488,0.94127,0.96385,0.93293,0.87357,0.80859,0.74376
0,0.23893,0.50724,0.7526,0.93466,1.0518,1.1404,1.1961,1.2237,1.2384,1.2365,1.2197,1.2031,1.1847,1.1788,1.1227,1.0069,0.90265,0.84136,0.77264,0.6623
0,0.11118,0.22523,0.34032,0.45576,0.55822,0.63489,0.6974,0.73912,0.77062,0.79121,0.7995,0.78943,0.76203,0.71588,0.67734,0.66006,0.64402,0.63258,0.60345,0.57068
0,0.14577,0.26633,0.36453,0.45401,0.53418,0.59798,0.64698,0.68581,0.72144,0.74753,0.76124,0.75885,0.73957,0.70847,0.67518,0.64491,0.61375,0.58273,0.56974,0.60005
0,0.13195,0.26933,0.39259,0.49454,0.57311,0.62312,0.65196,0.67264,0.68755,0.69653,0.698,0.69409,0.6964,0.72461,0.76804,0.79204,0.78226,0.72842,0.64751,0.56097
0,0.18818,0.36752,0.51644,0.63311,0.72554,0.79317,0.84048,0.87119,0.89168,0.9023,0.90409,0.90081,0.89425,0.90727,0.94227,0.93222,0.85703,0.7843,0.70645,0.63424
0,0.22891,0.45415,0.64628,0.7989,0.90635,0.98126,1.0364,1.0735,1.09,1.1015,1.1129,1.1293,1.1525,1.1801,1.2044,1.1627,1.0542,0.96953,0.87112,0.7701
0,0.097608,0.19544,0.30065,0.40545,0.49712,0.5723,0.63924,0.70149,0.74991,0.78847,0.81073,0.81394,0.78319,0.73821,0.71887,0.70919,0.69714,0.65975,0.60368,0.54555
0,0.098402,0.19159,0.27554,0.35386,0.42644,0.48927,0.5352,0.56938,0.59511,0.61399,0.62583,0.63132,0.63001,0.61632,0.60074,0.58021,0.56607,0.55813,0.55941,0.54801
0,0.13745,0.27548,0.40027,0.49683,0.56833,0.62383,0.66458,0.69154,0.70615,0.7109,0.70689,0.69491,0.68271,0.69178,0.73529,0.76861,0.75117,0.67071,0.59888,0.52959
0,0.19086,0.37751,0.53552,0.6618,0.75125,0.81372,0.86539,0.90164,0.92479,0.93288,0.93396,0.92285,0.91341,0.91997,0.96106,0.97857,0.94112,0.84497,0.71561,0.63861
0,0.2589,0.52224,0.76282,0.93956,1.0425,1.1088,1.1526,1.1747,1.1823,1.1829,1.1775,1.1711,1.1759,1.1759,1.1662,1.1053,0.9861,0.90928,0.8389,0.75726
0,0.11233,0.22407,0.34341,0.44726,0.53938,0.60137,0.64359,0.67495,0.70377,0.72651,0.74083,0.7421,0.72806,0.69155,0.63432,0.59629,0.57117,0.55134,0.53526,0.51073
0,0.11446,0.22262,0.31315,0.38614,0.44201,0.48207,0.51351,0.53692,0.55478,0.56874,0.5785,0.58443,0.58382,0.57817,0.57623,0.56523,0.55489,0.54659,0.52873,0.52377
0,0.11311,0.21581,0.31322,0.39608,0.46488,0.51763,0.55637,0.5851,0.60499,0.61982,0.62314,0.61264,0.60984,0.63983,0.69866,0.72491,0.71514,0.70303,0.65233,0.58448
0,0.17474,0.33164,0.47535,0.5947,0.68789,0.75637,0.80586,0.83985,0.8623,0.87363,0.86935,0.84776,0.83511,0.8626,0.92454,0.94392,0.90832,0.83113,0.73623,0.65058
0,0.25754,0.50433,0.69262,0.82182,0.91065,0.97576,1.022,1.0482,1.0533,1.0471,1.0379,1.0233,1.0094,1.002,1.0046,0.97187,0.86692,0.77506,0.73753,0.72096
0,0.097296,0.1922,0.27637,0.35249,0.41638,0.47235,0.5237,0.56958,0.59695,0.61617,0.628,0.62346,0.60779,0.58717,0.56614,0.53161,0.51104,0.50523,0.491,0.47872
0,0.094062,0.18025,0.25398,0.32169,0.38437,0.43445,0.47396,0.502,0.52349,0.5401,0.551,0.55529,0.55864,0.55796,0.55045,0.54676,0.55471,0.56625,0.57106,0.5632
0,0.1041,0.20582,0.30315,0.38777,0.45198,0.49609,0.52883,0.55883,0.58495,0.60114,0.606,0.59536,0.58529,0.61893,0.67829,0.71044,0.69461,0.65529,0.60195,0.55697
0,0.20223,0.40714,0.57111,0.69585,0.78159,0.83222,0.86368,0.8874,0.90676,0.91701,0.90867,0.88683,0.86822,0.8952,0.94821,0.93131,0.86421,0.78821,0.7178,0.69336
0,0.22178,0.43723,0.60638,0.7452,0.85251,0.93007,0.9789,0.99979,1.0052,1.0004,0.98775,0.96855,0.94411,0.93453,0.93106,0.85788,0.7729,0.74333,0.72672,0.69079
0,0.095923,0.20125,0.30005,0.3914,0.46723,0.52562,0.57161,0.60629,0.63262,0.65317,0.67063,0.66821,0.64825,0.61618,0.59456,0.57921,0.55991,0.55564,0.55338,0.5574
0,0.094474,0.19798,0.3083,0.39571,0.46132,0.50352,0.53215,0.5502,0.56162,0.56898,0.57092,0.56829,0.56262,0.56304,0.57417,0.60612,0.6019,0.60467,0.58833,0.55213
0,0.10567,0.20716,0.30019,0.39233,0.47387,0.53988,0.59244,0.62941,0.65724,0.67781,0.6819,0.67305,0.66472,0.69355,0.74815,0.77783,0.77389,0.74181,0.69844,0.62097
0,0.21681,0.3836,0.51182,0.60978,0.67714,0.73017,0.77142,0.79893,0.82131,0.83348,0.82842,0.80064,0.76577,0.7606,0.78439,0.76661,0.71055,0.65111,0.64193,0.68743
0,0.24361,0.48473,0.68123,0.83555,0.94371,1.0212,1.0746,1.1105,1.1269,1.1252,1.1104,1.0832,1.0542,1.0307,0.99907,0.92904,0.85757,0.8069,0.76139,0.70106
0,0.12194,0.23842,0.34891,0.44601,0.52546,0.58985,0.63991,0.67945,0.70923,0.73064,0.74276,0.73224,0.70361,0.66245,0.63356,0.63758,0.64232,0.63926,0.63913,0.61644
0,0.1169,0.21627,0.29796,0.36937,0.43108,0.48625,0.5319,0.57079,0.59949,0.61838,0.62585,0.62447,0.60961,0.57361,0.53167,0.50134,0.48561,0.4801,0.47661,0.45894
0,0.1201,0.24334,0.35852,0.45742,0.53295,0.58059,0.61357,0.63678,0.65353,0.66714,0.6753,0.67933,0.69203,0.71822,0.7406,0.75729,0.74977,0.71218,0.65813,0.58507
0,0.1641,0.31748,0.45191,0.56776,0.65898,0.72811,0.77348,0.80321,0.81678,0.82044,0.81712,0.81275,0.82067,0.86137,0.9291,0.94791,0.91296,0.83396,0.74693,0.65883
0,0.23037,0.46127,0.65938,0.81165,0.90845,0.96836,1.0122,1.0523,1.0953,1.134,1.1644,1.1752,1.1723,1.1649,1.1825,1.1722,1.0676,0.96055,0.88365,0.80704
0,0.096078,0.19268,0.28624,0.38456,0.49399,0.57753,0.64437,0.69712,0.73554,0.76605,0.78392,0.77838,0.74821,0.70557,0.67179,0.66121,0.66498,0.64019,0.57798,0.54479
0,0.10582,0.19865,0.27596,0.34042,0.39117,0.43386,0.46943,0.49841,0.52047,0.53516,0.54255,0.54562,0.53734,0.51891,0.50422,0.49581,0.49412,0.50259,0.51598,0.49963
0,0.13664,0.28057,0.40378,0.51162,0.59842,0.65979,0.69785,0.72108,0.73678,0.74962,0.7556,0.7533,0.74714,0.75138,0.77872,0.79742,0.78909,0.72401,0.65885,0.59821
0,0.16897,0.319,0.44831,0.55143,0.62484,0.67489,0.71675,0.74631,0.77018,0.78114,0.77772,0.76516,0.75266,0.77058,0.83816,0.91237,0.91822,0.85851,0.73598,0.64581
0,0.26459,0.50955,0.7166,0.88585,0.98993,1.0791,1.1638,1.2213,1.2589,1.2832,1.2955,1.2861,1.2543,1.2195,1.2135,1.1836,1.0845,0.97596,0.87889,0.78035
0,0.1108,0.21259,0.30807,0.40037,0.48794,0.55283,0.60009,0.63864,0.66881,0.68949,0.70087,0.69767,0.68199,0.63869,0.59456,0.57902,0.56917,0.55504,0.55203,0.5322
0,0.12489,0.2225,0.30015,0.36164,0.40573,0.43826,0.46349,0.48445,0.50229,0.51741,0.52703,0.53394,0.5364,0.52901,0.53035,0.54174,0.55008,0.5553,0.55731,0.52392
0,0.10243,0.20636,0.30616,0.39211,0.46308,0.51957,0.56251,0.59417,0.61607,0.6318,0.63923,0.63518,0.63668,0.6689,0.72079,0.74928,0.7421,0.72128,0.69058,0.64887
0,0.13926,0.27207,0.39322,0.50755,0.60046,0.67364,0.72798,0.76759,0.7939,0.81049,0.80954,0.79059,0.77337,0.80647,0.89762,0.94791,0.91815,0.84385,0.74808,0.67978
0,0.34516,0.59802,0.7532,0.86455,0.94558,1.0019,1.0385,1.057,1.0754,1.0956,1.1138,1.1223,1.1275,1.1403,1.1477,1.1179,1.0506,0.95793,0.88041,0.79473
0,0.10127,0.20069,0.28573,0.35061,0.41272,0.47296,0.52866,0.56899,0.60049,0.62197,0.63122,0.62575,0.60293,0.57136,0.54952,0.52953,0.52117,0.5138,0.50943,0.49588
0,0.093674,0.1802,0.25821,0.32146,0.36493,0.39637,0.42368,0.44703,0.46422,0.47727,0.48392,0.48337,0.47964,0.48753,0.51357,0.53753,0.55531,0.56487,0.55386,0.52665
0,0.1052,0.21779,0.32221,0.40851,0.46807,0.51395,0.55416,0.58328,0.61108,0.63465,0.64913,0.65929,0.67756,0.71313,0.75234,0.76059,0.72964,0.70838,0.6833,0.64348
0,0.16111,0.3001,0.42304,0.52253,0.60182,0.66417,0.70851,0.74186,0.76554,0.77734,0.77091,0.75141,0.73301,0.74726,0.81135,0.84753,0.8017,0.73594,0.67878,0.65623
0,0.22894,0.47593,0.68548,0.84442,0.96184,1.0488,1.11,1.1384,1.1485,1.1481,1.14,1.1141,1.086,1.0655,1.0529,1.0043,0.8794,0.77884,0.74657,0.73349
0,0.10289,0.21206,0.32041,0.41444,0.48974,0.54869,0.59576,0.62825,0.65297,0.66815,0.67674,0.6662,0.6455,0.60837,0.56884,0.56162,0.56654,0.57915,0.59151,0.59376
0,0.07837,0.14579,0.20439,0.25248,0.29381,0.32919,0.35877,0.38235,0.39696,0.40617,0.40954,0.4078,0.40088,0.39431,0.40882,0.46462,0.51409,0.53262,0.52593,0.48851
0,0.098589,0.1954,0.29796,0.40082,0.49685,0.57582,0.64233,0.69776,0.73939,0.77331,0.78614,0.7838,0.79256,0.81563,0.85388,0.88021,0.83017,0.77317,0.72261,0.65731
0,0.16104,0.30368,0.41999,0.51519,0.58145,0.63097,0.67121,0.70273,0.72348,0.73484,0.73528,0.71749,0.68303,0.65983,0.71519,0.73154,0.69102,0.64849,0.63432,0.65756
0,0.27258,0.56294,0.80194,0.9773,1.1061,1.2045,1.2686,1.2978,1.3096,1.3039,1.2855,1.2464,1.2004,1.1764,1.1686,1.1027,0.97205,0.85477,0.78225,0.72818
0,0.12033,0.22964,0.33606,0.43085,0.51697,0.59469,0.66801,0.72215,0.75636,0.77621,0.78009,0.76241,0.72003,0.65173,0.58374,0.54546,0.53664,0.55349,0.56726,0.56815
0,0.12817,0.25322,0.37132,0.47491,0.5591,0.62797,0.68719,0.73538,0.76745,0.78629,0.79708,0.788,0.76701,0.72993,0.68876,0.65372,0.62895,0.5946,0.56789,0.56519
0,0.15177,0.29991,0.42081,0.50955,0.57498,0.61784,0.66069,0.69134,0.70999,0.72419,0.72783,0.72466,0.71827,0.71608,0.75097,0.80536,0.8139,0.76194,0.68627,0.61078
0,0.16625,0.31285,0.4344,0.54165,0.62629,0.69323,0.74477,0.78397,0.81236,0.82956,0.83385,0.82664,0.82129,0.85282,0.9218,0.93286,0.89156,0.82001,0.72579,0.66498
0,0.19826,0.37788,0.53709,0.67559,0.7868,0.86972,0.92534,0.95586,0.98089,0.99999,1.0188,1.0295,1.0342,1.0513,1.0763,1.0684,1.0057,0.92606,0.8539,0.78373
0,0.1489,0.28952,0.41026,0.52919,0.63255,0.72057,0.79788,0.85956,0.90264,0.93845,0.95604,0.95097,0.92824,0.88991,0.84078,0.78747,0.73723,0.67462,0.62952,0.60311
0,0.1046,0.20758,0.30819,0.39404,0.45989,0.51134,0.54912,0.57391,0.59367,0.6053,0.61076,0.60882,0.59712,0.58076,0.56841,0.56456,0.5619,0.5571,0.56715,0.56976
0,0.19278,0.37229,0.51239,0.61502,0.69487,0.76138,0.80949,0.84026,0.84964,0.8419,0.82635,0.8116,0.78211,0.75687,0.78691,0.83439,0.8538,0.8187,0.73994,0.65321
0,0.17685,0.32851,0.45123,0.54847,0.62024,0.68351,0.73299,0.77229,0.80251,0.81823,0.82093,0.80756,0.79079,0.81117,0.8668,0.93966,0.95632,0.88539,0.76223,0.64782
0,0.22083,0.43229,0.62206,0.78008,0.91265,1.0044,1.0685,1.1123,1.1417,1.1623,1.1743,1.1692,1.1375,1.1347,1.1644,1.1289,1.0353,0.92925,0.8288,0.73782
0,0.1284,0.24024,0.36225,0.48056,0.57314,0.63636,0.68354,0.71473,0.73814,0.7569,0.76359,0.7562,0.73763,0.69135,0.61819,0.56497,0.54256,0.55047,0.55218,0.54127
0,0.15474,0.29959,0.43614,0.54534,0.61512,0.6532,0.6715,0.68107,0.68942,0.6972,0.70392,0.70683,0.70579,0.70861,0.72247,0.7286,0.7126,0.69125,0.66072,0.59557
0,0.12651,0.2457,0.36347,0.4596,0.52695,0.57161,0.60671,0.63575,0.65678,0.67676,0.68547,0.6849,0.68485,0.71046,0.77199,0.8516,0.86844,0.83788,0.78089,0.70443
0,0.15772,0.2938,0.4076,0.51191,0.60483,0.67546,0.73203,0.78024,0.81656,0.83983,0.84331,0.82759,0.81135,0.82589,0.88308,0.92449,0.90513,0.84092,0.74368,0.67689
0,0.23521,0.41952,0.56223,0.68165,0.76977,0.83201,0.87835,0.91357,0.93754,0.95236,0.94688,0.92425,0.89246,0.88153,0.9144,0.90599,0.86186,0.81555,0.77483,0.77477
0,0.10591,0.20749,0.30006,0.38503,0.46674,0.5297,0.58519,0.62466,0.65631,0.67818,0.68362,0.67109,0.65128,0.61483,0.56957,0.53014,0.50084,0.48878,0.49165,0.48869
0,0.12094,0.24084,0.34791,0.43546,0.50379,0.54598,0.57498,0.59467,0.60875,0.61808,0.62273,0.62214,0.61949,0.62283,0.63505,0.6449,0.64836,0.64396,0.63001,0.57313
0,0.11193,0.22944,0.3372,0.42373,0.48399,0.52827,0.56467,0.59557,0.6176,0.63212,0.63798,0.62942,0.62136,0.64836,0.73642,0.80073,0.79694,0.74449,0.6733,0.61653
0,0.16947,0.31663,0.43934,0.54139,0.6206,0.68592,0.74898,0.80099,0.84402,0.8704,0.86662,0.83598,0.8079,0.82354,0.86953,0.86931,0.81864,0.72645,0.65991,0.66583
0,0.19761,0.38289,0.5453,0.67431,0.76741,0.84214,0.90645,0.94237,0.96563,0.97704,0.9711,0.949,0.90569,0.87762,0.8747,0.85216,0.81438,0.81435,0.81438,0.79898
0,0.13605,0.26102,0.37706,0.47346,0.54611,0.60233,0.64822,0.68379,0.70662,0.72289,0.72891,0.72046,0.69547,0.64978,0.58577,0.53993,0.52049,0.53743,0.56892,0.6375
0,0.11381,0.21999,0.31487,0.38775,0.44283,0.48013,0.50831,0.52844,0.54441,0.55674,0.56166,0.5603,0.55725,0.56034,0.57718,0.60437,0.6057,0.592,0.56333,0.52515
0,0.1102,0.22223,0.34309,0.46671,0.57537,0.65104,0.71473,0.7615,0.79551,0.82487,0.83142,0.81551,0.81926,0.86356,0.91655,0.92117,0.8636,0.79443,0.71389,0.65683
0,0.18022,0.3419,0.47874,0.58498,0.65509,0.70883,0.75354,0.7923,0.8259,0.8488,0.85528,0.84057,0.81403,0.81394,0.87018,0.87508,0.81539,0.74053,0.66164,0.65855
0,0.2427,0.49201,0.70733,0.8611,0.97072,1.0418,1.0896,1.1162,1.1239,1.1151,1.092,1.0596,1.0387,1.0304,1.0024,0.93832,0.86481,0.8065,0.77217,0.72569
0,0.091858,0.1725,0.25478,0.33346,0.39986,0.45891,0.50332,0.53765,0.56609,0.58687,0.59145,0.5856,0.56794,0.5379,0.52551,0.55679,0.58397,0.589,0.58312,0.56996
0,0.15449,0.29529,0.42024,0.52254,0.60719,0.67441,0.73452,0.78763,0.8254,0.84833,0.85578,0.84169,0.81413,0.77426,0.73167,0.69355,0.66195,0.62208,0.58595,0.57553
0,0.12167,0.237,0.34176,0.43499,0.50632,0.55667,0.59415,0.62417,0.64764,0.6654,0.68023,0.68949,0.69431,0.69757,0.69426,0.6858,0.68112,0.66222,0.61549,0.56142
0,0.14763,0.283,0.40445,0.5117,0.59505,0.65589,0.69788,0.72593,0.74585,0.75942,0.76391,0.75972,0.75919,0.79344,0.87302,0.90454,0.87631,0.82717,0.75992,0.68094
0,0.16359,0.32096,0.46455,0.58012,0.66404,0.72712,0.77723,0.81546,0.84586,0.86953,0.89005,0.90305,0.91596,0.95822,1.0484,1.0807,1.0156,0.93272,0.86129,0.77052
0,0.10491,0.20712,0.30499,0.39881,0.48824,0.56541,0.63182,0.68523,0.72503,0.7517,0.76208,0.75157,0.72427,0.68282,0.66022,0.67695,0.6849,0.67339,0.62969,0.58874
0,0.1303,0.25823,0.36905,0.46278,0.53902,0.59352,0.63707,0.66949,0.69381,0.70768,0.71163,0.70267,0.68248,0.65761,0.63027,0.61363,0.60284,0.59031,0.57978,0.55853
0,0.13335,0.26166,0.37866,0.48489,0.56693,0.62008,0.65835,0.69296,0.72019,0.73457,0.73776,0.73239,0.72435,0.72639,0.73487,0.7496,0.73275,0.68165,0.6196,0.55323
0,0.14006,0.27625,0.39636,0.49145,0.56825,0.62403,0.66345,0.69648,0.72006,0.7336,0.73482,0.72081,0.71286,0.74063,0.81134,0.88025,0.89076,0.83666,0.74978,0.6599
0,0.19314,0.38088,0.54074,0.66126,0.74259,0.79924,0.84483,0.88298,0.91303,0.93827,0.95372,0.95149,0.93877,0.95265,1.0179,1.0319,0.9502,0.87466,0.79967,0.72876
0,0.09564,0.19659,0.28544,0.36241,0.42672,0.4803,0.52429,0.55678,0.5871,0.60861,0.61611,0.61241,0.60274,0.58264,0.56286,0.55569,0.55771,0.55625,0.56348,0.56048
0,0.16148,0.32543,0.45248,0.54114,0.59236,0.62382,0.64604,0.65973,0.67148,0.68004,0.68455,0.68615,0.6815,0.67249,0.66118,0.66103,0.66045,0.65921,0.65287,0.62052
0,0.10565,0.21123,0.31766,0.41374,0.48475,0.53489,0.56789,0.59442,0.6178,0.63654,0.64409,0.64405,0.64326,0.65651,0.67429,0.68235,0.6891,0.68226,0.66279,0.63107
0,0.126,0.24396,0.35496,0.46047,0.55491,0.62865,0.68083,0.72288,0.76143,0.78995,0.79958,0.78705,0.77634,0.79389,0.8547,0.90195,0.8825,0.83332,0.76092,0.70395
0,0.20601,0.37286,0.51495,0.63066,0.7107,0.76981,0.82086,0.85753,0.87971,0.89079,0.89385,0.87955,0.85349,0.83308,0.87023,0.88956,0.83024,0.73844,0.69753,0.68098
0,0.08765,0.17326,0.25297,0.31781,0.3742,0.43107,0.48529,0.52939,0.56832,0.59416,0.60083,0.59379,0.58487,0.57153,0.55502,0.54063,0.53308,0.52801,0.52655,0.50683
0,0.14507,0.27362,0.38487,0.47616,0.54109,0.58915,0.62646,0.65448,0.67432,0.68601,0.69204,0.69585,0.69324,0.67789,0.66805,0.66534,0.65928,0.65146,0.63999,0.59816
0,0.1051,0.21235,0.3043,0.38595,0.45025,0.5009,0.54456,0.58556,0.62088,0.6431,0.64912,0.64904,0.64468,0.66064,0.69174,0.68018,0.66569,0.65624,0.64295,0.62534
0,0.13929,0.26482,0.38025,0.47901,0.56168,0.62948,0.68604,0.73467,0.775,0.80173,0.80504,0.78798,0.77254,0.79598,0.84316,0.8481,0.79812,0.73902,0.7023,0.68906
0,0.17042,0.33872,0.4921,0.63454,0.74846,0.83247,0.89286,0.93585,0.96542,0.98311,0.98728,0.97197,0.93529,0.91581,0.9223,0.89177,0.83157,0.80326,0.78812,0.74617
0,0.075356,0.15608,0.24989,0.33665,0.41825,0.48175,0.52413,0.55523,0.5777,0.59394,0.59938,0.59274,0.57444,0.55034,0.53193,0.54518,0.55896,0.56111,0.5764,0.58579
0,0.15794,0.28633,0.38123,0.44303,0.48218,0.51042,0.53309,0.55061,0.56138,0.56674,0.56747,0.56917,0.57003,0.57205,0.59149,0.62043,0.62631,0.62867,0.57343,0.53486
0,0.11074,0.22337,0.33227,0.43106,0.51662,0.5872,0.64854,0.69743,0.73391,0.75896,0.77151,0.77366,0.77232,0.78298,0.80601,0.80073,0.75127,0.71456,0.66831,0.62166
0,0.16137,0.30965,0.44701,0.55701,0.64108,0.69175,0.72754,0.75146,0.7686,0.78428,0.79619,0.79138,0.77267,0.77482,0.81656,0.8318,0.77954,0.73285,0.6852,0.67589
0,0.20528,0.40925,0.57693,0.71744,0.8249,0.90637,0.96815,1.0127,1.0414,1.0513,1.0449,1.0192,0.98145,0.96621,0.9603,0.91232,0.8369,0.78824,0.7786,0.74794
0,0.12851,0.2482,0.36667,0.47481,0.57671,0.67168,0.75742,0.82367,0.86922,0.89899,0.91284,0.91575,0.90597,0.87522,0.81406,0.76223,0.75397,0.7694,0.77182,0.7233
0,0.12671,0.251,0.36086,0.45763,0.54605,0.62226,0.67681,0.714,0.74345,0.76461,0.7785,0.78627,0.77942,0.75882,0.74225,0.73299,0.7263,0.70972,0.68639,0.65116
0,0.16885,0.35944,0.5522,0.72649,0.87327,0.99578,1.0794,1.1344,1.1656,1.1831,1.1917,1.194,1.1943,1.2067,1.2071,1.187,1.1485,1.1011,1.0359,0.91989
0,0.17017,0.35175,0.54955,0.73578,0.90035,1.0102,1.0792,1.122,1.1548,1.1822,1.2015,1.2135,1.215,1.1953,1.1461,1.0948,1.0462,0.99802,0.94765,0.86129
0,0.17285,0.38525,0.62425,0.88186,1.1016,1.2585,1.3595,1.4311,1.4794,1.5163,1.5394,1.5386,1.5177,1.4733,1.4006,1.2684,1.106,0.96686,0.82732,0.67338
0,0.091621,0.17747,0.26961,0.35273,0.42791,0.50398,0.58187,0.65082,0.71171,0.75394,0.78235,0.79202,0.7734,0.73523,0.69868,0.68434,0.68476,0.68958,0.69725,0.67842
0,0.11276,0.21684,0.32046,0.41972,0.50988,0.58147,0.62855,0.65592,0.67455,0.6863,0.69517,0.70153,0.70513,0.70284,0.70293,0.69844,0.69414,0.68566,0.65547,0.58471
0,0.16129,0.31091,0.44384,0.57938,0.69103,0.7847,0.86274,0.91811,0.95175,0.97177,0.98245,0.98941,0.98369,0.96441,0.92758,0.88984,0.85089,0.79439,0.72464,0.6005
0,0.17212,0.34299,0.51427,0.67643,0.8091,0.915,0.97848,1.0198,1.053,1.0847,1.1069,1.1088,1.0945,1.0614,1.0256,1.0074,1.002,0.97154,0.89824,0.79868
0,0.196,0.40594,0.64329,0.87649,1.0955,1.2613,1.3749,1.4558,1.5108,1.5549,1.5845,1.5845,1.563,1.522,1.4659,1.3309,1.1332,0.97896,0.82541,0.65573
0,0.11864,0.22988,0.33877,0.44586,0.55536,0.65225,0.72759,0.77443,0.80023,0.8203,0.83171,0.83605,0.83299,0.82062,0.78533,0.74066,0.7149,0.70316,0.70007,0.67111
0,0.11067,0.21986,0.31767,0.40342,0.46744,0.51133,0.54397,0.56446,0.5776,0.58676,0.59562,0.60101,0.60888,0.6171,0.62657,0.6483,0.67588,0.68775,0.67725,0.60981
0,0.15464,0.31848,0.47588,0.61409,0.72469,0.81391,0.87948,0.9291,0.96449,0.98683,0.99552,0.99657,0.99078,0.98093,0.97877,0.96467,0.93289,0.89018,0.85448,0.76322
0,0.17046,0.37129,0.5891,0.79113,0.94047,1.0327,1.088,1.1234,1.1476,1.1666,1.18,1.1785,1.1674,1.1392,1.0888,1.0304,0.98826,0.96542,0.9446,0.84272
0,0.20134,0.42705,0.6613,0.878,1.0484,1.1897,1.3017,1.3909,1.4551,1.4915,1.4995,1.4792,1.4434,1.3926,1.3019,1.1584,1.0108,0.89366,0.78694,0.69998
0,0.098998,0.19354,0.28085,0.35699,0.42525,0.48796,0.56159,0.61793,0.66505,0.69641,0.71364,0.71855,0.71008,0.68971,0.66889,0.64528,0.62631,0.62884,0.65174,0.64388
0,0.11287,0.21801,0.31455,0.40353,0.47444,0.526,0.56703,0.59836,0.62072,0.63776,0.64906,0.65584,0.65621,0.65256,0.65119,0.65149,0.66065,0.69045,0.69611,0.65446
0,0.15847,0.32263,0.48121,0.62668,0.74047,0.82437,0.88158,0.9274,0.95977,0.97863,0.98963,0.9928,0.98617,0.9698,0.94395,0.90709,0.86038,0.81455,0.76222,0.67631
0,0.18841,0.4255,0.66825,0.90278,1.0785,1.1975,1.247,1.259,1.2717,1.2868,1.2986,1.2971,1.282,1.2635,1.2335,1.1786,1.1134,1.061,0.99604,0.89139
0,0.16628,0.35626,0.56075,0.76978,0.9524,1.1177,1.2434,1.3345,1.3992,1.4467,1.4687,1.4507,1.4021,1.3321,1.2254,1.076,0.9225,0.81141,0.72609,0.62098
0,0.10274,0.19111,0.27356,0.35333,0.42548,0.50056,0.57492,0.63243,0.66949,0.69211,0.70237,0.69857,0.68125,0.6487,0.59822,0.56282,0.57935,0.61,0.63932,0.64624
0,0.10924,0.21626,0.31787,0.40511,0.47184,0.52323,0.5563,0.58047,0.59898,0.61104,0.61537,0.61394,0.60857,0.59779,0.57156,0.58124,0.64335,0.68186,0.67976,0.60618
0,0.13396,0.27144,0.40699,0.52688,0.63267,0.72786,0.81495,0.8852,0.93818,0.97084,0.98483,0.98657,0.97381,0.94722,0.93163,0.92043,0.88288,0.83666,0.79192,0.71552
0,0.25849,0.56229,0.83593,1.0563,1.2198,1.3228,1.3801,1.4012,1.4014,1.4043,1.4118,1.4132,1.4044,1.3819,1.3495,1.308,1.2829,1.2124,1.0995,0.96326
0,0.14432,0.3042,0.47784,0.67784,0.87271,1.0406,1.1949,1.3193,1.414,1.479,1.504,1.4791,1.4195,1.3366,1.2264,1.1023,0.94386,0.84998,0.77906,0.66042
0,0.11551,0.23528,0.37267,0.51147,0.64953,0.771,0.85531,0.91466,0.95586,0.9795,0.98675,0.98609,0.97513,0.95389,0.90309,0.84144,0.80335,0.80386,0.78838,0.74207
0,0.14939,0.28169,0.39421,0.49523,0.57758,0.64934,0.70709,0.75852,0.79907,0.82801,0.84658,0.85573,0.85063,0.83311,0.82635,0.80687,0.77262,0.73889,0.71798,0.71496
0,0.16344,0.32612,0.48057,0.61488,0.72062,0.80607,0.86855,0.91067,0.93504,0.95022,0.9607,0.96706,0.96759,0.96896,0.97249,0.9708,0.95193,0.91922,0.85482,0.74651
0,0.16106,0.33439,0.51897,0.70392,0.86535,0.99188,1.0807,1.1386,1.1757,1.2045,1.2276,1.2374,1.2401,1.2354,1.2176,1.1663,1.0426,0.93803,0.83783,0.71986
0,0.17854,0.38608,0.62256,0.85653,1.0506,1.2004,1.3014,1.359,1.3964,1.4239,1.444,1.4489,1.441,1.4279,1.3803,1.2689,1.1352,1.037,0.93168,0.79967
0,0.11036,0.21618,0.31456,0.40202,0.4813,0.55985,0.64018,0.70547,0.75109,0.78415,0.80261,0.8073,0.78749,0.74199,0.69074,0.64501,0.63027,0.62412,0.58207,0.55454
0,0.1322,0.25351,0.36506,0.45883,0.54334,0.62224,0.69046,0.74427,0.77845,0.79833,0.81088,0.82338,0.83234,0.83431,0.83911,0.8312,0.81362,0.79175,0.77055,0.72024
0,0.13911,0.27161,0.3941,0.51281,0.61225,0.68926,0.75263,0.79178,0.81574,0.83659,0.85381,0.85832,0.85765,0.84654,0.81871,0.7943,0.78023,0.75093,0.69314,0.6038
0,0.18309,0.35898,0.52805,0.69412,0.83464,0.94382,1.0392,1.1101,1.1546,1.1855,1.2041,1.2091,1.2024,1.1762,1.1276,1.0721,0.9892,0.89277,0.76755,0.63948
0,0.20139,0.41355,0.6487,0.87706,1.0696,1.2071,1.297,1.3586,1.3979,1.4263,1.4404,1.4406,1.4251,1.4,1.3596,1.2529,1.1002,0.9842,0.86339,0.73729
0,0.11196,0.2348,0.34819,0.45689,0.56654,0.6802,0.76237,0.8118,0.83944,0.85347,0.86084,0.86404,0.86282,0.8498,0.82206,0.7778,0.73245,0.70782,0.68313,0.64642
0,0.1177,0.23218,0.35356,0.47622,0.58324,0.65598,0.70247,0.73075,0.74924,0.76231,0.77096,0.77637,0.77957,0.77778,0.76542,0.73555,0.71888,0.71651,0.69691,0.6241
0,0.14538,0.2862,0.41768,0.52926,0.60747,0.6683,0.7162,0.75468,0.78187,0.79886,0.8095,0.8116,0.80501,0.78629,0.77627,0.78702,0.7756,0.75562,0.71572,0.64082
0,0.14738,0.31969,0.51566,0.70856,0.86156,0.97761,1.061,1.1148,1.1506,1.1747,1.1851,1.1803,1.166,1.1511,1.1397,1.1031,1.0087,0.91806,0.81947,0.68609
0,0.21781,0.43966,0.65013,0.83973,0.98484,1.0974,1.1813,1.2475,1.2863,1.299,1.3025,1.2917,1.2742,1.2527,1.2013,1.076,0.93663,0.82736,0.75872,0.72228
0,0.098094,0.19255,0.28827,0.38198,0.45933,0.52821,0.58412,0.64681,0.69353,0.72291,0.73672,0.74033,0.73804,0.72185,0.69973,0.67322,0.63724,0.61356,0.59743,0.58513
0,0.11865,0.23122,0.33859,0.44023,0.52957,0.60399,0.65827,0.69791,0.7237,0.74247,0.75668,0.76702,0.77579,0.78498,0.78942,0.76803,0.74946,0.73443,0.73054,0.70033
0,0.12512,0.25294,0.37962,0.49181,0.58284,0.64673,0.69277,0.72626,0.75398,0.77464,0.78768,0.78835,0.7789,0.75944,0.74011,0.72126,0.69677,0.67915,0.64352,0.59164
0,0.16848,0.36775,0.58186,0.7885,0.96052,1.0829,1.1556,1.2011,1.229,1.2444,1.2513,1.2437,1.226,1.2188,1.2264,1.1902,1.0645,0.94951,0.84825,0.72865
0,0.16189,0.34967,0.56016,0.7714,0.94411,1.081,1.1865,1.2573,1.3028,1.3289,1.3407,1.3332,1.3116,1.2728,1.1947,1.054,0.91194,0.84045,0.78008,0.69598
0,0.14427,0.2942,0.42164,0.50917,0.57238,0.62367,0.67073,0.71108,0.73336,0.74615,0.7522,0.75384,0.74464,0.72939,0.7107,0.67242,0.63832,0.62353,0.6248,0.61475
0,0.12224,0.24486,0.36443,0.48567,0.59337,0.68357,0.7414,0.77611,0.7952,0.80613,0.80986,0.80985,0.80629,0.79869,0.78102,0.74375,0.73532,0.7363,0.725,0.65491
0,0.11924,0.23958,0.36561,0.47618,0.5673,0.64542,0.71387,0.77211,0.81732,0.84704,0.8626,0.86589,0.85759,0.84215,0.83016,0.83132,0.81883,0.78657,0.74448,0.67183
0,0.23238,0.50878,0.77711,0.9856,1.129,1.2142,1.2594,1.2891,1.3059,1.3138,1.3144,1.3045,1.288,1.2541,1.2095,1.1485,1.0361,0.94287,0.84716,0.7142
0,0.15296,0.32002,0.51295,0.71312,0.88367,1.0303,1.1516,1.2371,1.2999,1.3452,1.3661,1.3597,1.3271,1.2712,1.1825,1.0687,0.94593,0.85442,0.79955,0.7263
0,0.13088,0.26298,0.40613,0.55771,0.68879,0.79078,0.86866,0.92376,0.96142,0.98706,1.0014,1.0076,1.0048,0.98549,0.94542,0.87434,0.84369,0.83431,0.81238,0.75571
0,0.16058,0.30109,0.41469,0.50703,0.57734,0.63027,0.66849,0.70044,0.7255,0.74771,0.76513,0.77013,0.76638,0.76829,0.77377,0.77468,0.77978,0.76033,0.73423,0.68235
0,0.14425,0.28029,0.41342,0.53966,0.65128,0.74331,0.81055,0.85371,0.87802,0.89167,0.90151,0.90949,0.91667,0.92205,0.91925,0.90526,0.89149,0.8701,0.81028,0.71035
0,0.18326,0.3725,0.56328,0.74371,0.89629,1.0121,1.0886,1.1409,1.1761,1.1986,1.2146,1.2146,1.2035,1.1863,1.181,1.1743,1.1135,1.031,0.92597,0.79517
0,0.20385,0.42105,0.69567,0.96807,1.1703,1.3159,1.4166,1.482,1.5213,1.5489,1.5739,1.593,1.5877,1.5581,1.5087,1.4355,1.3264,1.1879,1.0687,0.92742
0,0.13359,0.25876,0.35875,0.45006,0.5295,0.60855,0.68742,0.76313,0.82466,0.86351,0.88344,0.89085,0.86498,0.81097,0.75404,0.74231,0.75701,0.75647,0.70736,0.64735
0,0.13084,0.24326,0.34342,0.43412,0.50935,0.56133,0.59835,0.62362,0.64337,0.65732,0.66552,0.66791,0.66448,0.66423,0.67152,0.6787,0.67325,0.66786,0.6622,0.6282
0,0.11214,0.22875,0.34859,0.46154,0.56336,0.6524,0.72047,0.76928,0.80619,0.8308,0.84697,0.85855,0.86268,0.84426,0.81501,0.78959,0.77409,0.74777,0.69889,0.61071
0,0.19695,0.36974,0.53363,0.68434,0.79811,0.88693,0.95982,1.014,1.0541,1.0799,1.092,1.091,1.0795,1.0726,1.0651,1.0612,1.0276,0.9459,0.81059,0.67716
0,0.19065,0.41171,0.68257,0.99058,1.2348,1.4127,1.5315,1.6157,1.6708,1.7061,1.7363,1.7472,1.733,1.7066,1.677,1.6416,1.5801,1.4364,1.2505,1.057
0,0.11508,0.23148,0.36125,0.48722,0.59905,0.70098,0.78526,0.84897,0.88442,0.9079,0.92275,0.93277,0.93627,0.92397,0.90792,0.86784,0.82889,0.80331,0.77042,0.71748
0,0.11447,0.22815,0.33254,0.42303,0.48857,0.5243,0.54476,0.55875,0.57028,0.58147,0.59132,0.59693,0.60007,0.60889,0.62463,0.63527,0.64823,0.65017,0.63557,0.57795
0,0.12658,0.24995,0.37343,0.48243,0.5692,0.63915,0.697,0.74294,0.7766,0.79764,0.81076,0.81695,0.8156,0.796,0.77953,0.77428,0.76729,0.75313,0.72214,0.64435
0,0.17631,0.35747,0.53283,0.70158,0.85081,0.9612,1.0444,1.0987,1.1368,1.1609,1.1749,1.1734,1.1595,1.143,1.1265,1.0979,1.0519,0.979,0.88328,0.7713
0,0.31615,0.68249,1.0512,1.3407,1.5374,1.6575,1.7254,1.7632,1.7824,1.7878,1.7889,1.7824,1.762,1.7479,1.7343,1.6764,1.6154,1.4788,1.3307,1.1506
0,0.11104,0.221,0.31861,0.41082,0.49387,0.56238,0.64274,0.71569,0.76984,0.80042,0.81916,0.82681,0.81658,0.80404,0.79359,0.76271,0.72748,0.69114,0.67678,0.65115
0,0.12283,0.24035,0.3435,0.43966,0.52131,0.57963,0.61749,0.63966,0.65141,0.6606,0.66641,0.67341,0.67837,0.68829,0.69886,0.69512,0.68851,0.68697,0.67656,0.63953
0,0.11357,0.22867,0.34613,0.45924,0.5569,0.62987,0.68454,0.72622,0.75985,0.78792,0.80517,0.81061,0.80818,0.78886,0.76139,0.73431,0.70926,0.68778,0.66652,0.62356
0,0.18864,0.37181,0.55616,0.73098,0.87922,0.98705,1.0586,1.1028,1.1355,1.1575,1.1672,1.1625,1.1475,1.1317,1.1192,1.1005,1.0314,0.92544,0.81913,0.70486
0,0.17246,0.35095,0.55157,0.77537,0.98884,1.1624,1.3009,1.3928,1.4616,1.5077,1.5355,1.5406,1.5168,1.4543,1.3614,1.2531,1.106,0.99473,0.91976,0.82551
0,0.18862,0.35675,0.4724,0.56606,0.645,0.72427,0.78823,0.83139,0.8524,0.86314,0.86989,0.86848,0.86143,0.85436,0.83294,0.78542,0.75299,0.73021,0.70603,0.64965
0,0.11483,0.22074,0.31994,0.39463,0.44868,0.48378,0.50628,0.52408,0.53787,0.54871,0.55549,0.55743,0.55703,0.55659,0.56329,0.57493,0.60238,0.63956,0.63151,0.56949
0,0.12194,0.23415,0.34157,0.44321,0.534,0.62329,0.70921,0.78112,0.83784,0.8789,0.90113,0.90555,0.89129,0.85951,0.83732,0.82233,0.81535,0.7864,0.76202,0.6955
0,0.23023,0.45953,0.6697,0.83313,0.94191,1.0136,1.0639,1.0999,1.1256,1.1416,1.1521,1.1509,1.135,1.0994,1.0482,0.98904,0.90539,0.8256,0.744,0.65007
0,0.16002,0.34898,0.5758,0.82011,1.0471,1.2207,1.3539,1.4567,1.5322,1.5846,1.6127,1.6146,1.5765,1.5027,1.4114,1.3174,1.1778,1.0698,0.99976,0.8984
0,0.16093,0.30748,0.44252,0.57423,0.69287,0.78565,0.85179,0.90466,0.94333,0.96694,0.97992,0.97816,0.95605,0.92398,0.87731,0.83193,0.80586,0.80195,0.79106,0.74851
0,0.14317,0.27581,0.4016,0.52343,0.61869,0.68749,0.74444,0.78589,0.81545,0.83878,0.8535,0.86081,0.86194,0.86419,0.85753,0.8429,0.81774,0.79338,0.75817,0.705
0,0.15551,0.30769,0.46507,0.61653,0.74776,0.84791,0.91104,0.94767,0.9737,0.99306,1.0097,1.0196,1.0153,0.99802,0.9941,0.98905,0.94629,0.89817,0.80525,0.6843
0,0.17995,0.36046,0.53646,0.70684,0.85311,0.96623,1.0539,1.1155,1.1635,1.202,1.2329,1.2479,1.2428,1.2258,1.2011,1.1672,1.0695,0.96575,0.85012,0.72963
0,0.18928,0.41838,0.66799,0.8887,1.0555,1.1767,1.2747,1.3441,1.3934,1.4228,1.4341,1.4255,1.4013,1.3705,1.3294,1.2706,1.1614,1.0773,1.0006,0.87399
0,0.12057,0.24132,0.35343,0.4444,0.53128,0.60079,0.66644,0.72202,0.77184,0.81093,0.83571,0.84324,0.82919,0.79462,0.73626,0.68715,0.68153,0.69497,0.70186,0.69892
0,0.12858,0.24856,0.36072,0.47534,0.58494,0.67214,0.73587,0.77546,0.79754,0.80879,0.8152,0.81702,0.81831,0.82487,0.827,0.82502,0.82371,0.81286,0.80524,0.77028
0,0.13092,0.27343,0.41977,0.5913,0.74734,0.84097,0.89443,0.93346,0.96978,0.99851,1.0198,1.0283,1.0216,0.99495,0.97379,0.96927,0.99037,0.99123,0.92182,0.75269
0,0.16813,0.33897,0.50137,0.64351,0.76352,0.85439,0.91849,0.97058,1.0175,1.0655,1.1049,1.1203,1.108,1.0982,1.0926,1.0674,1.0088,0.92513,0.81094,0.69572
0,0.22128,0.46151,0.71905,0.96553,1.1656,1.3156,1.4263,1.5023,1.5578,1.5981,1.6232,1.6215,1.5933,1.5571,1.5288,1.4593,1.3545,1.2449,1.1245,0.97687
0,0.13675,0.27373,0.40893,0.53661,0.64345,0.73592,0.81388,0.86374,0.89317,0.90988,0.92021,0.92496,0.92585,0.91151,0.87005,0.81721,0.77598,0.76053,0.74617,0.69694
0,0.12029,0.25449,0.39578,0.52905,0.62882,0.7005,0.74646,0.76498,0.77116,0.77592,0.78265,0.79738,0.81975,0.84515,0.85775,0.84871,0.82237,0.77992,0.72648,0.62252
0,0.12816,0.2614,0.3912,0.51466,0.62126,0.71006,0.78484,0.83374,0.86422,0.88514,0.90103,0.90915,0.90226,0.87277,0.842,0.83302,0.82507,0.80082,0.74609,0.66239
0,0.17575,0.35502,0.52596,0.69341,0.84165,0.96407,1.0607,1.1347,1.187,1.2261,1.2536,1.2624,1.2494,1.2283,1.2073,1.1928,1.1319,1.011,0.86964,0.7269
0,0.26367,0.55158,0.80472,1.0145,1.169,1.2821,1.3597,1.4169,1.4592,1.4855,1.4911,1.4797,1.4536,1.4143,1.3853,1.3268,1.2474,1.1731,1.0573,0.91282
0,0.12192,0.22472,0.32467,0.41739,0.49867,0.56064,0.61789,0.67397,0.71293,0.73441,0.74501,0.74451,0.73535,0.71651,0.67682,0.6277,0.58625,0.57521,0.57573,0.5724
0,0.13273,0.26171,0.38193,0.49775,0.60166,0.67674,0.72603,0.75589,0.77198,0.78136,0.78726,0.79343,0.79949,0.80806,0.81345,0.81252,0.80058,0.78227,0.7571,0.6976
0,0.1226,0.2514,0.37738,0.50408,0.61645,0.69512,0.74613,0.77964,0.80998,0.83543,0.85406,0.8587,0.85637,0.84068,0.82459,0.7877,0.74491,0.72876,0.67654,0.60726
0,0.17633,0.35822,0.54125,0.71372,0.85961,0.96946,1.0504,1.1034,1.1452,1.1843,1.2129,1.222,1.2088,1.189,1.1801,1.1682,1.0722,0.94813,0.82365,0.69204
0,0.18493,0.37626,0.57287,0.76375,0.92973,1.0602,1.1683,1.2587,1.3291,1.3715,1.3825,1.3657,1.3259,1.253,1.1645,1.0713,0.965,0.90044,0.83999,0.74034
0,0.15448,0.27868,0.3889,0.48817,0.56826,0.63418,0.68801,0.7265,0.75481,0.77186,0.78135,0.78054,0.76112,0.72694,0.68961,0.6314,0.59746,0.57732,0.62484,0.65269
0,0.12226,0.25578,0.3942,0.52305,0.62653,0.69931,0.74578,0.76589,0.77632,0.78388,0.79127,0.79953,0.81054,0.82781,0.83543,0.81454,0.78535,0.7434,0.68545,0.58426
0,0.12765,0.25269,0.36692,0.48161,0.59343,0.69534,0.78627,0.85064,0.8934,0.92416,0.94469,0.9485,0.93645,0.91645,0.90173,0.88925,0.84477,0.7861,0.72302,0.65029
0,0.18227,0.37434,0.56653,0.74257,0.87114,0.9546,1.0104,1.0553,1.0902,1.1154,1.132,1.1279,1.1017,1.0567,1.0158,0.97116,0.89868,0.78879,0.69066,0.62697
0,0.17209,0.36455,0.57665,0.79897,1.004,1.1899,1.3237,1.4117,1.4601,1.4982,1.5106,1.4869,1.4329,1.3616,1.2791,1.1881,1.0887,1.001,0.9155,0.7941
0,0.12388,0.256,0.38294,0.49925,0.60818,0.70461,0.79477,0.86356,0.90863,0.93982,0.95592,0.96537,0.96248,0.94352,0.90603,0.8545,0.84025,0.84713,0.83298,0.77618
0,0.11933,0.24047,0.36568,0.49236,0.60614,0.70265,0.76651,0.81381,0.85326,0.89343,0.92592,0.93839,0.92657,0.89833,0.86466,0.81112,0.77431,0.74701,0.71271,0.67098
0,0.14319,0.27987,0.41024,0.53409,0.63987,0.72584,0.7875,0.82624,0.84886,0.86512,0.87958,0.89173,0.89555,0.89596,0.90056,0.89783,0.87581,0.85914,0.81148,0.70929
0,0.15638,0.31603,0.47503,0.6265,0.75019,0.84993,0.92839,0.98282,1.0181,1.0443,1.0623,1.0633,1.0514,1.028,1.0153,1.0054,0.97266,0.91624,0.85196,0.74817
0,0.18175,0.37204,0.56956,0.76013,0.91451,1.0313,1.1214,1.1816,1.2132,1.2326,1.2451,1.2473,1.2382,1.2247,1.2088,1.1697,1.117,1.0619,0.99224,0.88432
0,0.10421,0.20092,0.29873,0.38414,0.4643,0.54625,0.63144,0.70865,0.77771,0.83279,0.864,0.872,0.8421,0.78893,0.75161,0.74998,0.76978,0.78105,0.76361,0.7268
0,0.14075,0.27779,0.39405,0.51085,0.62032,0.70789,0.77391,0.81604,0.84057,0.85511,0.86837,0.87833,0.88604,0.88716,0.87296,0.84866,0.82316,0.81171,0.79232,0.72945
0,0.11329,0.22644,0.33819,0.45013,0.54782,0.62649,0.69143,0.7437,0.78448,0.80897,0.82437,0.82998,0.81966,0.80138,0.78215,0.77422,0.76792,0.75005,0.7066,0.60826
0,0.14487,0.28088,0.41059,0.52591,0.62209,0.70625,0.77809,0.8332,0.8724,0.90407,0.92502,0.93226,0.92884,0.91307,0.91208,0.91113,0.88721,0.83558,0.74514,0.66655
0,0.2028,0.42315,0.64397,0.85507,1.0172,1.1269,1.199,1.2475,1.2813,1.307,1.3264,1.3321,1.3209,1.3011,1.2836,1.2722,1.2014,1.0956,0.98972,0.85965
0,0.10997,0.22451,0.33733,0.44859,0.55503,0.63827,0.70646,0.75962,0.79886,0.82899,0.84868,0.85661,0.85576,0.83955,0.80972,0.79051,0.77866,0.77694,0.76499,0.71947
0,0.13128,0.26087,0.39163,0.51964,0.61783,0.68259,0.72392,0.74342,0.75259,0.76091,0.76819,0.77606,0.78469,0.79227,0.79086,0.77521,0.75657,0.74562,0.71636,0.64065
0,0.1132,0.22012,0.32983,0.43498,0.52738,0.60236,0.65651,0.69514,0.72743,0.75036,0.76674,0.77711,0.77936,0.76463,0.75095,0.7461,0.74001,0.73009,0.70049,0.62937
0,0.16427,0.32548,0.47821,0.61213,0.7319,0.82688,0.90345,0.9653,1.0081,1.0373,1.0548,1.0497,1.0275,0.99579,0.96657,0.96317,0.93191,0.87489,0.80509,0.71006
0,0.21311,0.47635,0.71856,0.91039,1.0392,1.1328,1.1989,1.2491,1.2822,1.3002,1.306,1.2983,1.2744,1.2325,1.193,1.1666,1.1115,1.029,0.92064,0.80205
0,0.095186,0.18804,0.2856,0.37997,0.46685,0.53629,0.59703,0.66131,0.72207,0.76863,0.79462,0.8077,0.80385,0.78857,0.76419,0.72962,0.69552,0.67628,0.65725,0.62817
0,0.13869,0.27458,0.40297,0.52899,0.63115,0.70459,0.74696,0.76977,0.78399,0.79413,0.80236,0.81065,0.81672,0.82469,0.81674,0.80288,0.79394,0.79766,0.77092,0.69883
0,0.10798,0.21323,0.31564,0.41802,0.50692,0.57846,0.63188,0.67207,0.70317,0.7274,0.743,0.74672,0.74265,0.73767,0.72849,0.70386,0.68497,0.67004,0.64146,0.60486
0,0.16061,0.32641,0.48113,0.61341,0.7169,0.80066,0.87174,0.92575,0.9674,0.99866,1.0127,1.0054,0.98399,0.9591,0.95076,0.94756,0.91127,0.83693,0.75833,0.67412
0,0.18251,0.37289,0.57321,0.768,0.93171,1.0629,1.1669,1.2401,1.2899,1.319,1.3369,1.3416,1.3247,1.2823,1.2125,1.1055,0.99149,0.93746,0.88643,0.78838
0,0.16549,0.33145,0.454,0.54112,0.60976,0.68425,0.75346,0.80744,0.84748,0.87807,0.89129,0.89308,0.88351,0.86548,0.82824,0.79053,0.77715,0.7782,0.76992,0.72792
0,0.14558,0.31594,0.4917,0.62764,0.70209,0.72904,0.73595,0.74149,0.74872,0.75329,0.75677,0.75841,0.75758,0.7525,0.73542,0.70493,0.68584,0.65913,0.57626,0.5376
0,0.1148,0.22036,0.32431,0.42917,0.52588,0.62358,0.71317,0.78279,0.8379,0.87309,0.89012,0.8917,0.87888,0.86119,0.83114,0.81603,0.80632,0.77226,0.72554,0.67165
0,0.1792,0.36615,0.54186,0.6976,0.82215,0.91555,0.98316,1.0256,1.0525,1.0677,1.078,1.0823,1.0693,1.0256,0.95481,0.88202,0.8363,0.79016,0.74176,0.66982
0,0.16557,0.3503,0.55987,0.77774,0.96538,1.1077,1.2122,1.2907,1.3458,1.3775,1.3917,1.3817,1.3517,1.2955,1.2078,1.1016,1.0143,0.95301,0.88024,0.77946
0,0.0605,0.12699,0.18617,0.23979,0.28586,0.32467,0.3606,0.39513,0.43282,0.46439,0.4769,0.472,0.46411,0.45005,0.43465,0.424,0.41614,0.42904,0.44897,0.46173
