0,0.34057,0.67114,0.77011,0.7728,0.72267,0.63426,0.62692,0.67269,0.72897,0.79103,0.86354,0.9323,0.99111,1.0463,1.1308,1.2542,1.4279,1.5902,1.7453,1.8952
0,0.084096,0.1778,0.26685,0.3338,0.39017,0.43174,0.47141,0.50213,0.52934,0.54533,0.55872,0.57866,0.59694,0.61994,0.65677,0.70573,0.78486,0.89874,1.0351,1.1702
0,0.11379,0.23286,0.35739,0.49036,0.60153,0.68916,0.77553,0.82541,0.86129,0.89272,0.92591,0.94632,0.94489,0.94045,0.9246,0.90226,0.92786,0.99459,1.0829,1.1789
0,0.21315,0.408,0.59237,0.7247,0.81989,0.90742,0.98335,1.0368,1.0671,1.0827,1.0918,1.1016,1.12,1.126,1.1525,1.1927,1.2396,1.3311,1.4556,1.556
0,0.18388,0.34947,0.47095,0.58609,0.74529,0.95182,1.005,0.98223,0.97523,0.95445,0.937,0.91484,0.88075,0.85174,0.84878,0.87053,0.92363,1.0147,1.1413,1.2856
0,0.10545,0.20362,0.2959,0.38499,0.46688,0.53158,0.58044,0.61869,0.64416,0.66355,0.67529,0.68355,0.6905,0.69867,0.71092,0.73425,0.77595,0.83366,0.93526,1.104
0,0.15166,0.35314,0.5602,0.75826,0.91255,1.0027,1.0193,1.0327,1.0333,1.0029,0.98214,0.97523,0.99115,1.0233,1.0799,1.1497,1.244,1.3413,1.4301,1.508
0,0.16326,0.31804,0.44923,0.55908,0.64,0.6896,0.71998,0.74821,0.78098,0.83642,0.88156,0.91594,0.96809,1.0432,1.1306,1.2417,1.4039,1.5755,1.7103,1.8534
0,0.18616,0.35059,0.50295,0.62744,0.73048,0.81809,0.8895,0.9556,1.0202,1.0701,1.0902,1.0878,1.0762,1.0579,1.0292,1.0031,1.0079,1.0747,1.1964,1.3286
0,0.049827,0.096948,0.14223,0.18552,0.21618,0.24101,0.25238,0.26119,0.27092,0.28408,0.2905,0.29751,0.30476,0.32732,0.35081,0.37116,0.39331,0.44343,0.49991,0.55445
0,0.08801,0.19031,0.29758,0.40665,0.51099,0.57025,0.60611,0.62646,0.62639,0.60261,0.57898,0.56407,0.5612,0.57983,0.62141,0.68215,0.75356,0.82482,0.89072,0.9568
0,0.1122,0.21852,0.28738,0.34699,0.39959,0.42184,0.43139,0.44772,0.46602,0.48353,0.50209,0.51447,0.55052,0.6138,0.69368,0.76813,0.82938,0.89071,0.95178,1.0157
0,0.10641,0.20609,0.31603,0.41112,0.50108,0.57424,0.61208,0.62431,0.62981,0.62548,0.61851,0.61781,0.62879,0.65322,0.69318,0.75545,0.82688,0.91437,1.0146,1.125
0,0.22309,0.42497,0.62189,0.84122,1.0946,1.1805,1.1668,1.1235,1.0791,1.0669,1.0711,1.0733,1.0834,1.1166,1.1805,1.2723,1.386,1.5498,1.7153,1.8549
0,0.056633,0.11172,0.15961,0.20236,0.2396,0.26602,0.285,0.30076,0.3043,0.30757,0.30911,0.30875,0.31146,0.31482,0.33823,0.40586,0.54625,0.69562,0.84033,0.97031
0,0.17613,0.35766,0.49617,0.63498,0.78497,0.893,0.96413,1.0277,1.0861,1.1106,1.1298,1.1466,1.1552,1.1642,1.1701,1.1921,1.2255,1.2833,1.3607,1.438
0,0.23551,0.61643,0.88396,0.95921,0.97485,0.97702,1.0334,1.1354,1.2415,1.3516,1.4632,1.6058,1.7641,1.9461,2.136,2.3225,2.4663,2.5861,2.6462,2.68
0,0.2447,0.45135,0.52903,0.57236,0.614,0.63323,0.66275,0.69239,0.72174,0.75192,0.78767,0.83609,0.89424,0.96194,1.0377,1.1248,1.2355,1.3647,1.5059,1.6374
0,0.12154,0.23756,0.35753,0.49411,0.63644,0.65579,0.62332,0.59579,0.58106,0.57928,0.58055,0.58643,0.60032,0.61591,0.63837,0.67152,0.74085,0.85755,1.0162,1.1221
0,0.085436,0.17864,0.27078,0.3588,0.43624,0.4994,0.53062,0.55127,0.57097,0.57796,0.59332,0.61555,0.64225,0.69809,0.73993,0.78158,0.86335,0.95202,1.0396,1.1413
0,0.078275,0.15898,0.23023,0.30566,0.37013,0.42929,0.49657,0.57126,0.63757,0.68596,0.72644,0.78188,0.84634,0.92351,1.0101,1.0859,1.1532,1.2335,1.3389,1.4544
0,0.15125,0.20383,0.26789,0.33138,0.37627,0.40003,0.41088,0.39998,0.40811,0.42397,0.45402,0.49742,0.55599,0.61978,0.68523,0.75388,0.82898,0.91421,1.0047,1.0931
0,0.15216,0.29149,0.39507,0.47669,0.5436,0.60896,0.67792,0.75762,0.82906,0.88553,0.92871,0.95797,0.99256,1.0153,1.0375,1.0491,1.0644,1.0873,1.1755,1.2798
0,0.32286,0.57316,0.83373,1.1116,1.3546,1.5265,1.6607,1.7372,1.7786,1.7813,1.7797,1.7572,1.7521,1.7673,1.7879,1.7752,1.8829,1.9667,2.0675,2.1508
0,0.059152,0.11143,0.1625,0.20974,0.25458,0.29459,0.32813,0.35957,0.38716,0.41408,0.43751,0.46153,0.4821,0.49356,0.50144,0.51467,0.53236,0.5603,0.59542,0.63997
0,0.11439,0.23197,0.32975,0.40507,0.45701,0.4935,0.5254,0.55706,0.58683,0.61327,0.62841,0.63023,0.62659,0.62627,0.62787,0.63923,0.66376,0.71202,0.77527,0.85881
0,0.15467,0.27503,0.31774,0.34288,0.37338,0.4003,0.42468,0.44752,0.47276,0.50431,0.53765,0.56541,0.60192,0.65924,0.73495,0.81366,0.89998,0.99619,1.0922,1.1731
0,0.11851,0.22104,0.3093,0.39289,0.46001,0.51006,0.54091,0.55711,0.5584,0.56674,0.57125,0.56049,0.5574,0.5825,0.63503,0.71599,0.83095,0.95198,1.0708,1.1921
0,0.19731,0.47217,0.75111,0.91176,1.0227,1.0624,1.0873,1.1217,1.1294,1.1565,1.1837,1.2572,1.3101,1.4057,1.5004,1.6018,1.7145,1.8221,1.9459,2.0808
0,0.045686,0.064986,0.075094,0.082147,0.094456,0.10727,0.10895,0.11266,0.12592,0.14712,0.17329,0.19928,0.22981,0.25915,0.28506,0.3073,0.34329,0.38361,0.44033,0.52148
0,0.064879,0.1183,0.16452,0.20659,0.24862,0.28508,0.31305,0.33753,0.36122,0.38718,0.41602,0.44001,0.47005,0.51064,0.55374,0.60188,0.65203,0.71376,0.7906,0.90021
0,0.30691,0.60537,0.84688,1.0225,1.1373,1.2021,1.2363,1.2438,1.2008,1.138,1.0644,0.99041,0.94861,0.94372,1.0113,1.1585,1.3126,1.4821,1.6824,1.8742
0,0.34681,0.54345,0.67405,0.78975,0.88296,0.97306,1.0578,1.1322,1.1934,1.2427,1.235,1.2606,1.4292,1.6144,1.758,1.8962,2.0585,2.2188,2.3655,2.5199
0,0.13952,0.27128,0.39678,0.50895,0.60549,0.68089,0.73649,0.78673,0.81733,0.82602,0.8203,0.81208,0.79458,0.7743,0.7579,0.75107,0.77633,0.8757,1.0731,1.2942
0,0.070036,0.13329,0.17531,0.19029,0.2087,0.23131,0.24589,0.25751,0.26307,0.26422,0.27498,0.29772,0.32313,0.35584,0.4145,0.48484,0.5758,0.68259,0.78257,0.86905
0,0.11877,0.26682,0.35206,0.3894,0.42324,0.46793,0.52088,0.57017,0.61015,0.65251,0.72024,0.79552,0.87528,0.93548,0.9878,1.0726,1.1879,1.3159,1.4346,1.5423
0,0.099469,0.19457,0.28842,0.38353,0.49576,0.57078,0.6164,0.64404,0.67502,0.68999,0.69867,0.72288,0.76601,0.82392,0.89425,0.98265,1.0897,1.2295,1.3606,1.4918
0,0.1343,0.23997,0.32455,0.38899,0.44277,0.49252,0.53683,0.58305,0.62389,0.66094,0.71443,0.79297,0.8921,0.93673,0.95635,0.98383,1.0356,1.1263,1.2489,1.3982
0,0.19677,0.37238,0.53583,0.70076,0.82974,0.93527,1.0367,1.1078,1.1528,1.1899,1.2253,1.2436,1.2426,1.2273,1.2073,1.1947,1.2164,1.2802,1.4106,1.5656
0,0.07481,0.15922,0.24857,0.26429,0.28383,0.28483,0.27742,0.27423,0.28644,0.30101,0.32447,0.35148,0.37929,0.40558,0.43562,0.4735,0.51358,0.55678,0.60419,0.66027
0,0.15629,0.45675,0.80414,0.74156,0.50446,0.44664,0.43731,0.4465,0.46033,0.48219,0.5076,0.53581,0.57327,0.61382,0.65135,0.68864,0.72794,0.76472,0.79627,0.82741
0,0.13097,0.25679,0.36695,0.48828,0.61052,0.70248,0.7763,0.8416,0.89592,0.94115,0.99999,1.0653,1.0957,1.0895,1.0547,1.0635,1.1361,1.2563,1.3757,1.4796
0,0.17883,0.35447,0.5285,0.67708,0.79301,0.89412,0.98785,1.0581,1.0984,1.0912,1.0795,1.0703,1.0495,1.023,1.012,1.0506,1.1703,1.3503,1.5444,1.7229
0,0.13269,0.21554,0.27124,0.33205,0.39338,0.45416,0.51429,0.58213,0.66096,0.74811,0.84651,0.9519,1.0812,1.2038,1.2906,1.2896,1.2896,1.4234,1.5304,1.603
0,0.028994,0.05701,0.084258,0.10921,0.13418,0.16085,0.18483,0.20599,0.22276,0.23492,0.24634,0.25689,0.26825,0.27674,0.28723,0.29606,0.3128,0.34453,0.40257,0.47208
0,0.057916,0.11869,0.18705,0.26236,0.32202,0.35744,0.38623,0.40742,0.41048,0.40014,0.37962,0.36503,0.37144,0.41617,0.48619,0.57651,0.67735,0.79251,0.88951,0.9921
0,0.075324,0.15008,0.21657,0.27538,0.3251,0.35571,0.38794,0.43451,0.48969,0.55834,0.59282,0.61746,0.6412,0.66641,0.69761,0.73855,0.79685,0.89896,1.0242,1.1395
0,0.099348,0.17535,0.23326,0.29829,0.35864,0.41234,0.46363,0.51215,0.56248,0.60585,0.63237,0.64801,0.65766,0.67484,0.70833,0.75258,0.81768,0.907,1.0127,1.1195
0,0.11801,0.23346,0.33875,0.45855,0.59067,0.709,0.8023,0.87711,0.94169,0.99885,1.0431,1.0767,1.1206,1.1579,1.1852,1.2602,1.3501,1.4941,1.6835,1.835
0,0.036967,0.075319,0.11341,0.14967,0.18034,0.20004,0.21483,0.22882,0.23813,0.24616,0.25636,0.26543,0.26893,0.27057,0.28297,0.31032,0.35083,0.40104,0.45571,0.51416
0,0.10889,0.22121,0.31446,0.34371,0.3151,0.35521,0.46264,0.53528,0.57716,0.61651,0.65591,0.71434,0.78869,0.8624,0.93562,1.0217,1.1093,1.2101,1.3087,1.4064
0,0.17027,0.31853,0.45605,0.59657,0.72089,0.81389,0.89229,0.9681,1.0152,1.0487,1.0821,1.1057,1.1241,1.1571,1.2238,1.3178,1.428,1.5507,1.6505,1.7352
0,0.17952,0.33238,0.42333,0.45559,0.46723,0.46594,0.48866,0.52937,0.58299,0.63465,0.693,0.76992,0.86694,0.97838,1.1057,1.239,1.3787,1.5191,1.6569,1.7746
0,0.2209,0.41364,0.58625,0.73667,0.86853,0.97678,1.0138,1.0452,1.0805,1.1211,1.1394,1.1306,1.1242,1.1477,1.209,1.2953,1.4071,1.5294,1.6475,1.7684
0,0.023612,0.051935,0.079238,0.10281,0.11679,0.12438,0.12973,0.13075,0.13163,0.13175,0.12925,0.12909,0.13868,0.16192,0.19244,0.23014,0.27343,0.32299,0.36508,0.41496
0,0.057265,0.099856,0.13398,0.16685,0.19773,0.21812,0.23329,0.24562,0.26131,0.28385,0.31262,0.34433,0.3758,0.41763,0.46571,0.52595,0.60515,0.6929,0.79409,0.90319
0,0.20869,0.38742,0.55275,0.72713,0.88869,0.99858,1.058,1.094,1.1058,1.1167,1.1322,1.1497,1.1751,1.2131,1.2578,1.2895,1.3263,1.4262,1.5573,1.6745
0,0.12866,0.27638,0.4227,0.55472,0.65933,0.75116,0.83611,0.89528,0.92961,0.95266,0.96555,0.98356,0.97807,0.93803,0.89326,0.89751,0.99612,1.1226,1.2503,1.3614
0,0.1688,0.31796,0.43269,0.50919,0.56957,0.61646,0.6626,0.69421,0.71433,0.73445,0.76224,0.79535,0.84621,0.90745,0.9912,1.0936,1.2148,1.3484,1.4937,1.6243
0,0.034628,0.069652,0.1023,0.12768,0.15173,0.17374,0.19718,0.22289,0.25021,0.27728,0.3006,0.31777,0.32897,0.34133,0.35089,0.37568,0.41551,0.47797,0.55944,0.65648
0,0.12238,0.22019,0.26486,0.31752,0.36139,0.40317,0.44048,0.47169,0.50845,0.55174,0.5999,0.65005,0.70084,0.76959,0.83016,0.85099,0.83558,0.9457,1.1319,1.2816
0,0.13646,0.2622,0.38105,0.49128,0.58542,0.66027,0.72367,0.78955,0.85782,0.92759,0.99096,1.0539,1.1074,1.1444,1.144,1.1198,1.105,1.1035,1.123,1.1722
0,0.12417,0.22827,0.32468,0.40957,0.49639,0.56092,0.60294,0.6372,0.6665,0.68752,0.72529,0.77498,0.82762,0.88234,0.97206,1.124,1.3039,1.4945,1.711,1.9019
0,0.29632,0.43824,0.58103,0.73134,0.86419,0.97227,1.0689,1.1461,1.2243,1.316,1.4179,1.5094,1.592,1.6474,1.698,1.7783,1.8721,1.9906,2.1289,2.2631
0,0.058201,0.11752,0.19878,0.30796,0.42555,0.488,0.52727,0.55575,0.57491,0.58974,0.60156,0.60941,0.61251,0.62645,0.65227,0.70987,0.78288,0.87805,0.98845,1.097
0,0.081497,0.17338,0.26733,0.33032,0.37931,0.42665,0.47094,0.49174,0.49864,0.50698,0.51673,0.52152,0.52691,0.54986,0.62317,0.7439,0.87068,1.006,1.1803,1.3469
0,0.16453,0.34784,0.5327,0.70695,0.84697,0.94849,1.0054,1.0316,1.0369,1.0366,1.0345,1.0328,1.0232,1.0229,1.0244,1.0181,1.0383,1.1368,1.2775,1.4048
0,0.17331,0.30396,0.41469,0.52205,0.62386,0.70561,0.77154,0.79669,0.83947,0.85257,0.82294,0.80783,0.80925,0.88541,1.0225,1.1519,1.3169,1.473,1.5905,1.6859
0,0.12591,0.25179,0.39661,0.52632,0.62228,0.63383,0.61938,0.63374,0.66087,0.69026,0.72615,0.76345,0.80502,0.8596,0.91884,0.97256,1.0227,1.074,1.119,1.1634
0,0.039645,0.079066,0.12468,0.17814,0.22993,0.27703,0.30824,0.31638,0.30363,0.30274,0.37102,0.43192,0.47407,0.50913,0.54458,0.58234,0.62354,0.67374,0.72935,0.78523
0,0.080357,0.19693,0.30365,0.35704,0.40822,0.45431,0.52025,0.55347,0.56121,0.58056,0.60734,0.63105,0.65113,0.67108,0.69687,0.72807,0.76421,0.81366,0.86874,0.92682
0,0.096075,0.18859,0.28286,0.37372,0.44012,0.49637,0.54556,0.60159,0.69907,0.78984,0.81968,0.82115,0.83627,0.87564,0.91197,0.95389,1.0066,1.0758,1.1671,1.2692
0,0.10852,0.20821,0.2859,0.37904,0.46883,0.54351,0.5918,0.63688,0.68408,0.73301,0.76564,0.7968,0.8178,0.84558,0.90213,0.98417,1.0988,1.2352,1.364,1.4967
0,0.079606,0.14619,0.21088,0.28049,0.34675,0.41027,0.48023,0.551,0.60967,0.65109,0.69205,0.72733,0.78248,0.84736,0.90883,0.98598,1.0429,1.1161,1.1961,1.287
0,0.034355,0.067987,0.097817,0.12108,0.13883,0.15343,0.16181,0.16784,0.17097,0.17054,0.1686,0.16999,0.17178,0.17526,0.17899,0.18945,0.21154,0.25597,0.31324,0.37742
0,0.071733,0.1317,0.18783,0.2392,0.2757,0.3016,0.32023,0.33602,0.35024,0.35994,0.36476,0.36847,0.37043,0.36922,0.37101,0.38254,0.43758,0.51869,0.6131,0.74656
0,0.18514,0.3481,0.49297,0.60345,0.67945,0.74356,0.80978,0.85673,0.89377,0.9276,0.95826,0.9826,1.012,1.0618,1.1418,1.2543,1.3939,1.5778,1.852,2.0796
0,0.14149,0.28387,0.43228,0.59782,0.76216,0.8923,1.0014,1.0781,1.1192,1.1326,1.1236,1.1006,1.0936,1.1232,1.2033,1.3115,1.4186,1.531,1.6312,1.721
0,0.16344,0.29054,0.38723,0.46533,0.529,0.5931,0.65005,0.70018,0.73308,0.76107,0.79549,0.8412,0.87,0.90805,0.95544,1.0282,1.121,1.2118,1.3069,1.4449
0,0.09636,0.18511,0.26805,0.34124,0.39779,0.44266,0.4768,0.50151,0.53823,0.57438,0.6008,0.61956,0.63179,0.64974,0.67852,0.71577,0.76866,0.82364,0.88425,0.95566
0,0.08807,0.18841,0.28321,0.38382,0.47815,0.5602,0.62158,0.66216,0.68473,0.70534,0.72595,0.74388,0.76098,0.7759,0.79724,0.84456,0.932,1.0446,1.1683,1.2958
0,0.15298,0.28532,0.41421,0.53218,0.63509,0.73554,0.80612,0.83337,0.84123,0.8464,0.84735,0.84274,0.84746,0.85006,0.84784,0.83156,0.83307,0.91669,1.0871,1.2566
0,0.14825,0.29518,0.41495,0.49783,0.56203,0.60976,0.63998,0.6554,0.6682,0.67199,0.66121,0.68155,0.7414,0.83504,0.96829,1.1534,1.401,1.6643,1.9183,2.1331
0,0.20362,0.3354,0.40689,0.44993,0.48603,0.51626,0.54263,0.56656,0.59179,0.63168,0.69555,0.78048,0.86963,0.97648,1.0756,1.2021,1.3619,1.5515,1.7375,1.9226
0,0.026951,0.054087,0.078444,0.10193,0.12391,0.1434,0.15916,0.17144,0.18131,0.19038,0.19986,0.20915,0.21878,0.22956,0.23876,0.2499,0.26762,0.29146,0.32346,0.3678
0,0.10995,0.20668,0.28543,0.35031,0.39267,0.42155,0.44299,0.47798,0.52429,0.57399,0.63552,0.72039,0.81632,0.92151,1.0256,1.1405,1.2587,1.3954,1.536,1.7064
0,0.13663,0.2631,0.37995,0.49355,0.58537,0.65394,0.70039,0.72745,0.74989,0.80064,0.91103,1.041,1.1916,1.308,1.4131,1.5214,1.6318,1.7432,1.8469,1.9558
0,0.079211,0.14286,0.18883,0.22659,0.25197,0.27801,0.30383,0.32665,0.35169,0.37617,0.39221,0.40367,0.41644,0.43679,0.46529,0.51477,0.59411,0.70101,0.82923,0.96531
0,0.16896,0.32463,0.46147,0.59118,0.70183,0.79114,0.88112,0.95892,1.0155,1.0643,1.1186,1.1674,1.2165,1.2669,1.3159,1.3641,1.4022,1.4506,1.533,1.6447
0,0.036483,0.066659,0.099766,0.12262,0.13434,0.15596,0.19093,0.21335,0.23931,0.26279,0.28619,0.31413,0.34331,0.38333,0.42754,0.47347,0.52212,0.57752,0.63566,0.68746
0,0.065378,0.13511,0.20627,0.26974,0.32752,0.37984,0.41915,0.45456,0.48879,0.51675,0.53774,0.553,0.5663,0.57489,0.58071,0.60059,0.62124,0.65282,0.80791,0.99765
0,0.1476,0.27899,0.40927,0.50894,0.601,0.66071,0.69516,0.7082,0.71883,0.73501,0.74784,0.754,0.76976,0.78341,0.79505,0.81277,0.86402,0.92497,1.0164,1.1806
0,0.16942,0.38182,0.67355,1.0833,1.0707,1.0682,1.0587,1.0283,1.0018,0.99279,0.98963,1.0004,1.0263,1.0678,1.1266,1.188,1.259,1.3329,1.4286,1.5199
0,0.14636,0.29544,0.4639,0.6264,0.75491,0.87216,0.95219,1.0041,1.0315,1.0557,1.0858,1.1193,1.169,1.2037,1.2372,1.2898,1.3547,1.462,1.5691,1.703
0,0.013218,0.025226,0.034645,0.041711,0.049048,0.056717,0.065741,0.077391,0.09087,0.10263,0.11366,0.12776,0.14407,0.15836,0.1723,0.18649,0.2079,0.24672,0.3067,0.37392
0,0.11982,0.24287,0.35544,0.46172,0.55683,0.63738,0.7147,0.79044,0.86211,0.93666,0.98952,1.0293,1.0858,1.1509,1.2014,1.236,1.2487,1.2681,1.3002,1.328
0,0.085909,0.17071,0.27166,0.38061,0.49981,0.62343,0.71612,0.76463,0.76969,0.7697,0.76974,0.76489,0.72445,0.70461,0.69733,0.70481,0.72637,0.76334,0.80893,0.877
0,0.13927,0.23343,0.31107,0.41335,0.50571,0.56313,0.60075,0.65106,0.71426,0.78799,0.88972,1.0113,1.1343,1.238,1.3457,1.3984,1.4061,1.4311,1.462,1.4976
0,0.28462,0.56089,0.83841,1.0899,1.3041,1.5277,1.6793,1.7297,1.7795,1.818,1.8272,1.7719,1.6954,1.6684,1.6927,1.7646,1.9555,2.2694,2.6145,2.7599
0,0.11471,0.21736,0.34742,0.53172,0.49682,0.49328,0.52111,0.5589,0.59861,0.63789,0.67976,0.72234,0.77213,0.8288,0.88843,0.94674,1.0067,1.072,1.1317,1.1854
0,0.051182,0.10638,0.16427,0.22424,0.28214,0.33161,0.37817,0.41924,0.44268,0.46121,0.48502,0.50161,0.5209,0.54101,0.55769,0.56291,0.57516,0.60961,0.6599,0.7214
0,0.096638,0.18589,0.26576,0.33264,0.40407,0.45956,0.48093,0.5048,0.51749,0.52438,0.53308,0.54029,0.55174,0.562,0.57418,0.59309,0.63435,0.68813,0.74665,0.82153
0,0.15916,0.3021,0.4423,0.59942,0.76813,0.92009,0.97402,1.0229,1.087,1.1511,1.206,1.2539,1.2985,1.3394,1.3664,1.3857,1.4013,1.4101,1.4069,1.4018
0,0.21433,0.4007,0.58176,0.77906,0.89773,0.99367,1.0381,1.0673,1.0875,1.1388,1.2143,1.2863,1.3511,1.4074,1.461,1.5043,1.5528,1.6005,1.6471,1.6922
0,0.061814,0.098219,0.1266,0.15624,0.16847,0.17609,0.18742,0.20247,0.21199,0.22235,0.23353,0.24427,0.25659,0.27198,0.2897,0.30643,0.32526,0.3654,0.43795,0.50967
0,0.089337,0.13435,0.15174,0.16353,0.16873,0.16631,0.18709,0.22038,0.25907,0.32017,0.39393,0.47756,0.59173,0.71001,0.81668,0.91804,1.0181,1.1177,1.2125,1.2934
0,0.15823,0.30651,0.43573,0.53833,0.62256,0.68883,0.73575,0.77155,0.80733,0.83927,0.8675,0.89311,0.92075,0.94734,0.98111,1.0221,1.0698,1.1245,1.187,1.2594
0,0.097044,0.19361,0.29027,0.38364,0.4624,0.53056,0.59359,0.64301,0.68381,0.7081,0.71101,0.70483,0.7012,0.70203,0.71374,0.73232,0.77294,0.84108,0.92188,1.0216
0,0.25153,0.50959,0.75059,0.93769,1.0804,1.177,1.2536,1.3044,1.3224,1.3302,1.3291,1.3307,1.3305,1.3503,1.4336,1.5707,1.7354,1.9375,2.1472,2.355
0,0.085208,0.17967,0.26384,0.33303,0.37462,0.39536,0.4032,0.40996,0.40438,0.39398,0.37103,0.34493,0.32627,0.31378,0.31166,0.32629,0.35263,0.40578,0.46472,0.51892
0,0.053181,0.10481,0.15527,0.20068,0.23778,0.26696,0.28856,0.31442,0.33816,0.36433,0.39072,0.42101,0.45412,0.48199,0.50648,0.53632,0.58384,0.64001,0.70219,0.77928
0,0.15557,0.25549,0.31468,0.35316,0.38927,0.41392,0.42241,0.42211,0.42698,0.42891,0.42517,0.43099,0.45025,0.48975,0.54769,0.63762,0.76764,0.9093,1.053,1.1975
0,0.12321,0.25652,0.40581,0.57332,0.67372,0.63271,0.64011,0.64153,0.65527,0.67174,0.67742,0.67891,0.68201,0.68934,0.70191,0.73086,0.78092,0.88183,1.0415,1.2363
0,0.13204,0.25088,0.34031,0.41662,0.48471,0.54885,0.62358,0.69165,0.76251,0.8323,0.8954,0.95404,1.0071,1.0795,1.188,1.3193,1.4404,1.5635,1.722,1.8912
0,0.055529,0.11728,0.1822,0.24537,0.30836,0.37434,0.43115,0.47199,0.50466,0.52487,0.53742,0.54763,0.54828,0.54676,0.54134,0.53997,0.54833,0.57284,0.61564,0.66411
0,0.15667,0.30169,0.42398,0.47675,0.48699,0.50134,0.49503,0.49066,0.52788,0.57891,0.63588,0.70293,0.78613,0.87124,0.96647,1.0711,1.1865,1.3078,1.4424,1.5681
0,0.25946,0.47235,0.51794,0.45912,0.40566,0.45871,0.56073,0.67746,0.80221,0.93828,1.071,1.1874,1.2826,1.3654,1.4319,1.4843,1.5291,1.5692,1.6011,1.6285
0,0.11188,0.23709,0.37656,0.48746,0.56901,0.64414,0.71135,0.77403,0.82652,0.85783,0.87778,0.8876,0.89866,0.90637,0.91816,0.92836,0.9467,0.98802,1.0501,1.1338
0,0.13263,0.25877,0.36972,0.4804,0.57243,0.63994,0.68918,0.72832,0.76831,0.79733,0.82703,0.84712,0.88165,0.89624,0.90011,0.9224,1.0011,1.1539,1.4035,1.6944
0,0.05191,0.099762,0.15099,0.15916,0.16125,0.17618,0.19187,0.20351,0.21609,0.23516,0.26342,0.3135,0.37985,0.45805,0.53975,0.62826,0.72659,0.84161,0.96101,1.0746
0,0.096531,0.1606,0.21027,0.23295,0.26206,0.2898,0.31929,0.35048,0.38018,0.40278,0.42076,0.45362,0.49246,0.53166,0.55415,0.56875,0.57649,0.62697,0.69368,0.77928
0,0.22095,0.43148,0.51492,0.52617,0.53054,0.54396,0.55051,0.55704,0.56856,0.59115,0.62195,0.65934,0.71536,0.79014,0.86825,0.95563,1.0561,1.1607,1.2628,1.3624
0,0.10661,0.18716,0.26938,0.33736,0.40243,0.45041,0.47019,0.49213,0.51279,0.54102,0.56712,0.59582,0.6109,0.62151,0.62355,0.64007,0.69626,0.81467,0.97669,1.151
0,0.13587,0.26617,0.39275,0.52337,0.64923,0.76932,0.89233,1.0409,1.1308,1.1485,1.1437,1.1371,1.1329,1.1029,1.1462,1.3012,1.4227,1.5197,1.5971,1.6582
0,0.065967,0.11497,0.14556,0.15496,0.16483,0.17395,0.16688,0.17339,0.18634,0.21128,0.24241,0.27081,0.31383,0.36777,0.42113,0.46572,0.50575,0.53688,0.54974,0.6042
0,0.2876,0.59376,0.94154,1.3132,1.5814,1.7735,1.9083,2.0007,2.0634,2.0829,2.0624,2.0212,1.971,1.8858,1.8542,1.8762,1.9487,2.0477,2.1401,2.2096
0,0.17004,0.34941,0.51234,0.65878,0.72992,0.87695,0.85133,0.80601,0.81769,0.86184,0.94319,1.06,1.2113,1.3824,1.5453,1.6532,1.7398,1.8036,1.8734,1.9047
0,0.19724,0.35529,0.47856,0.58894,0.68974,0.76992,0.8347,0.89706,0.95132,1.0059,1.0632,1.1271,1.2094,1.304,1.3816,1.458,1.537,1.6341,1.7491,1.8684
0,0.21873,0.42157,0.68798,0.85622,0.88283,0.88059,0.93837,1.0254,1.1296,1.2178,1.3156,1.4272,1.5067,1.5683,1.6182,1.6632,1.6922,1.7449,1.8441,1.925
0,0.10875,0.22277,0.32932,0.42594,0.50712,0.56737,0.59587,0.6182,0.64123,0.64581,0.62923,0.60433,0.56738,0.5268,0.4842,0.44575,0.4308,0.42631,0.45895,0.50721
0,0.082311,0.16282,0.23274,0.28922,0.35009,0.38262,0.3994,0.40686,0.40458,0.4091,0.41658,0.42547,0.43866,0.46151,0.49585,0.5485,0.62554,0.73411,0.85873,0.99174
0,0.19273,0.40002,0.6237,0.82567,0.96973,1.0787,1.1595,1.2283,1.2907,1.3703,1.4846,1.5746,1.6054,1.6157,1.6083,1.6064,1.6476,1.7204,1.8025,1.9119
0,0.24086,0.52455,0.81492,1.0992,1.3377,1.5365,1.701,1.8115,1.8758,1.8709,1.8935,1.9029,1.874,1.8302,1.8123,1.8545,2.0197,2.2989,2.599,2.8438
0,0.1737,0.34462,0.5059,0.64479,0.76027,0.85082,0.92893,1.0014,1.0897,1.183,1.2994,1.4311,1.5553,1.6078,1.6101,1.6261,1.6996,1.8073,1.9504,2.1107
0,0.08985,0.17692,0.26521,0.36617,0.47577,0.58986,0.72087,0.8294,0.90571,0.88856,0.80605,0.76631,0.73922,0.73804,0.77949,0.84761,0.92899,1.0141,1.0902,1.161
0,0.21783,0.40236,0.56363,0.70652,0.81665,0.89573,0.94522,0.9737,0.98327,0.97962,0.97096,0.9664,0.97197,1.0027,1.0478,1.1031,1.1617,1.2135,1.2915,1.3914
0,0.11217,0.2234,0.32838,0.43033,0.52847,0.59798,0.65423,0.68791,0.6931,0.67363,0.66658,0.6512,0.64363,0.63738,0.64366,0.67361,0.71987,0.77432,0.8247,0.86849
0,0.13619,0.27526,0.422,0.55117,0.64951,0.73063,0.78635,0.82703,0.86015,0.89328,0.91933,0.9458,0.99568,1.0571,1.1335,1.2032,1.2658,1.3435,1.4168,1.5004
0,0.29416,0.46255,0.57711,0.72582,0.8228,0.89549,0.93655,0.99976,1.0613,1.1195,1.1656,1.2559,1.3445,1.4121,1.4501,1.4877,1.5207,1.5982,1.7063,1.7831
0,0.087331,0.16695,0.23972,0.28947,0.3163,0.3253,0.33486,0.34357,0.34595,0.35461,0.37013,0.38993,0.39563,0.39558,0.42435,0.48681,0.57219,0.66839,0.78631,0.90632
0,0.086327,0.16929,0.25916,0.34718,0.42731,0.48284,0.51618,0.53046,0.53405,0.56171,0.59265,0.61444,0.63295,0.64405,0.66244,0.70492,0.77439,0.84242,0.91352,0.99376
0,0.12873,0.2757,0.44614,0.66455,0.90956,1.0838,1.0781,1.0494,1.0442,1.0151,1.0086,1.0148,1.0333,1.0651,1.1266,1.2092,1.2576,1.2745,1.2907,1.3336
0,0.17144,0.3301,0.49477,0.62074,0.69393,0.75129,0.799,0.83074,0.84235,0.85058,0.87616,0.91612,0.97115,1.0286,1.0774,1.1195,1.1772,1.2856,1.4121,1.5414
0,0.1336,0.28685,0.48514,0.70711,0.95731,1.1677,1.19,1.2106,1.2113,1.2503,1.328,1.3752,1.3989,1.4259,1.4654,1.4999,1.543,1.5823,1.5983,1.5951
0,0.032709,0.062497,0.095846,0.12178,0.14005,0.15565,0.17294,0.19126,0.20977,0.23383,0.268,0.30737,0.34795,0.39542,0.44865,0.50847,0.58895,0.71666,0.89365,1.0458
0,0.21964,0.45136,0.68448,0.89227,1.0594,1.1144,1.0859,1.0103,0.96232,0.94167,0.94241,0.94619,0.97159,1.0205,1.0856,1.1551,1.25,1.3818,1.4919,1.5331
0,0.1002,0.19587,0.28272,0.36633,0.44131,0.49642,0.53642,0.56427,0.59196,0.61598,0.63234,0.64381,0.65496,0.66659,0.67462,0.67828,0.71717,0.79021,0.8913,1.0577
0,0.092279,0.17838,0.25835,0.33703,0.41586,0.48898,0.57315,0.66777,0.74045,0.77789,0.79802,0.81096,0.81614,0.82803,0.84916,0.86904,0.89481,0.93206,0.97072,1.0201
0,0.14944,0.32059,0.48909,0.64432,0.78822,0.92751,1.0817,1.2785,1.3488,1.3123,1.3534,1.3234,1.2706,1.2438,1.2812,1.3598,1.4672,1.5826,1.6867,1.7559
0,0.059127,0.10411,0.12891,0.14556,0.15186,0.14551,0.13605,0.12807,0.12159,0.11731,0.11943,0.12612,0.13292,0.14813,0.16655,0.19694,0.24039,0.32146,0.45236,0.5844
0,0.073665,0.14467,0.21046,0.27155,0.32847,0.38314,0.42784,0.4656,0.49982,0.53989,0.57659,0.61286,0.63371,0.65184,0.67765,0.70445,0.72928,0.78377,0.86111,0.96892
0,0.10214,0.20497,0.30118,0.38059,0.43612,0.46921,0.48737,0.50177,0.51384,0.51761,0.52468,0.53,0.52914,0.5246,0.51524,0.50689,0.51456,0.55145,0.63591,0.74702
0,0.11198,0.20611,0.27571,0.33443,0.37935,0.41997,0.45771,0.48671,0.51265,0.53156,0.5558,0.59037,0.6455,0.70774,0.77092,0.79615,0.83084,0.90072,0.98933,1.073
0,0.14132,0.28306,0.42133,0.54245,0.64765,0.72645,0.77789,0.8114,0.83913,0.86706,0.897,0.92383,0.93791,0.94377,0.95533,0.95835,0.94697,0.90975,0.89549,0.95799
0,0.063737,0.13648,0.21508,0.29247,0.3572,0.40736,0.44673,0.48229,0.52267,0.56459,0.59925,0.62225,0.64041,0.66206,0.68848,0.71745,0.75628,0.80693,0.85531,0.88564
0,0.066121,0.11967,0.1677,0.20274,0.22401,0.2469,0.26855,0.28269,0.29509,0.30844,0.32784,0.34952,0.37491,0.40342,0.43587,0.47207,0.51899,0.57753,0.65545,0.74415
0,0.086652,0.14814,0.19995,0.25723,0.30569,0.34481,0.37716,0.40953,0.43902,0.48044,0.52112,0.5566,0.60027,0.63332,0.64775,0.64968,0.6687,0.74057,0.85665,0.99269
0,0.16405,0.32902,0.42959,0.51263,0.58587,0.63064,0.64845,0.65387,0.68354,0.7577,0.8705,1.0039,1.155,1.2742,1.3947,1.5379,1.6742,1.8242,1.9683,2.0579
0,0.18895,0.36825,0.50802,0.65572,0.81313,0.96263,1.088,1.1773,1.2271,1.2402,1.2653,1.3274,1.3976,1.4728,1.5824,1.6933,1.8394,1.9461,2.0482,2.1714
0,0.099418,0.18109,0.25718,0.32277,0.37937,0.41147,0.42451,0.43182,0.43498,0.43383,0.43467,0.4379,0.44062,0.44074,0.44553,0.466,0.49066,0.51678,0.5554,0.60372
0,0.1058,0.22217,0.34341,0.45291,0.56019,0.68395,0.80126,0.90758,0.96217,0.98604,0.98478,0.96983,0.95129,0.94262,0.9491,0.96887,0.99338,1.0273,1.0652,1.096
0,0.13992,0.26813,0.38372,0.536,0.64733,0.67268,0.73751,0.85434,0.94992,1.0281,1.1084,1.2085,1.3079,1.4022,1.4934,1.5839,1.675,1.7596,1.8344,1.8904
0,0.12054,0.23636,0.35493,0.47044,0.56842,0.65054,0.72325,0.77796,0.82388,0.85466,0.89236,0.92501,0.94764,0.95613,0.9535,0.95304,0.96923,1.0114,1.0702,1.1346
0,0.23758,0.41968,0.5643,0.68155,0.773,0.85882,0.9314,1.0106,1.0892,1.1595,1.2084,1.2348,1.2764,1.3345,1.3875,1.4278,1.5055,1.5877,1.7173,1.8113
0,0.047181,0.089578,0.13301,0.17401,0.2093,0.23563,0.25605,0.27255,0.28919,0.30593,0.31964,0.33014,0.34068,0.35382,0.36564,0.37286,0.37349,0.37284,0.37824,0.4216
0,0.15116,0.28661,0.40471,0.50254,0.57616,0.62726,0.65701,0.67325,0.67931,0.68926,0.71193,0.72637,0.73953,0.75247,0.7613,0.75088,0.69716,0.72966,0.94691,1.2126
0,0.21633,0.42365,0.57864,0.69806,0.83648,0.90009,0.9471,1.0223,1.0664,1.1071,1.1634,1.2133,1.2506,1.2811,1.3098,1.3469,1.3887,1.4374,1.4932,1.5467
0,0.18507,0.40018,0.63273,0.87488,1.0718,1.201,1.2959,1.3554,1.4071,1.4489,1.473,1.4887,1.4948,1.5054,1.5251,1.4793,1.4228,1.3875,1.4283,1.5136
0,0.22517,0.41087,0.58912,0.74713,0.84117,0.93575,1.0265,1.1521,1.2644,1.3233,1.3388,1.3455,1.364,1.371,1.3609,1.3677,1.3854,1.3879,1.4143,1.4551
0,0.14524,0.24318,0.30997,0.36051,0.39541,0.41485,0.41825,0.41662,0.41284,0.40839,0.40474,0.40202,0.3966,0.39049,0.38626,0.38267,0.39761,0.45653,0.55587,0.68673
0,0.10998,0.1984,0.26718,0.32702,0.40033,0.46878,0.5492,0.61445,0.67637,0.70103,0.68563,0.70818,0.776,0.86143,0.95602,1.0642,1.1799,1.2926,1.4282,1.5611
0,0.20528,0.39176,0.56912,0.74782,0.90389,1.0566,1.2345,1.3696,1.4636,1.5205,1.5421,1.5535,1.5723,1.5902,1.6055,1.6258,1.641,1.6539,1.6692,1.6838
0,0.17561,0.36179,0.5722,0.68254,0.77981,0.83661,0.88138,0.91642,0.93658,0.95776,0.98465,1.0154,1.0401,1.0591,1.0986,1.1578,1.2303,1.3561,1.5424,1.714
0,0.19852,0.38511,0.58584,0.77524,0.87683,0.95832,1.0307,1.088,1.1377,1.1872,1.218,1.2234,1.2173,1.2087,1.2258,1.2514,1.2751,1.298,1.3554,1.4567
0,0.078554,0.1333,0.16053,0.18215,0.20254,0.21501,0.2227,0.22755,0.22995,0.22738,0.23144,0.23925,0.24894,0.25777,0.2632,0.27573,0.30141,0.33663,0.38447,0.44893
0,0.13162,0.25826,0.36288,0.43807,0.50245,0.5453,0.58651,0.62694,0.66198,0.67564,0.67267,0.65271,0.64166,0.6635,0.71709,0.80796,0.91133,1.0066,1.0877,1.1547
0,0.10854,0.22692,0.34159,0.43535,0.50768,0.567,0.61769,0.64879,0.66069,0.66211,0.64355,0.61868,0.60765,0.60259,0.60901,0.64478,0.72733,0.83843,0.95048,1.0625
0,0.18972,0.32645,0.46407,0.60498,0.73903,0.84645,0.92304,0.97926,1.002,0.9903,0.95914,0.9282,0.91046,0.93053,0.98487,1.0839,1.2052,1.3324,1.4449,1.5292
0,0.18285,0.33843,0.47083,0.57702,0.64326,0.69819,0.75551,0.81282,0.87994,0.96196,1.0639,1.1438,1.2173,1.3077,1.3935,1.4763,1.5407,1.6226,1.7569,1.9819
0,0.062534,0.13115,0.19077,0.248,0.2938,0.33042,0.3551,0.36561,0.36499,0.36382,0.36465,0.36509,0.37182,0.38358,0.41274,0.47548,0.55772,0.66366,0.7847,0.89093
0,0.17215,0.34201,0.46958,0.56409,0.60638,0.64364,0.69854,0.74713,0.81417,0.85512,0.90706,0.9376,0.97447,1.0283,1.1059,1.2136,1.3262,1.447,1.5696,1.6629
0,0.24761,0.4882,0.71081,0.90269,1.1267,1.3944,1.5025,1.5061,1.4863,1.4695,1.465,1.4721,1.4875,1.5076,1.5355,1.5684,1.6193,1.6807,1.7498,1.8237
0,0.25662,0.50453,0.68873,0.8117,0.84767,0.85308,0.85111,0.84051,0.82425,0.8014,0.78303,0.79115,0.85096,0.99379,1.2458,1.5556,1.8741,2.0406,2.1777,2.3423
0,0.24278,0.51232,0.82884,1.1077,1.271,1.389,1.5229,1.7102,1.8944,1.9914,2.0262,1.9666,1.8256,1.7142,1.6876,1.6775,1.6728,1.6918,1.7642,1.8552
0,0.045287,0.084936,0.12357,0.15952,0.19308,0.22018,0.24334,0.26294,0.27781,0.29349,0.31334,0.3295,0.33862,0.34762,0.35397,0.36803,0.42063,0.50988,0.62523,0.7564
0,0.1505,0.27421,0.3651,0.42912,0.46516,0.48252,0.48947,0.48273,0.4787,0.49727,0.55222,0.61893,0.7245,0.83856,0.9417,1.0204,1.0777,1.1295,1.1907,1.2495
0,0.28956,0.61333,0.9272,1.0998,1.204,1.2057,1.1778,1.1389,1.1103,1.0799,1.0788,1.0985,1.1413,1.2078,1.3018,1.4055,1.5246,1.6598,1.7859,1.9046
0,0.10858,0.21289,0.32005,0.42374,0.51162,0.58255,0.64522,0.71597,0.80523,0.90217,1.0065,1.1102,1.1816,1.2448,1.2966,1.2209,1.1032,1.0938,1.1407,1.2098
0,0.18762,0.38472,0.55749,0.74054,0.84518,0.91346,0.9032,0.87635,0.87928,0.89062,0.91425,0.9332,0.94302,0.95174,0.9761,1.0073,1.0459,1.0992,1.1683,1.2537
0,0.056172,0.108,0.15749,0.20656,0.25064,0.28505,0.31848,0.34773,0.37092,0.39309,0.42419,0.45532,0.49412,0.5412,0.58791,0.62563,0.67508,0.74314,0.82051,0.89511
0,0.16623,0.32311,0.4581,0.55372,0.62075,0.6833,0.72509,0.7428,0.74486,0.73655,0.7265,0.72147,0.73628,0.77054,0.82223,0.88998,0.95989,1.0326,1.1097,1.2219
0,0.10142,0.20591,0.29818,0.38118,0.45242,0.5244,0.62065,0.75086,0.87146,0.98121,1.0646,1.1369,1.1999,1.2691,1.3542,1.4922,1.5897,1.6613,1.7226,1.8076
0,0.13645,0.25432,0.36021,0.47762,0.595,0.70702,0.81044,0.90695,0.99913,1.0955,1.1791,1.2625,1.3287,1.3914,1.4507,1.4981,1.4908,1.4541,1.5006,1.5623
0,0.14511,0.26552,0.36779,0.4444,0.509,0.56627,0.62801,0.73905,0.89207,1.0354,1.1632,1.2582,1.3075,1.3105,1.263,1.1735,1.1242,1.1633,1.2617,1.3624
0,0.062833,0.12162,0.17242,0.21798,0.25104,0.27318,0.28867,0.3024,0.31555,0.3288,0.34012,0.34885,0.35324,0.35636,0.36777,0.38771,0.39839,0.42575,0.50051,0.60278
0,0.060635,0.11659,0.16601,0.20789,0.23796,0.25893,0.27272,0.27448,0.2791,0.31185,0.35495,0.40886,0.47881,0.56007,0.64127,0.7294,0.80791,0.88492,0.98813,1.0961
0,0.15597,0.3558,0.56201,0.74205,0.82572,0.8663,0.84698,0.82504,0.82396,0.84629,0.85581,0.85765,0.87788,0.91061,0.98529,1.0931,1.2079,1.3458,1.4771,1.6097
0,0.11463,0.2272,0.31991,0.40406,0.47271,0.54129,0.61698,0.70064,0.78197,0.87174,0.95914,1.0371,1.0957,1.1353,1.1578,1.1656,1.1524,1.1597,1.1857,1.2257
0,0.11718,0.21338,0.30229,0.39006,0.47013,0.53725,0.59747,0.65311,0.70518,0.75315,0.79023,0.82923,0.8625,0.89001,0.90656,0.96693,1.1059,1.3335,1.5154,1.6756
0,0.051041,0.10832,0.16774,0.21368,0.25511,0.28655,0.3112,0.3309,0.35039,0.37032,0.38067,0.38369,0.40075,0.43279,0.47234,0.51801,0.55162,0.56058,0.56114,0.58209
0,0.074332,0.14599,0.22132,0.29018,0.33841,0.37516,0.40133,0.41785,0.43388,0.44287,0.45781,0.47461,0.48286,0.4913,0.49286,0.49227,0.50653,0.54502,0.61946,0.74465
0,0.19196,0.33778,0.45962,0.57981,0.68862,0.78446,0.8847,0.99885,1.0918,1.132,1.1104,1.0844,1.0555,1.0443,1.1102,1.2301,1.385,1.5813,1.7622,1.9112
0,0.19061,0.3797,0.49323,0.56359,0.65093,0.78212,0.94026,1.0921,1.1536,1.139,1.1353,1.1532,1.1838,1.2092,1.247,1.3048,1.3902,1.5057,1.6386,1.7627
0,0.14991,0.28015,0.4061,0.52697,0.64297,0.74144,0.81287,0.88015,0.95805,1.0132,1.0452,1.0693,1.0997,1.145,1.1932,1.2342,1.297,1.4428,1.627,1.7935
0,0.045337,0.088182,0.13055,0.17224,0.21163,0.24536,0.28024,0.31351,0.34055,0.36348,0.37778,0.39103,0.40811,0.42238,0.42912,0.43724,0.42699,0.40336,0.4706,0.66883
0,0.2398,0.50058,0.76312,1.0295,1.3028,1.485,1.5843,1.6495,1.6974,1.7435,1.7572,1.7395,1.6834,1.6492,1.7043,1.7664,1.8378,1.9369,2.0369,2.1218
0,0.14814,0.29029,0.39912,0.475,0.51256,0.49779,0.52209,0.55317,0.58979,0.62944,0.6741,0.72812,0.79415,0.87196,0.96066,1.0528,1.1437,1.24,1.3386,1.4338
0,0.16344,0.36299,0.57678,0.79614,0.99919,1.1728,1.285,1.3387,1.3214,1.3235,1.3293,1.2988,1.242,1.1821,1.1538,1.1341,1.1104,1.1033,1.1323,1.1925
0,0.19814,0.41283,0.61233,0.79193,0.99813,1.208,1.3027,1.3137,1.2853,1.2607,1.2381,1.2294,1.2088,1.1942,1.2054,1.2356,1.2969,1.3946,1.4992,1.5776
0,0.0358,0.067586,0.10007,0.12324,0.14001,0.15454,0.1675,0.19041,0.21478,0.23384,0.24348,0.23873,0.233,0.23584,0.24585,0.26893,0.30106,0.34835,0.40849,0.46977
0,0.14738,0.26546,0.34876,0.4145,0.46716,0.50062,0.5322,0.54988,0.5788,0.60336,0.6244,0.64187,0.66885,0.6926,0.71437,0.74214,0.7943,0.90752,1.1,1.3316
0,0.11055,0.21538,0.32557,0.44121,0.55889,0.66477,0.75198,0.81897,0.86255,0.86607,0.87878,0.89272,0.89013,0.8787,0.90156,0.96761,1.0558,1.1351,1.2386,1.348
0,0.14255,0.28538,0.43228,0.58655,0.70138,0.80836,0.89331,0.96534,1.0295,1.1134,1.2004,1.2965,1.3813,1.4585,1.5263,1.5613,1.6212,1.7476,1.8973,2.026
0,0.13846,0.28351,0.45725,0.64961,0.77753,0.87413,0.95796,1.0171,1.0752,1.1386,1.1888,1.2333,1.2796,1.327,1.3574,1.3644,1.3533,1.3357,1.3418,1.3877
0,0.088837,0.17962,0.28511,0.33819,0.34652,0.3274,0.30859,0.29667,0.29474,0.3038,0.3182,0.3356,0.35919,0.39064,0.43058,0.47624,0.5273,0.59567,0.67105,0.73419
0,0.0897,0.17546,0.24864,0.3073,0.36174,0.40133,0.43032,0.44927,0.4698,0.48639,0.49775,0.50929,0.51889,0.5298,0.54759,0.57071,0.61467,0.70975,0.84582,1.0341
0,0.19045,0.37692,0.54977,0.71283,0.8442,0.95378,1.0379,1.0944,1.1201,1.1168,1.0965,1.0186,0.9412,0.90524,0.94751,1.0355,1.1301,1.2404,1.37,1.5036
0,0.16364,0.33004,0.48454,0.63002,0.73563,0.81539,0.88904,0.94272,0.97601,0.98888,0.9733,0.96596,0.95958,0.94725,0.96039,0.99686,1.0946,1.2576,1.4392,1.601
0,0.20933,0.34011,0.44851,0.56199,0.68342,0.84125,0.9421,1.0073,1.0795,1.1359,1.2013,1.2317,1.2389,1.2653,1.3347,1.4401,1.5894,1.7486,1.8594,1.9155
0,0.058116,0.11206,0.1508,0.19333,0.23609,0.27282,0.29983,0.31998,0.33484,0.34553,0.34979,0.3506,0.35338,0.35527,0.35436,0.36572,0.39544,0.46109,0.5601,0.65509
0,0.17271,0.35257,0.52514,0.67595,0.81022,0.96853,1.0977,1.0909,1.045,1.0194,1.0069,0.99666,1.0045,1.027,1.071,1.1219,1.1865,1.2562,1.3172,1.3775
0,0.10328,0.20027,0.26409,0.32525,0.38899,0.4455,0.50268,0.55216,0.60065,0.65222,0.71114,0.76655,0.82376,0.89952,0.99459,1.0713,1.1118,1.1898,1.3428,1.5296
0,0.15875,0.30782,0.44113,0.54926,0.64033,0.70785,0.75239,0.79267,0.83578,0.87807,0.92424,0.96371,0.99599,1.0144,1.0251,1.036,1.0574,1.1366,1.2809,1.4532
0,0.10745,0.21327,0.32425,0.43196,0.49955,0.55466,0.60306,0.64395,0.68472,0.72431,0.76883,0.80995,0.846,0.87708,0.91613,0.94681,0.97376,0.96281,0.96465,1.1132
0,0.033929,0.068092,0.095646,0.12133,0.13444,0.14797,0.16348,0.1808,0.19741,0.21465,0.23176,0.2488,0.26658,0.28634,0.30951,0.34463,0.40371,0.46394,0.52687,0.60219
0,0.12505,0.25533,0.36736,0.47087,0.51226,0.53451,0.54045,0.53828,0.54115,0.55368,0.5666,0.57842,0.59309,0.60728,0.62965,0.65638,0.70417,0.77442,0.85992,0.96407
0,0.21101,0.34061,0.4168,0.45133,0.47583,0.51522,0.56862,0.63958,0.71363,0.78801,0.86468,0.94305,1.0314,1.1279,1.2172,1.3051,1.41,1.5362,1.6581,1.7828
0,0.13358,0.27518,0.41502,0.5468,0.66789,0.76816,0.87422,0.96335,1.0384,1.0787,1.1221,1.1568,1.1858,1.2267,1.2575,1.2817,1.3183,1.4047,1.5235,1.6445
0,0.22322,0.44175,0.66676,0.90438,1.1007,1.2488,1.3607,1.4695,1.5796,1.674,1.7383,1.767,1.7757,1.7583,1.7574,1.7692,1.8201,1.9434,2.1236,2.2782
0,0.095923,0.18862,0.27372,0.34057,0.40505,0.47201,0.49879,0.55576,0.60766,0.65329,0.70537,0.76853,0.83313,0.91012,0.99335,1.1235,1.285,1.5039,1.7266,1.8973
0,0.097544,0.19281,0.27194,0.32508,0.35905,0.39227,0.41597,0.43425,0.44797,0.45869,0.46743,0.47931,0.49199,0.51107,0.53517,0.58129,0.64188,0.74673,0.90157,1.1881
0,0.096872,0.1862,0.27254,0.33699,0.37228,0.39145,0.41791,0.45061,0.47249,0.4925,0.51339,0.53309,0.5495,0.56627,0.59359,0.63739,0.69297,0.7697,0.86013,0.96764
0,0.16019,0.28947,0.41904,0.56462,0.64366,0.70033,0.75852,0.83031,0.90962,0.99523,1.0794,1.1563,1.2211,1.3086,1.3958,1.4531,1.4892,1.5263,1.5693,1.6342
0,0.1432,0.26522,0.36127,0.43725,0.49993,0.5596,0.6197,0.67531,0.72436,0.77283,0.81865,0.85533,0.90187,0.96099,1.0273,1.1245,1.2391,1.3769,1.5141,1.6229
0,0.098203,0.18135,0.25402,0.32232,0.37759,0.41243,0.44693,0.48592,0.51774,0.53589,0.54514,0.55728,0.58391,0.61766,0.65546,0.71002,0.78083,0.85034,0.91803,0.9803
0,0.057728,0.11245,0.14217,0.16481,0.17904,0.19295,0.20845,0.22162,0.23192,0.23648,0.23626,0.23843,0.24585,0.25503,0.2718,0.29309,0.32968,0.37786,0.4326,0.49912
0,0.1511,0.27574,0.37326,0.45223,0.52115,0.5782,0.6278,0.66599,0.69278,0.70394,0.72172,0.73238,0.73575,0.73565,0.73737,0.73875,0.78889,0.90711,1.0736,1.2835
0,0.2675,0.58562,0.92493,1.163,1.3133,1.454,1.5652,1.6273,1.7165,1.789,1.8048,1.7552,1.7384,1.7882,1.8943,1.9763,2.038,2.088,2.1391,2.189
0,0.16053,0.32082,0.45604,0.57946,0.69514,0.78701,0.86773,0.95387,1.0239,1.0797,1.1228,1.1369,1.1443,1.1487,1.1527,1.1632,1.1968,1.2612,1.3603,1.4717
0,0.085191,0.17926,0.29501,0.37794,0.4072,0.43667,0.4698,0.49682,0.52115,0.54384,0.56289,0.6043,0.65644,0.71054,0.75626,0.79969,0.84789,0.9062,0.96595,1.0256
0,0.10285,0.19749,0.27951,0.35258,0.40682,0.45832,0.51216,0.56576,0.61764,0.68794,0.76771,0.86956,0.96637,0.98953,0.97021,0.98297,1.0149,1.0936,1.1572,1.2063
0,0.15547,0.2859,0.36979,0.44002,0.50711,0.56529,0.58738,0.6067,0.63147,0.65906,0.67816,0.69496,0.71568,0.73407,0.74793,0.75348,0.77116,0.85991,1.0705,1.3412
0,0.13996,0.29454,0.434,0.57205,0.70064,0.81047,0.90854,1.0051,1.1003,1.2057,1.3123,1.4083,1.4951,1.5784,1.6418,1.7171,1.8502,1.9635,1.9015,1.7691
0,0.43075,0.8419,1.1413,1.5254,1.7709,1.7932,1.7102,1.6425,1.5849,1.5344,1.5047,1.5216,1.5916,1.7344,1.929,2.0915,2.1726,2.2196,2.2719,2.3207
0,0.050306,0.10266,0.14042,0.17066,0.1934,0.2146,0.22188,0.23065,0.23721,0.24384,0.24785,0.25319,0.25631,0.26166,0.27329,0.29108,0.32294,0.38166,0.45933,0.53817
0,0.06379,0.13057,0.19019,0.2427,0.29187,0.3338,0.37313,0.42214,0.48067,0.54347,0.58148,0.59985,0.60525,0.62003,0.67435,0.76779,0.89373,1.0263,1.1307,1.2108
0,0.056777,0.10908,0.16607,0.22268,0.27389,0.32134,0.36895,0.42116,0.47352,0.52897,0.59298,0.64699,0.68053,0.69746,0.70482,0.70116,0.69819,0.72409,0.80437,0.94949
0,0.11588,0.23862,0.36536,0.48862,0.58615,0.66415,0.74562,0.83118,0.92666,0.99533,1.0196,1.0287,1.0594,1.1172,1.196,1.2785,1.3567,1.4392,1.5092,1.5622
0,0.089836,0.17177,0.24796,0.31984,0.38301,0.43177,0.47672,0.52238,0.56206,0.61052,0.65937,0.70536,0.74662,0.78517,0.84276,0.93553,1.0557,1.1649,1.2546,1.3189
0,0.089507,0.1628,0.22087,0.27313,0.32255,0.35076,0.37258,0.40115,0.42404,0.43911,0.45724,0.48185,0.51128,0.55132,0.60743,0.68342,0.75251,0.81247,0.86734,0.91881
0,0.097325,0.19735,0.30079,0.40442,0.39737,0.36888,0.34453,0.34065,0.36105,0.39517,0.42546,0.45711,0.48856,0.52559,0.56516,0.60862,0.65413,0.71039,0.78688,0.8715
0,0.16239,0.33872,0.52641,0.71769,0.80807,0.85304,0.86714,0.87572,0.87629,0.8762,0.88782,0.90667,0.91587,0.93575,0.97084,1.0338,1.1151,1.1994,1.3118,1.3913
0,0.26882,0.49111,0.66041,0.77301,0.897,0.95449,0.99536,1.0493,1.0712,1.0724,1.0893,1.1388,1.1863,1.2121,1.2376,1.3077,1.4068,1.522,1.6329,1.7194
0,0.14282,0.27693,0.41872,0.54259,0.64352,0.72863,0.81027,0.88985,0.98323,1.0543,1.1108,1.1585,1.1977,1.235,1.263,1.2852,1.2938,1.3145,1.3658,1.4148
0,0.19376,0.3719,0.51074,0.59256,0.63852,0.67602,0.69408,0.69578,0.67925,0.64499,0.6743,0.74495,0.82045,0.87675,0.92727,0.9697,1.0067,1.0434,1.079,1.1143
0,0.054629,0.11451,0.17767,0.25355,0.32003,0.3719,0.41522,0.44545,0.46412,0.48104,0.49277,0.50124,0.51287,0.52873,0.54526,0.5718,0.58178,0.57638,0.62939,0.76195
0,0.26004,0.53284,0.78529,0.9882,1.1225,1.2004,1.2451,1.266,1.2743,1.2753,1.2605,1.2398,1.2037,1.1925,1.2411,1.3531,1.5102,1.6561,1.7712,1.8561
0,0.18405,0.37096,0.52326,0.63902,0.72272,0.77874,0.82348,0.85576,0.88167,0.91234,0.95747,1.021,1.0921,1.1598,1.1965,1.2159,1.2365,1.2793,1.318,1.3558
0,0.26686,0.4847,0.70286,0.9345,1.1546,1.2849,1.3363,1.3471,1.3584,1.3817,1.4132,1.4345,1.4595,1.4874,1.4903,1.4723,1.4689,1.4774,1.4896,1.5281
0,0.0492,0.094237,0.1347,0.17231,0.21132,0.24199,0.27059,0.29404,0.31214,0.33442,0.34988,0.36582,0.39475,0.43365,0.48182,0.52668,0.56202,0.5973,0.62119,0.64431
0,0.090427,0.17468,0.25406,0.33332,0.40456,0.45364,0.49819,0.53132,0.55993,0.59539,0.62832,0.65393,0.67939,0.71685,0.75538,0.80537,0.87241,0.94245,1.0117,1.0974
0,0.16382,0.35375,0.53976,0.70111,0.85604,0.98355,1.1102,1.2203,1.2965,1.337,1.362,1.3904,1.4055,1.4146,1.4257,1.4442,1.4983,1.5999,1.6854,1.7539
0,0.12264,0.24363,0.36086,0.45265,0.52564,0.5706,0.61033,0.65028,0.68088,0.70659,0.72941,0.74514,0.75781,0.77311,0.81098,0.86541,0.92895,1.0172,1.1282,1.2369
0,0.27494,0.54519,0.79758,0.9804,0.92412,0.90049,0.93951,0.99244,1.0152,1.0167,1.0303,1.055,1.0859,1.118,1.1602,1.2182,1.3097,1.4104,1.512,1.6014
0,0.10527,0.22411,0.29307,0.29142,0.26065,0.24106,0.21643,0.19222,0.17661,0.18471,0.21094,0.25017,0.28952,0.33213,0.38058,0.43008,0.48215,0.53471,0.58363,0.62688
0,0.13014,0.25386,0.35644,0.43213,0.49514,0.53559,0.56042,0.57552,0.57765,0.57976,0.58524,0.59284,0.60982,0.63597,0.67453,0.72902,0.80216,0.90492,1.0228,1.1625
0,0.21862,0.46243,0.74415,1.0112,1.2047,1.3519,1.4619,1.5414,1.603,1.635,1.6081,1.5545,1.5065,1.447,1.4282,1.4191,1.4236,1.4653,1.5205,1.5977
0,0.18188,0.34412,0.46509,0.56269,0.63449,0.7091,0.79044,0.88055,0.96919,1.0526,1.1272,1.1894,1.2336,1.2923,1.3651,1.4102,1.4526,1.5078,1.659,1.7535
0,0.22496,0.34568,0.43072,0.55261,0.6371,0.69286,0.74721,0.76715,0.76921,0.77826,0.79736,0.83371,0.87063,0.90067,0.94072,1.009,1.0536,1.0714,1.0998,1.1566
0,0.053931,0.10401,0.15522,0.19095,0.20113,0.19915,0.20349,0.21494,0.23098,0.25081,0.27101,0.28847,0.31024,0.33244,0.35258,0.37549,0.39311,0.41053,0.4741,0.55801
0,0.11884,0.24082,0.35918,0.46401,0.54183,0.59794,0.64005,0.67108,0.70119,0.72685,0.75119,0.77243,0.78231,0.78708,0.79175,0.79243,0.79785,0.81163,0.86725,0.99731
0,0.12298,0.26065,0.40382,0.54915,0.70021,0.84734,0.94524,0.95546,0.96623,0.99166,1.0361,1.0796,1.1239,1.1684,1.2153,1.2776,1.3445,1.4329,1.5286,1.5904
0,0.14355,0.28533,0.42362,0.55144,0.65788,0.74176,0.80869,0.86876,0.93126,0.99535,1.0738,1.159,1.2415,1.3232,1.4106,1.4769,1.5025,1.5246,1.6499,1.8062
0,0.11175,0.223,0.32783,0.41726,0.50101,0.57047,0.62268,0.65606,0.67138,0.68607,0.70137,0.73086,0.7751,0.84873,0.94832,1.079,1.1993,1.2332,1.2176,1.1152
0,0.042506,0.086109,0.13576,0.17971,0.22398,0.25925,0.28765,0.31308,0.33908,0.36284,0.38716,0.40761,0.43335,0.45849,0.47959,0.50694,0.54197,0.58669,0.6376,0.69426
0,0.090166,0.16597,0.2132,0.24569,0.27056,0.30275,0.33147,0.35039,0.37459,0.40215,0.42929,0.45129,0.47606,0.52571,0.58839,0.66983,0.76319,0.87234,0.98214,1.1047
0,0.13557,0.26045,0.37285,0.47619,0.56377,0.62774,0.67766,0.71649,0.74905,0.77861,0.80364,0.81557,0.82877,0.85466,0.8958,0.96826,1.0475,1.1286,1.2273,1.3268
0,0.22217,0.44661,0.65228,0.8772,1.0545,1.1862,1.2716,1.2951,1.315,1.3454,1.3603,1.3862,1.4043,1.4414,1.4976,1.5519,1.6398,1.7855,1.9513,2.0735
0,0.11041,0.22543,0.33764,0.43302,0.51711,0.58609,0.63701,0.69101,0.75221,0.80444,0.85094,0.89209,0.92341,0.94301,0.94302,0.94221,0.95526,0.98314,0.98827,0.99653
0,0.052588,0.081614,0.092339,0.10393,0.11377,0.11913,0.12889,0.14605,0.16066,0.174,0.18441,0.18598,0.18417,0.19227,0.22137,0.25507,0.3005,0.35425,0.41723,0.48404
0,0.15057,0.25246,0.32063,0.40167,0.44803,0.43978,0.44495,0.45261,0.44403,0.42632,0.40606,0.40368,0.41928,0.44575,0.48964,0.55585,0.63888,0.75038,0.87023,0.98184
0,0.18286,0.38185,0.55548,0.70472,0.82467,0.93884,1.0261,1.1045,1.1808,1.2495,1.2963,1.3064,1.2944,1.3217,1.4016,1.5064,1.5862,1.6666,1.7457,1.8248
0,0.10484,0.18956,0.25064,0.30424,0.35252,0.39745,0.44401,0.48287,0.51727,0.55148,0.58771,0.6219,0.64987,0.66585,0.68816,0.71659,0.79062,0.88531,0.91513,1.0098
0,0.15944,0.30129,0.42195,0.52006,0.58869,0.6737,0.7544,0.81452,0.87826,0.91137,0.90786,0.92538,0.97579,1.0621,1.1752,1.2699,1.355,1.4504,1.5413,1.6218
0,0.10852,0.20189,0.29944,0.38751,0.47125,0.54293,0.59967,0.64804,0.68122,0.6939,0.70064,0.73652,0.76678,0.77954,0.80312,0.83267,0.86097,0.87932,0.89702,0.93559
0,0.11186,0.21669,0.31019,0.39462,0.45707,0.50894,0.55122,0.58391,0.61221,0.62929,0.64304,0.64556,0.643,0.63454,0.63045,0.62648,0.63616,0.66324,0.71196,0.76333
0,0.21191,0.43982,0.65182,0.82817,1.007,1.2051,1.4237,1.3988,1.3409,1.2605,1.2188,1.2166,1.2078,1.2028,1.2034,1.2135,1.2256,1.2519,1.2923,1.3547
0,0.2546,0.42515,0.57257,0.675,0.7509,0.81476,0.88448,0.96029,1.0324,1.1145,1.1538,1.2085,1.2804,1.3482,1.4031,1.4606,1.5129,1.555,1.6121,1.6782
0,0.10116,0.20137,0.31888,0.44208,0.53918,0.60621,0.65746,0.69244,0.71301,0.72803,0.74079,0.75227,0.76188,0.76956,0.77402,0.78696,0.80051,0.81679,0.85034,0.92263
0,0.16248,0.32356,0.47907,0.57287,0.582,0.58899,0.59706,0.60665,0.60254,0.60093,0.5974,0.58577,0.56919,0.55311,0.54276,0.53463,0.53511,0.54492,0.56788,0.61707
0,0.21186,0.40716,0.62165,0.89179,0.91994,0.91529,0.91064,0.90288,0.89435,0.87607,0.85888,0.84884,0.8509,0.86499,0.89571,0.95077,1.0485,1.1951,1.4258,1.6802
0,0.12198,0.25822,0.4071,0.53723,0.6474,0.75734,0.86562,0.94838,0.97018,0.99249,1.013,1.0367,1.1052,1.2067,1.331,1.4173,1.4661,1.5214,1.5624,1.6045
0,0.16632,0.31548,0.44406,0.57209,0.67066,0.74261,0.80042,0.85522,0.9132,0.95946,0.98388,1.0041,1.0321,1.0723,1.1524,1.2761,1.4083,1.5471,1.6627,1.7111
0,0.21158,0.41401,0.58668,0.75876,0.92884,1.0596,1.1617,1.2451,1.3317,1.4012,1.4434,1.4583,1.4685,1.5015,1.5244,1.5562,1.5894,1.6488,1.6759,1.6812
0,0.05992,0.13946,0.32245,0.46845,0.42823,0.39057,0.37754,0.40732,0.44523,0.48232,0.51594,0.54629,0.5769,0.61073,0.64855,0.68885,0.73698,0.81371,0.90711,0.99814
0,0.23017,0.47638,0.75275,1.0053,1.2708,1.4154,1.4862,1.5487,1.5928,1.6115,1.6187,1.6202,1.5938,1.5109,1.3948,1.4102,1.5008,1.6086,1.7292,1.8375
0,0.24644,0.42807,0.53166,0.59562,0.64902,0.68918,0.72701,0.75821,0.78405,0.80369,0.81305,0.81375,0.80668,0.80649,0.79655,0.79116,0.81389,0.91372,1.0875,1.232
0,0.13771,0.26833,0.39406,0.53113,0.66654,0.78141,0.8957,1.0186,1.1398,1.2705,1.3868,1.4784,1.5361,1.5544,1.5253,1.5045,1.4813,1.4665,1.4672,1.4773
0,0.13344,0.2311,0.31265,0.39512,0.51033,0.63221,0.73148,0.82475,0.87933,0.9175,0.94215,0.94655,0.94149,0.9423,0.96778,1.0008,1.0422,1.1012,1.1602,1.2078
0,0.14895,0.2975,0.42182,0.50889,0.57855,0.63438,0.70139,0.78104,0.8133,0.85776,0.92514,0.97233,1.0423,1.1373,1.2384,1.3645,1.4797,1.585,1.694,1.7922
0,0.10988,0.20435,0.29349,0.36242,0.40922,0.44335,0.471,0.48861,0.49513,0.50347,0.50803,0.51549,0.55963,0.63163,0.75763,0.89181,1.058,1.1929,1.292,1.3671
0,0.099739,0.1854,0.27139,0.35691,0.43662,0.49714,0.5459,0.57914,0.59872,0.61371,0.62205,0.63143,0.64243,0.65711,0.64998,0.62277,0.60229,0.59898,0.65018,0.73614
0,0.26413,0.51882,0.74915,0.95616,1.1149,1.237,1.3192,1.3741,1.4035,1.4167,1.4244,1.4163,1.4077,1.3949,1.3874,1.3675,1.3288,1.3549,1.433,1.5939
0,0.21912,0.43686,0.609,0.73125,0.80901,0.86062,0.90122,0.90474,0.89499,0.8797,0.85179,0.8125,0.77883,0.7573,0.73607,0.73835,0.78305,0.86163,0.95513,1.0664
0,0.14685,0.31767,0.50455,0.68968,0.85082,1.0022,1.1221,1.205,1.2592,1.2834,1.2921,1.3148,1.3392,1.365,1.3683,1.3682,1.3775,1.4296,1.4972,1.5679
0,0.11712,0.21305,0.29975,0.37647,0.43229,0.47704,0.53365,0.59351,0.6448,0.67304,0.69008,0.71207,0.7489,0.7881,0.82085,0.87646,0.94754,1.033,1.1292,1.2431
0,0.089795,0.17924,0.26612,0.34695,0.42119,0.48841,0.54503,0.59614,0.64603,0.69805,0.75654,0.81804,0.88559,0.95284,1.0307,1.1247,1.213,1.3008,1.3623,1.3928
0,0.16062,0.30651,0.41438,0.50445,0.59203,0.66544,0.72163,0.78321,0.86261,0.92115,0.97287,1.0277,1.0934,1.1828,1.2578,1.3347,1.4254,1.5165,1.6276,1.7415
0,0.22748,0.4327,0.64178,0.85032,1.0118,1.1375,1.2401,1.3106,1.3431,1.3665,1.3805,1.3653,1.3694,1.4055,1.4703,1.5395,1.5944,1.6495,1.7229,1.7773
0,0.034321,0.066452,0.095399,0.11922,0.14007,0.15568,0.16743,0.174,0.18949,0.19826,0.20016,0.20176,0.20599,0.21433,0.22745,0.24724,0.27643,0.31941,0.36361,0.401
0,0.10065,0.2037,0.30002,0.40007,0.47912,0.53608,0.57717,0.61635,0.65593,0.69558,0.73714,0.78742,0.84183,0.89759,0.94079,0.99178,1.0526,1.1328,1.2385,1.3514
0,0.16213,0.2848,0.40938,0.49284,0.58971,0.68455,0.73833,0.84653,0.95676,1.0615,1.1499,1.2322,1.3101,1.3926,1.4715,1.5372,1.6021,1.6876,1.8265,1.9924
0,0.13923,0.27229,0.39507,0.50933,0.60542,0.68754,0.74369,0.78583,0.80249,0.81366,0.82325,0.82246,0.81708,0.82644,0.84663,0.87541,0.90828,0.94719,0.99038,1.0496
0,0.12665,0.24847,0.38265,0.54058,0.61767,0.70773,0.8032,0.90703,0.9957,1.0909,1.1932,1.2492,1.2788,1.2829,1.2675,1.2841,1.3296,1.3387,1.2576,1.2602
0,0.030623,0.055535,0.077294,0.094978,0.10933,0.1211,0.13179,0.14158,0.15196,0.16231,0.17175,0.18095,0.18679,0.19099,0.19584,0.19651,0.19291,0.18754,0.23773,0.36348
0,0.31101,0.64174,0.91481,1.0571,1.0847,1.0375,1.0009,0.97275,0.94157,0.91472,0.92473,0.94695,0.98215,1.0245,1.1011,1.1712,1.3309,1.4885,1.6318,1.7307
0,0.13493,0.2602,0.37841,0.49305,0.61524,0.76348,0.92301,1.0624,1.1483,1.1778,1.1522,1.1164,1.0921,1.0548,1.0301,1.087,1.2006,1.3176,1.4348,1.5272
0,0.23578,0.47682,0.72497,0.9715,1.1021,1.2196,1.267,1.2843,1.2552,1.2399,1.2429,1.2666,1.3147,1.4514,1.7498,1.9461,2.0858,2.0501,1.9732,1.9848
0,0.14989,0.31367,0.44747,0.56227,0.6412,0.68312,0.70508,0.73631,0.77122,0.81499,0.87024,0.94543,1.0167,1.0662,1.1123,1.1695,1.2328,1.3111,1.398,1.4909
0,0.072611,0.15425,0.23529,0.3003,0.34794,0.38488,0.4168,0.44247,0.46318,0.47687,0.48823,0.49141,0.4899,0.48341,0.47251,0.45598,0.43194,0.40067,0.43314,0.5146
0,0.15054,0.2922,0.44813,0.60467,0.72632,0.81505,0.8915,0.99139,1.0804,1.1491,1.2056,1.2583,1.3164,1.3877,1.4519,1.5129,1.5424,1.5308,1.5359,1.6152
0,0.23257,0.41657,0.55292,0.65876,0.74058,0.80449,0.86106,0.89231,0.90907,0.91745,0.9246,0.9372,0.97958,1.1192,1.3469,1.5803,1.7749,1.9407,2.0614,2.1689
0,0.16181,0.32581,0.50004,0.6361,0.79953,1.066,1.3198,1.4103,1.3918,1.3136,1.2365,1.1718,1.1129,1.0691,1.0665,1.0914,1.1509,1.244,1.3477,1.4451
0,0.13821,0.27426,0.38645,0.48591,0.56706,0.64858,0.73156,0.80585,0.884,0.95809,1.0313,1.0927,1.1437,1.1889,1.2311,1.2744,1.2847,1.3422,1.4347,1.5228
0,0.05951,0.11698,0.17032,0.21656,0.25467,0.28798,0.31707,0.33974,0.35067,0.34899,0.34129,0.33578,0.34205,0.35823,0.37671,0.39308,0.41173,0.44355,0.49035,0.5682
0,0.46142,0.44658,0.51814,0.56351,0.59417,0.60516,0.60295,0.59537,0.58945,0.58434,0.60147,0.64913,0.71864,0.8017,0.91478,1.0334,1.1634,1.3297,1.5572,1.8011
0,0.14475,0.26629,0.38097,0.47152,0.53712,0.58681,0.62964,0.67443,0.71367,0.73921,0.75594,0.77258,0.80227,0.8502,0.92007,1.0003,1.0972,1.1947,1.3045,1.3966
0,0.19699,0.37739,0.53798,0.65039,0.72558,0.75838,0.76914,0.75281,0.73489,0.72495,0.71116,0.71005,0.74364,0.78938,0.86031,0.98459,1.1429,1.2989,1.4742,1.696
0,0.17684,0.37981,0.56614,0.74013,0.84425,0.9545,1.0684,1.1703,1.2882,1.3677,1.4364,1.4597,1.4949,1.5447,1.6047,1.6441,1.639,1.6205,1.6273,1.6872
0,0.07675,0.15149,0.2162,0.26305,0.29511,0.31588,0.33259,0.34344,0.35388,0.36138,0.36689,0.38126,0.42269,0.46008,0.51452,0.59162,0.68011,0.777,0.85532,0.91492
0,0.2668,0.47692,0.62532,0.73441,0.78222,0.79243,0.79284,0.79289,0.81123,0.84374,0.90059,0.97724,1.0574,1.1557,1.2649,1.3632,1.4461,1.5508,1.6564,1.7759
0,0.20263,0.40327,0.61377,0.86446,1.0878,1.2487,1.2742,1.2526,1.1946,1.135,1.0686,1.0107,0.97433,1.0129,1.1068,1.2025,1.2869,1.3804,1.4923,1.6184
0,0.152,0.30131,0.44081,0.56484,0.66663,0.74006,0.79672,0.83928,0.88228,0.94537,0.99007,1.0124,1.024,1.0382,1.0658,1.0985,1.1411,1.2048,1.29,1.4003
0,0.20985,0.41774,0.59669,0.76695,0.92115,1.0556,1.1585,1.2343,1.2942,1.334,1.357,1.352,1.3301,1.3058,1.2488,1.1735,1.154,1.2581,1.4335,1.5827
0,0.08154,0.22696,0.32918,0.38598,0.39498,0.40755,0.41507,0.41105,0.41068,0.41414,0.43788,0.49601,0.56712,0.64248,0.71282,0.77895,0.84963,0.92628,0.99413,1.0577
0,0.090781,0.18156,0.26003,0.32876,0.38662,0.43335,0.4736,0.50828,0.5324,0.54817,0.55286,0.55519,0.56768,0.57573,0.58236,0.61032,0.66445,0.76579,0.90056,1.0294
0,0.12757,0.24289,0.35656,0.46286,0.53588,0.59382,0.63392,0.66437,0.6999,0.73513,0.77263,0.80473,0.83787,0.87083,0.9164,0.99695,1.1104,1.2419,1.3849,1.5768
0,0.1331,0.28261,0.43575,0.54961,0.64757,0.73011,0.80545,0.88816,0.95489,1.006,1.0402,1.0477,1.044,1.0392,1.0723,1.1886,1.3575,1.5272,1.6777,1.794
0,0.17879,0.34946,0.5105,0.63175,0.71845,0.80258,0.89853,0.97873,1.0567,1.1062,1.1663,1.2151,1.2721,1.3273,1.3769,1.4447,1.5242,1.6402,1.7477,1.8412
0,0.036878,0.067137,0.09289,0.11786,0.13848,0.15242,0.15057,0.1376,0.12897,0.12751,0.13487,0.1456,0.16274,0.19261,0.22453,0.26685,0.31099,0.36,0.41801,0.4876
0,0.14362,0.27153,0.37628,0.47083,0.56235,0.64376,0.71411,0.76901,0.80892,0.84597,0.88995,0.93604,0.99418,1.0572,1.1323,1.2119,1.3011,1.3868,1.4928,1.5944
0,0.14275,0.27042,0.40173,0.52351,0.60948,0.65704,0.68823,0.67095,0.66767,0.66522,0.67538,0.68469,0.70002,0.72022,0.75856,0.86841,1.0449,1.2927,1.5572,1.7537
0,0.14143,0.29292,0.41426,0.55305,0.60663,0.6512,0.68136,0.6891,0.70244,0.72415,0.75843,0.82063,0.87434,0.91819,0.9765,1.0689,1.2002,1.3542,1.5042,1.6841
0,0.15325,0.30307,0.43509,0.48355,0.50726,0.54994,0.59131,0.63547,0.67949,0.72773,0.77373,0.81148,0.84705,0.9041,1.0012,1.1093,1.1815,1.1463,1.1728,1.2501
0,0.080657,0.16855,0.24537,0.3024,0.34188,0.37012,0.39538,0.41215,0.42125,0.41954,0.41821,0.42733,0.44164,0.46704,0.5019,0.5538,0.60501,0.65206,0.6928,0.73165
0,0.096841,0.19833,0.31409,0.37325,0.40519,0.41437,0.41566,0.41812,0.41575,0.41574,0.42097,0.4325,0.45329,0.49867,0.5723,0.68722,0.84046,1.0261,1.1924,1.3368
0,0.31622,0.65046,0.88047,1.0427,1.156,1.2315,1.2709,1.2967,1.3188,1.3391,1.3357,1.3385,1.3627,1.4041,1.452,1.4889,1.542,1.6132,1.7063,1.8034
0,0.17374,0.36625,0.553,0.71889,0.82937,0.89701,0.93774,0.94986,0.94702,0.93823,0.92464,0.92195,0.94774,0.9937,1.0714,1.1802,1.3011,1.4493,1.5886,1.7139
0,0.16959,0.38993,0.58356,0.72886,0.82741,0.92555,0.98834,1.0199,1.0314,1.0684,1.1223,1.1784,1.2372,1.2671,1.2866,1.3163,1.3537,1.4075,1.4823,1.5819
0,0.11154,0.21061,0.29712,0.3248,0.34844,0.358,0.36538,0.35037,0.34357,0.35591,0.38102,0.41459,0.45543,0.49746,0.53253,0.5659,0.5987,0.65071,0.73039,0.83987
0,0.10643,0.20843,0.31219,0.41188,0.49529,0.56315,0.60399,0.63192,0.65928,0.69273,0.71231,0.72036,0.73009,0.73191,0.72615,0.74,0.7999,0.94841,1.1779,1.4323
0,0.11025,0.24366,0.41074,0.55465,0.66824,0.67713,0.6657,0.66766,0.67383,0.68033,0.69889,0.72557,0.76825,0.82648,0.89626,0.9775,1.0746,1.1824,1.2998,1.4314
0,0.24599,0.48791,0.699,0.79254,0.78914,0.78255,0.79452,0.82356,0.8823,0.97624,1.1045,1.2532,1.3959,1.5517,1.7179,1.875,2.0118,2.137,2.2255,2.3087
0,0.18835,0.35231,0.49015,0.60616,0.65966,0.71073,0.72568,0.75164,0.79746,0.86019,0.92007,0.99233,1.0664,1.1356,1.2095,1.2874,1.3646,1.4672,1.5938,1.7313
0,0.15927,0.35141,0.55757,0.73979,0.8647,0.96129,1.0823,1.2074,1.2185,1.1657,1.0785,1.0252,1.046,1.1167,1.1946,1.2777,1.3721,1.4762,1.582,1.6706
0,0.21655,0.27519,0.3438,0.37912,0.41198,0.44941,0.48794,0.55014,0.62971,0.66316,0.68015,0.74451,0.82447,0.91411,1.0075,1.1035,1.2152,1.3175,1.4266,1.5533
0,0.25329,0.51801,0.7323,0.89469,1.0856,1.2289,1.2818,1.2754,1.2826,1.3076,1.3569,1.4031,1.4478,1.5204,1.6164,1.7006,1.7784,1.9056,2.0144,2.0806
0,0.14582,0.3522,0.44694,0.56414,0.68227,0.76458,0.83379,0.89419,0.93777,0.97282,1.0142,1.0375,1.0553,1.0804,1.1152,1.1658,1.2161,1.2801,1.3389,1.3892
0,0.29215,0.53016,0.67612,0.8043,0.90374,1.0427,1.1915,1.3273,1.4808,1.6013,1.7032,1.7782,1.8282,1.9162,1.9996,2.1034,2.1849,2.2277,2.2888,2.3318
0,0.064264,0.11724,0.16732,0.21429,0.26151,0.30144,0.33421,0.35881,0.37602,0.38688,0.3893,0.38585,0.37501,0.36245,0.35473,0.36008,0.39288,0.49129,0.64532,0.77203
0,0.096948,0.17593,0.23308,0.27976,0.30907,0.33112,0.34705,0.35586,0.36107,0.36262,0.36513,0.37595,0.39668,0.42652,0.47303,0.59953,0.80359,1.0431,1.2497,1.3956
0,0.33088,0.6371,0.93476,1.1715,1.3165,1.4171,1.5034,1.5758,1.6214,1.6396,1.6228,1.5816,1.5304,1.483,1.4106,1.3533,1.3419,1.3904,1.4519,1.5102
0,0.18236,0.37944,0.58632,0.7806,0.93812,1.0737,1.2065,1.3081,1.3897,1.4537,1.5076,1.5449,1.5661,1.5769,1.57,1.5639,1.5643,1.5781,1.6162,1.6778
0,0.184,0.37625,0.56674,0.75061,0.93161,1.0962,1.3549,1.5794,1.605,1.5832,1.567,1.5737,1.5765,1.5577,1.5219,1.4861,1.4854,1.5368,1.6173,1.7269
0,0.087248,0.1489,0.187,0.22033,0.2509,0.27172,0.29143,0.3193,0.34741,0.37621,0.40295,0.42697,0.44592,0.46687,0.49889,0.54705,0.61698,0.73871,0.89421,1.0142
0,0.096554,0.17074,0.23918,0.31511,0.34668,0.36775,0.38439,0.39076,0.40469,0.4198,0.45134,0.49703,0.55306,0.61495,0.68361,0.7813,0.90777,1.0105,1.1008,1.187
0,0.14887,0.2988,0.44657,0.58078,0.68713,0.77786,0.85636,0.92397,0.9902,1.0375,1.0766,1.1192,1.1649,1.1875,1.2033,1.2074,1.2286,1.3743,1.5281,1.6335
0,0.22276,0.44522,0.64707,0.8518,0.96251,0.92284,0.89778,0.87511,0.8773,0.91918,0.98151,1.0329,1.098,1.1661,1.273,1.38,1.4867,1.5943,1.6867,1.7621
0,0.12624,0.24,0.35095,0.45587,0.54619,0.6242,0.68844,0.74056,0.80699,0.8833,0.95433,1.0222,1.0789,1.1293,1.157,1.2296,1.3032,1.4219,1.5251,1.6155
0,0.04578,0.092094,0.1345,0.16085,0.17631,0.18794,0.19813,0.20631,0.20859,0.19789,0.17876,0.16986,0.17291,0.18997,0.2198,0.2581,0.29422,0.32829,0.37306,0.41465
0,0.13376,0.25796,0.36559,0.45312,0.5178,0.56433,0.59867,0.62257,0.64478,0.67426,0.70937,0.74156,0.76636,0.7964,0.84294,0.91935,1.0618,1.187,1.2773,1.3717
0,0.27013,0.56826,0.92152,1.227,1.3329,1.3429,1.3689,1.3827,1.3708,1.3507,1.3239,1.3059,1.3049,1.3149,1.3432,1.3741,1.4388,1.5163,1.6017,1.6811
0,0.13152,0.2703,0.40836,0.54953,0.66313,0.75261,0.82134,0.88554,0.94193,0.99261,1.0406,1.091,1.1362,1.1789,1.2104,1.2234,1.2343,1.2655,1.3326,1.4199
0,0.12378,0.2605,0.37987,0.48504,0.57329,0.66186,0.75231,0.83763,0.91507,0.98081,1.0462,1.1245,1.1653,1.1811,1.1712,1.1298,1.0669,1.0334,1.0628,1.1347
0,0.066638,0.13331,0.19119,0.24455,0.29307,0.32915,0.35479,0.37355,0.3902,0.40965,0.42773,0.45107,0.47165,0.48904,0.50612,0.52639,0.54634,0.57587,0.61486,0.6458
