0,0.092087,0.18718,0.28066,0.3712,0.45798,0.53076,0.58532,0.63465,0.67334,0.71073,0.74603,0.77857,0.80946,0.84587,0.8885,0.95141,1.0358,1.1309,1.2376,1.3032
0,0.13212,0.26902,0.39569,0.51045,0.60417,0.67965,0.73378,0.76707,0.78914,0.80762,0.82713,0.84905,0.87861,0.91754,0.96335,1.0308,1.1238,1.2427,1.369,1.4181
0,0.10996,0.21103,0.30039,0.38031,0.44832,0.50535,0.54793,0.58269,0.61171,0.64372,0.68225,0.73636,0.81642,0.91581,1.0234,1.1364,1.2215,1.2887,1.3777,1.436
0,0.087452,0.173,0.25448,0.3363,0.40968,0.47125,0.51984,0.55949,0.59471,0.62815,0.66064,0.69267,0.72466,0.76232,0.81892,0.88813,0.96078,1.0266,1.0803,1.0888
0,0.050281,0.10047,0.15215,0.20453,0.25466,0.297,0.33223,0.36661,0.39734,0.42542,0.45345,0.48469,0.52715,0.57753,0.63805,0.72969,0.85516,0.99097,1.1162,1.2202
0,0.10805,0.2182,0.32115,0.42126,0.51952,0.61315,0.67863,0.7226,0.75523,0.78142,0.80025,0.82126,0.8431,0.8711,0.9073,0.95676,1.0233,1.0905,1.1991,1.3314
0,0.13064,0.25641,0.36995,0.46593,0.54789,0.6061,0.64836,0.67646,0.7013,0.72691,0.75783,0.79103,0.82961,0.87429,0.92197,0.97524,1.0214,1.0759,1.1452,1.1708
0,0.089731,0.17539,0.25668,0.33763,0.41662,0.49096,0.54938,0.59483,0.63527,0.67054,0.70416,0.73891,0.7886,0.87832,0.98075,1.0922,1.2023,1.2948,1.3634,1.3919
0,0.078834,0.15879,0.2337,0.29997,0.35553,0.4055,0.4483,0.48996,0.53503,0.5744,0.61959,0.67357,0.7295,0.78065,0.83459,0.91245,0.99919,1.074,1.1194,1.1065
0,0.063912,0.12646,0.18957,0.24702,0.30062,0.34903,0.38106,0.40507,0.4274,0.44919,0.47716,0.50557,0.53157,0.56584,0.61452,0.67582,0.74381,0.81921,0.9424,1.0849
0,0.10227,0.20315,0.29863,0.38889,0.46563,0.5308,0.57994,0.62199,0.65871,0.69555,0.73474,0.77721,0.81526,0.85458,0.89051,0.93732,1.0074,1.0777,1.1688,1.2395
0,0.10277,0.20747,0.30555,0.39737,0.47964,0.54873,0.6007,0.63679,0.66448,0.69043,0.72164,0.76026,0.79995,0.84767,0.89888,0.95579,1.0179,1.0823,1.1852,1.2648
0,0.079646,0.15546,0.23152,0.30275,0.36165,0.41488,0.46055,0.49844,0.53887,0.57805,0.61489,0.6548,0.70431,0.7687,0.85586,0.96469,1.0688,1.1362,1.2001,1.2611
0,0.090275,0.17942,0.2659,0.34529,0.41955,0.48786,0.55201,0.61255,0.66883,0.72208,0.7739,0.8241,0.8816,0.93428,0.9773,1.0184,1.0624,1.1025,1.1305,1.0887
0,0.058194,0.11536,0.17102,0.2235,0.26923,0.30705,0.33371,0.35588,0.37828,0.40031,0.42289,0.45211,0.48922,0.53254,0.58799,0.65525,0.72926,0.8128,0.93049,1.0383
0,0.10151,0.20092,0.29271,0.37797,0.45263,0.51326,0.56084,0.59716,0.62646,0.65378,0.68148,0.71479,0.75664,0.81157,0.86679,0.92215,0.98171,1.0548,1.1552,1.2554
0,0.097157,0.19023,0.28534,0.37151,0.44089,0.5027,0.54848,0.57562,0.59918,0.62105,0.64507,0.67781,0.72394,0.77628,0.83124,0.88902,0.94555,1.0028,1.0731,1.1618
0,0.08532,0.16294,0.22969,0.30092,0.36946,0.42301,0.46939,0.51279,0.55005,0.58596,0.61836,0.65203,0.68873,0.74406,0.83132,0.93561,1.0359,1.1186,1.1888,1.2188
0,0.082685,0.16509,0.2431,0.31507,0.37763,0.43367,0.48382,0.52884,0.57395,0.6148,0.64395,0.66649,0.69146,0.71859,0.7538,0.80421,0.86416,0.92329,0.95704,0.95083
0,0.037875,0.074102,0.11048,0.14665,0.18014,0.21034,0.23826,0.2637,0.29072,0.31796,0.34314,0.36731,0.39415,0.43266,0.49083,0.57804,0.66959,0.77197,0.9033,1.0744
0,0.08045,0.15763,0.23401,0.30518,0.37004,0.42485,0.47251,0.51494,0.55865,0.60257,0.64572,0.68581,0.72708,0.7756,0.83349,0.91759,1.0039,1.0987,1.2472,1.3642
0,0.10587,0.21568,0.31649,0.40043,0.47151,0.53086,0.57682,0.6056,0.62756,0.64647,0.67015,0.69886,0.73286,0.78104,0.83348,0.89829,0.95197,0.98888,1.0391,1.096
0,0.075694,0.14325,0.20401,0.26006,0.31764,0.38254,0.44115,0.48773,0.54295,0.60495,0.66671,0.72763,0.79446,0.88119,0.97369,1.087,1.1732,1.2454,1.3289,1.3536
0,0.085601,0.16933,0.24914,0.31859,0.38433,0.44689,0.49922,0.55261,0.5999,0.64091,0.67452,0.70136,0.73708,0.77807,0.82005,0.87231,0.93069,0.96424,0.99041,0.95497
0,0.067506,0.13351,0.19796,0.25495,0.30747,0.35121,0.38642,0.41383,0.44189,0.47591,0.51214,0.55321,0.6033,0.67188,0.75877,0.86265,0.98057,1.1056,1.2356,1.3474
0,0.10881,0.22329,0.33254,0.43485,0.52643,0.60942,0.66902,0.71419,0.75299,0.78782,0.81987,0.85135,0.88441,0.91537,0.94783,0.99217,1.0491,1.1229,1.2245,1.3041
0,0.13628,0.27688,0.41083,0.52596,0.61886,0.68768,0.73526,0.76586,0.78368,0.79851,0.81557,0.83953,0.87208,0.90926,0.95551,1.0219,1.1084,1.219,1.343,1.4086
0,0.111,0.22355,0.33039,0.42511,0.50458,0.56834,0.62044,0.66026,0.69065,0.72379,0.7669,0.81787,0.87453,0.94445,1.0222,1.1123,1.2278,1.3314,1.4217,1.4988
0,0.097529,0.18898,0.27522,0.35659,0.43219,0.49724,0.55185,0.59384,0.62965,0.65886,0.68179,0.70628,0.72941,0.76294,0.81113,0.87133,0.93487,1.0028,1.0672,1.0829
0,0.053194,0.10895,0.1686,0.23069,0.29224,0.34631,0.38959,0.4274,0.45843,0.48412,0.50544,0.52066,0.53995,0.56645,0.60134,0.65026,0.72682,0.84459,1.0427,1.1956
0,0.10371,0.2055,0.30912,0.40704,0.50043,0.59225,0.66209,0.7088,0.74306,0.77277,0.80069,0.8281,0.85001,0.87656,0.91271,0.96645,1.0389,1.1211,1.2304,1.3532
0,0.121,0.23472,0.3417,0.4324,0.50913,0.57108,0.60645,0.63308,0.65418,0.67395,0.69795,0.73573,0.7781,0.82777,0.88268,0.94601,1.0064,1.072,1.1384,1.1749
0,0.11466,0.23544,0.35179,0.4583,0.55222,0.63179,0.69332,0.73467,0.76273,0.78662,0.8144,0.84759,0.88483,0.93102,0.98762,1.0608,1.1475,1.2405,1.3075,1.3567
0,0.078667,0.15366,0.2246,0.28914,0.34653,0.39538,0.43482,0.4688,0.50121,0.53571,0.57351,0.61342,0.65667,0.7001,0.7536,0.81114,0.86952,0.9381,0.99846,1.0218
0,0.068854,0.13237,0.19041,0.24352,0.29551,0.33955,0.37322,0.40172,0.42348,0.43961,0.45503,0.47666,0.50612,0.54285,0.59439,0.6695,0.76496,0.88223,1.0175,1.1471
0,0.11318,0.22896,0.34523,0.45922,0.55845,0.64295,0.70937,0.75946,0.80081,0.8333,0.86233,0.88852,0.90816,0.92833,0.95194,0.99244,1.0568,1.1413,1.2441,1.3249
0,0.10893,0.21171,0.30486,0.39206,0.46666,0.52903,0.57727,0.61478,0.64838,0.67759,0.70736,0.74043,0.78073,0.82702,0.88456,0.95317,1.0319,1.1247,1.215,1.2952
0,0.10049,0.1986,0.29073,0.37511,0.44879,0.51561,0.57339,0.61657,0.65496,0.69481,0.73598,0.77853,0.82492,0.87696,0.94794,1.0436,1.1467,1.2254,1.2711,1.2919
0,0.081106,0.15884,0.23733,0.31595,0.38853,0.45813,0.52439,0.58467,0.63548,0.67744,0.7132,0.74311,0.77344,0.80816,0.84733,0.892,0.94414,0.98912,1.0282,1.0212
0,0.059311,0.11823,0.17215,0.22194,0.26211,0.29689,0.32012,0.33821,0.35838,0.37865,0.4009,0.42588,0.45529,0.49841,0.56369,0.64131,0.74025,0.84518,0.94845,1.0638
0,0.096595,0.19272,0.28243,0.36126,0.42481,0.48606,0.53979,0.58053,0.61088,0.63662,0.66505,0.69942,0.73367,0.7692,0.81772,0.87982,0.95915,1.0532,1.1731,1.2853
0,0.10377,0.20814,0.30979,0.40536,0.48225,0.53928,0.57523,0.60134,0.62507,0.64831,0.67458,0.7053,0.73834,0.78165,0.83978,0.91135,0.98251,1.0576,1.1631,1.2774
0,0.10779,0.20993,0.31251,0.40127,0.47807,0.54824,0.60033,0.64354,0.67683,0.71137,0.75206,0.79255,0.83824,0.89219,0.96564,1.0805,1.2125,1.3033,1.3964,1.4328
0,0.090852,0.17708,0.26058,0.33766,0.40512,0.47288,0.53656,0.59169,0.64477,0.69106,0.72191,0.73772,0.74849,0.76404,0.78303,0.8212,0.87817,0.92929,0.98002,0.9649
0,0.051289,0.10191,0.15052,0.19567,0.24099,0.27625,0.30446,0.32599,0.34153,0.35843,0.38266,0.41387,0.45399,0.5057,0.55785,0.62552,0.71355,0.81717,0.92689,1.0304
0,0.10137,0.19576,0.28178,0.35758,0.42892,0.49642,0.54942,0.59176,0.63221,0.66963,0.70435,0.73736,0.76438,0.79281,0.82679,0.8778,0.9435,1.0425,1.198,1.3386
0,0.11564,0.22933,0.33792,0.43801,0.5194,0.57624,0.61105,0.63148,0.64252,0.65224,0.66473,0.68494,0.71809,0.76346,0.81985,0.89983,0.97335,1.0526,1.1313,1.2164
0,0.1135,0.22282,0.32217,0.41478,0.50585,0.5873,0.65142,0.70092,0.74212,0.78562,0.81918,0.85701,0.9054,0.96808,1.048,1.147,1.2574,1.3498,1.4261,1.4698
0,0.09108,0.17375,0.25486,0.33127,0.40153,0.46403,0.52466,0.58323,0.63555,0.68513,0.71889,0.74422,0.76641,0.7913,0.82428,0.85992,0.89419,0.92974,0.94546,0.90308
0,0.077475,0.15135,0.22322,0.2895,0.34561,0.39511,0.4343,0.46701,0.49643,0.53065,0.57584,0.61855,0.67109,0.74171,0.82478,0.94151,1.0644,1.2027,1.3585,1.4788
0,0.10568,0.20726,0.30938,0.41712,0.52551,0.62136,0.6915,0.74408,0.78638,0.82202,0.85277,0.87921,0.90633,0.93624,0.96802,1.0137,1.0814,1.1676,1.2733,1.3604
0,0.14868,0.29328,0.43062,0.54698,0.6392,0.70954,0.7511,0.77579,0.79566,0.81305,0.83211,0.86011,0.89942,0.95174,1.0163,1.0927,1.1789,1.2894,1.426,1.5178
0,0.12119,0.23725,0.34268,0.43699,0.5188,0.58436,0.6389,0.67514,0.7018,0.72847,0.75715,0.7933,0.83871,0.90509,0.99031,1.0964,1.2019,1.2712,1.3061,1.3417
0,0.086985,0.17494,0.26004,0.33623,0.41066,0.47677,0.53126,0.57478,0.61288,0.65052,0.6812,0.72163,0.77826,0.84453,0.93068,1.0311,1.1299,1.2,1.257,1.2811
0,0.053972,0.11585,0.1885,0.26005,0.32029,0.3764,0.42248,0.46189,0.49367,0.52227,0.54843,0.57371,0.60201,0.64272,0.69782,0.76777,0.85229,0.95697,1.1457,1.308
0,0.12265,0.24279,0.35585,0.46007,0.56488,0.66176,0.7423,0.79837,0.83724,0.87018,0.89968,0.92583,0.9459,0.961,0.9771,1.0154,1.0868,1.1664,1.2678,1.373
0,0.11627,0.22818,0.33726,0.43115,0.50972,0.57052,0.61123,0.64496,0.6743,0.70048,0.72845,0.76796,0.81644,0.86716,0.92168,0.98567,1.0611,1.1373,1.2274,1.2675
0,0.11733,0.23277,0.34944,0.4596,0.55452,0.63615,0.69127,0.72274,0.74608,0.76296,0.77921,0.80111,0.83794,0.88755,0.95677,1.0449,1.1264,1.1972,1.2183,1.2141
0,0.081601,0.15925,0.23504,0.30826,0.37528,0.4357,0.49052,0.53801,0.58686,0.63045,0.67159,0.71627,0.76347,0.81482,0.87997,0.97923,1.0893,1.1726,1.2495,1.2773
0,0.067125,0.1324,0.20507,0.27131,0.33176,0.3851,0.43388,0.47114,0.49498,0.51381,0.53083,0.54374,0.56141,0.59461,0.64521,0.73341,0.84372,0.9637,1.1333,1.2854
0,0.10125,0.21288,0.32873,0.43741,0.5332,0.61273,0.67158,0.72179,0.76795,0.80221,0.83865,0.8673,0.89311,0.91599,0.93855,0.97451,1.0423,1.1233,1.2225,1.3162
0,0.11285,0.2235,0.32664,0.42611,0.51603,0.58733,0.63772,0.66568,0.68346,0.69848,0.71461,0.7341,0.76081,0.80017,0.86046,0.93842,1.0239,1.1432,1.2903,1.3842
0,0.10839,0.2169,0.32133,0.41607,0.49624,0.56142,0.60678,0.63959,0.66491,0.68666,0.71213,0.74841,0.79332,0.85106,0.92616,1.0189,1.1184,1.1958,1.2237,1.188
0,0.088159,0.17274,0.25886,0.34927,0.43389,0.51038,0.58061,0.63826,0.68752,0.72953,0.76908,0.80862,0.84484,0.87715,0.92125,0.98812,1.1007,1.2117,1.2988,1.3132
0,0.056325,0.11246,0.16967,0.22697,0.28312,0.33173,0.36662,0.39019,0.40492,0.41922,0.43796,0.46265,0.49755,0.55197,0.62503,0.73314,0.85749,0.98974,1.1238,1.2562
0,0.11305,0.21718,0.31623,0.40779,0.48847,0.56087,0.60757,0.64388,0.67528,0.70407,0.72943,0.75246,0.78002,0.81731,0.86864,0.93019,1.0009,1.0751,1.1729,1.2643
0,0.1121,0.21946,0.31994,0.40335,0.47623,0.53283,0.57107,0.59835,0.61915,0.63809,0.6619,0.69348,0.73275,0.78421,0.83958,0.91215,1.0037,1.1069,1.2459,1.3546
0,0.10135,0.19942,0.29136,0.37222,0.44511,0.50769,0.5544,0.58939,0.61762,0.64884,0.68606,0.7255,0.77508,0.83444,0.89974,0.97096,1.054,1.1054,1.1604,1.2185
0,0.085908,0.16631,0.2429,0.31261,0.37632,0.43778,0.49271,0.54152,0.58668,0.626,0.65561,0.68707,0.72215,0.76149,0.81709,0.89779,0.98437,1.0654,1.1271,1.1352
0,0.053239,0.10629,0.15715,0.20714,0.253,0.2962,0.33006,0.3611,0.39028,0.42051,0.45108,0.48186,0.52222,0.5776,0.64294,0.72984,0.82671,0.9499,1.0827,1.1976
0,0.088142,0.17472,0.25937,0.339,0.41276,0.47893,0.53154,0.57001,0.60761,0.6484,0.68903,0.72937,0.77273,0.81517,0.85914,0.91067,0.98255,1.0876,1.2182,1.3216
0,0.10578,0.21007,0.30866,0.40257,0.48587,0.55343,0.59924,0.62053,0.62961,0.63536,0.64518,0.66542,0.69718,0.74821,0.81942,0.91552,1.0186,1.1242,1.2532,1.3539
0,0.10706,0.2108,0.31398,0.41467,0.50567,0.57968,0.63628,0.68522,0.72368,0.75751,0.78649,0.81474,0.84812,0.87986,0.90808,0.96993,1.045,1.1088,1.1568,1.2159
0,0.090514,0.18947,0.28629,0.36675,0.44298,0.5176,0.58984,0.65553,0.70597,0.74707,0.77507,0.79937,0.82186,0.85414,0.89937,0.96141,1.0356,1.1051,1.1623,1.1695
0,0.057654,0.12284,0.1888,0.25151,0.31151,0.36154,0.40425,0.44202,0.47594,0.50538,0.53409,0.55796,0.58271,0.61659,0.66277,0.72525,0.81424,0.91601,1.002,1.0754
0,0.12187,0.24814,0.37794,0.4978,0.59724,0.67829,0.73636,0.78278,0.82119,0.8548,0.88549,0.91581,0.94819,0.97956,1.011,1.0446,1.0925,1.1519,1.2539,1.3598
0,0.14165,0.27784,0.41427,0.54872,0.66028,0.73432,0.7829,0.81557,0.83824,0.85513,0.86772,0.87666,0.89291,0.92366,0.95925,1.0102,1.0813,1.1816,1.2856,1.389
0,0.12355,0.2548,0.3847,0.49806,0.59175,0.66271,0.71056,0.74445,0.7751,0.80646,0.83687,0.87703,0.92747,0.99507,1.0735,1.1687,1.2636,1.3492,1.4384,1.5001
0,0.094951,0.19112,0.28627,0.37564,0.45815,0.53019,0.59246,0.64058,0.68546,0.72553,0.7687,0.81638,0.85863,0.90392,0.95825,1.0296,1.1133,1.2061,1.3114,1.3883
0,0.064137,0.13066,0.19959,0.26403,0.31763,0.36554,0.40856,0.44898,0.48612,0.52016,0.55097,0.58119,0.6093,0.64121,0.67989,0.73114,0.80141,0.90344,1.0335,1.1573
0,0.10965,0.22265,0.33835,0.45217,0.55007,0.63275,0.68613,0.72593,0.7595,0.7925,0.82581,0.86061,0.89976,0.94111,0.98499,1.0388,1.1154,1.1993,1.2917,1.4294
0,0.11157,0.21872,0.31565,0.39906,0.47038,0.52876,0.578,0.61528,0.64712,0.67929,0.71528,0.75964,0.81021,0.86636,0.9242,0.9912,1.0656,1.1387,1.2016,1.215
0,0.12216,0.25098,0.38157,0.50061,0.60342,0.68674,0.74849,0.78948,0.81824,0.83395,0.84698,0.86951,0.89838,0.93373,0.9857,1.0591,1.1319,1.1993,1.2578,1.2961
0,0.10901,0.21291,0.30472,0.39087,0.46807,0.54216,0.60403,0.65492,0.70304,0.74292,0.78266,0.8202,0.86187,0.90484,0.95585,1.0409,1.154,1.2851,1.4161,1.48
0,0.063573,0.12979,0.19219,0.24869,0.3033,0.35148,0.39282,0.42579,0.45275,0.47239,0.48575,0.49788,0.51479,0.53652,0.56762,0.61492,0.68825,0.78147,0.88224,0.99424
0,0.12011,0.23569,0.34722,0.4631,0.56744,0.65351,0.71965,0.77115,0.81181,0.84863,0.88093,0.90981,0.93782,0.9657,0.99711,1.0526,1.1293,1.2084,1.291,1.3983
0,0.11837,0.23738,0.338,0.42456,0.50078,0.56346,0.6106,0.64791,0.68447,0.721,0.75929,0.79809,0.83494,0.87435,0.91838,0.97804,1.0518,1.1323,1.237,1.3137
0,0.12352,0.24499,0.36459,0.47233,0.56105,0.63086,0.67825,0.70905,0.7349,0.75876,0.78508,0.8164,0.85961,0.90787,0.97085,1.0609,1.1541,1.2429,1.2981,1.3143
0,0.10693,0.21042,0.31187,0.40482,0.49446,0.57422,0.64656,0.71502,0.77174,0.82112,0.8646,0.90391,0.93544,0.97476,1.0197,1.0842,1.182,1.2803,1.3753,1.4037
0,0.066712,0.1332,0.19945,0.25566,0.30407,0.34691,0.37834,0.40109,0.42161,0.4401,0.46022,0.47738,0.49959,0.52044,0.54561,0.58293,0.64468,0.73282,0.84989,0.95276
0,0.11749,0.22695,0.32797,0.42039,0.50536,0.58247,0.64026,0.68344,0.71827,0.74263,0.76377,0.78513,0.8105,0.84518,0.89218,0.96217,1.0478,1.1349,1.2421,1.3631
0,0.11144,0.21744,0.30584,0.37805,0.44278,0.50115,0.54184,0.57296,0.60022,0.6304,0.66489,0.70649,0.75641,0.81658,0.88007,0.945,1.0158,1.1101,1.2313,1.334
0,0.11584,0.23222,0.34675,0.45518,0.54633,0.61731,0.66791,0.70686,0.7378,0.76554,0.79307,0.82503,0.86494,0.91233,0.96834,1.0357,1.1021,1.1688,1.256,1.3576
0,0.090043,0.17856,0.27193,0.3622,0.44458,0.51697,0.5765,0.6248,0.6579,0.69107,0.7173,0.74387,0.76757,0.7942,0.83159,0.88599,0.9609,1.0456,1.1291,1.1389
0,0.039563,0.078584,0.11615,0.15596,0.19562,0.23219,0.2635,0.29172,0.31601,0.33721,0.35519,0.37776,0.41012,0.45404,0.50259,0.55637,0.63297,0.73111,0.82201,0.94495
0,0.11677,0.22219,0.32298,0.40972,0.48637,0.54985,0.60064,0.64932,0.69304,0.74035,0.78707,0.82996,0.87476,0.92293,0.97494,1.0407,1.1031,1.2035,1.3273,1.4477
0,0.1528,0.2848,0.40755,0.50753,0.58347,0.63919,0.68252,0.71813,0.74734,0.77115,0.78972,0.80701,0.82494,0.84485,0.88293,0.94235,1.0183,1.1184,1.2098,1.291
0,0.12129,0.24338,0.36428,0.47298,0.56795,0.64343,0.70256,0.75085,0.79288,0.82597,0.86178,0.90061,0.93684,0.98116,1.0356,1.1277,1.2149,1.289,1.3567,1.4087
0,0.1035,0.20691,0.30611,0.39698,0.47845,0.55624,0.62342,0.67758,0.72171,0.7535,0.7715,0.78815,0.80292,0.83189,0.87239,0.93923,1.0203,1.0959,1.1514,1.1342
0,0.058957,0.11601,0.17044,0.22349,0.27727,0.32562,0.36502,0.40017,0.43586,0.47686,0.52856,0.59221,0.66291,0.75156,0.87103,1.0108,1.1485,1.2768,1.383,1.4547
0,0.10669,0.22046,0.3358,0.44852,0.54793,0.6249,0.67991,0.72286,0.75997,0.79193,0.81831,0.84331,0.86789,0.89252,0.91891,0.94551,0.98214,1.0478,1.1698,1.3329
0,0.1498,0.29725,0.44329,0.58552,0.69975,0.79488,0.85803,0.89706,0.92518,0.94587,0.96335,0.98333,1.0092,1.0452,1.0979,1.1848,1.2921,1.422,1.6016,1.7597
0,0.1244,0.24811,0.36639,0.46866,0.55596,0.62204,0.66612,0.6929,0.71437,0.72967,0.75047,0.78771,0.84118,0.9076,1.0047,1.1251,1.2286,1.3251,1.4234,1.5205
0,0.10708,0.21352,0.31793,0.41361,0.49744,0.57036,0.62904,0.66894,0.70189,0.72505,0.75239,0.79055,0.83438,0.88449,0.94895,1.0302,1.1117,1.1983,1.2851,1.357
0,0.052729,0.10844,0.16913,0.23196,0.28746,0.33743,0.37874,0.41692,0.45119,0.48046,0.50769,0.53916,0.58211,0.64275,0.72178,0.80893,0.93216,1.0576,1.1691,1.2644
0,0.12443,0.24942,0.3721,0.48295,0.57957,0.66008,0.71266,0.74541,0.77194,0.79271,0.81362,0.83761,0.86154,0.88367,0.90528,0.93042,0.97272,1.0402,1.1573,1.3102
0,0.13034,0.25342,0.36458,0.46387,0.54828,0.62332,0.67634,0.71593,0.74572,0.76908,0.79081,0.81299,0.84376,0.88952,0.952,1.0347,1.1309,1.2242,1.3524,1.484
0,0.12868,0.26193,0.39219,0.51242,0.61813,0.70133,0.75187,0.77679,0.79191,0.80584,0.81526,0.83075,0.8636,0.91077,0.97864,1.0579,1.1426,1.2182,1.2955,1.372
0,0.092977,0.18686,0.27839,0.36576,0.44609,0.51922,0.57764,0.62078,0.65573,0.68308,0.70932,0.74112,0.78224,0.83881,0.91032,0.99799,1.0975,1.2016,1.3247,1.4112
0,0.061042,0.11797,0.17236,0.22134,0.26846,0.31263,0.35234,0.381,0.40597,0.42756,0.45638,0.49339,0.53656,0.5969,0.67329,0.78591,0.91018,1.0452,1.1883,1.297
0,0.14249,0.29449,0.44945,0.59234,0.71706,0.8184,0.88643,0.93422,0.96725,0.98896,1.0024,1.0076,1.0142,1.0149,1.0197,1.0367,1.0744,1.1427,1.2378,1.3333
0,0.12859,0.24926,0.35833,0.45473,0.54308,0.62165,0.67803,0.71134,0.73394,0.75184,0.76551,0.781,0.80223,0.83907,0.89486,0.97785,1.0934,1.2255,1.3738,1.5212
0,0.12408,0.24425,0.35591,0.44816,0.52687,0.59112,0.63556,0.66532,0.68897,0.70896,0.73263,0.76171,0.80489,0.86774,0.95799,1.0657,1.1725,1.2571,1.3198,1.3586
0,0.094196,0.1827,0.27489,0.36361,0.44052,0.50957,0.57183,0.62087,0.66226,0.69992,0.74032,0.78,0.83089,0.89227,0.96231,1.0377,1.1124,1.1798,1.2464,1.2971
0,0.061448,0.11615,0.16851,0.21654,0.26088,0.29851,0.32365,0.33985,0.35431,0.37177,0.39297,0.4269,0.47994,0.54949,0.63476,0.73764,0.86441,0.99103,1.13,1.2405
0,0.15214,0.28813,0.41752,0.54867,0.66412,0.75705,0.82323,0.86698,0.89557,0.91294,0.92662,0.93135,0.93006,0.9379,0.95318,0.97332,1.0028,1.062,1.1659,1.2722
0,0.1127,0.22546,0.3321,0.42382,0.5009,0.56745,0.61271,0.64025,0.66134,0.68196,0.70416,0.73556,0.77704,0.83005,0.89592,0.98641,1.0872,1.2142,1.3563,1.4457
0,0.10666,0.21028,0.30593,0.39471,0.47395,0.53952,0.58792,0.6237,0.65667,0.68948,0.71993,0.75178,0.79437,0.85822,0.93653,1.044,1.1596,1.2523,1.3753,1.529
0,0.095069,0.19378,0.29637,0.39365,0.48073,0.55535,0.61499,0.65653,0.68535,0.71045,0.72867,0.74154,0.76247,0.79705,0.84906,0.91538,0.99569,1.0727,1.1294,1.141
0,0.050303,0.097139,0.14144,0.18144,0.21713,0.2517,0.27853,0.30411,0.33056,0.35733,0.38701,0.41686,0.45295,0.50636,0.58532,0.69856,0.81612,0.92653,1.0496,1.1304
0,0.11497,0.22795,0.33747,0.43645,0.52069,0.5851,0.62723,0.66127,0.69187,0.72365,0.75671,0.79106,0.8249,0.86144,0.89396,0.93287,0.99021,1.0805,1.2302,1.3453
0,0.12278,0.24343,0.35675,0.45903,0.54259,0.60378,0.64264,0.66544,0.67579,0.69021,0.70605,0.73309,0.7659,0.81705,0.89003,0.98914,1.0929,1.217,1.3641,1.4295
0,0.11409,0.22768,0.3365,0.43484,0.52268,0.5946,0.64991,0.69193,0.731,0.76519,0.79682,0.82979,0.86447,0.90107,0.95579,1.0438,1.1643,1.2436,1.3591,1.4941
0,0.10156,0.20597,0.31586,0.42446,0.52614,0.60894,0.67126,0.71685,0.74962,0.76923,0.77272,0.77636,0.78271,0.79831,0.822,0.86725,0.93134,0.99101,1.0436,1.0143
0,0.082061,0.16615,0.23982,0.30597,0.36914,0.41859,0.45619,0.48554,0.51328,0.54229,0.57323,0.60096,0.63297,0.681,0.74478,0.82862,0.94038,1.0717,1.1904,1.281
0,0.090399,0.17975,0.27146,0.35719,0.43386,0.4971,0.54555,0.5886,0.62774,0.66448,0.70322,0.7451,0.79228,0.84455,0.89924,0.97006,1.0591,1.1803,1.3247,1.3813
0,0.11038,0.22469,0.33487,0.42714,0.49475,0.54739,0.58458,0.61048,0.63016,0.64594,0.66207,0.68479,0.71602,0.75586,0.80961,0.88782,0.9836,1.1058,1.2568,1.3027
0,0.092479,0.18041,0.26376,0.34275,0.41363,0.47455,0.52043,0.56145,0.60212,0.65084,0.70144,0.7568,0.81531,0.88041,0.95191,1.049,1.1624,1.2533,1.3189,1.3392
0,0.086434,0.166,0.23953,0.30788,0.37727,0.44522,0.50775,0.5585,0.60677,0.65143,0.6944,0.73648,0.7869,0.83912,0.88825,0.95652,1.0319,1.1126,1.1733,1.1746
0,0.051175,0.10588,0.16391,0.22326,0.2821,0.33355,0.37567,0.41072,0.44299,0.4749,0.5028,0.53467,0.56719,0.60164,0.6472,0.71265,0.82315,0.96606,1.1124,1.2175
0,0.10837,0.21054,0.30722,0.39473,0.46903,0.5203,0.54983,0.57153,0.59498,0.61656,0.63545,0.65279,0.67697,0.71513,0.76401,0.83293,0.91998,1.0251,1.1553,1.23
0,0.1129,0.22175,0.32956,0.42394,0.49728,0.55454,0.60051,0.64086,0.68133,0.72171,0.75881,0.79543,0.82779,0.85872,0.89998,0.94764,1.0019,1.0828,1.1585,1.1522
0,0.097416,0.19855,0.2901,0.37724,0.46021,0.52427,0.57272,0.61556,0.65797,0.69882,0.74124,0.7821,0.82371,0.87113,0.93514,1.0163,1.1005,1.1958,1.2622,1.2886
0,0.071272,0.14241,0.20979,0.26976,0.32536,0.38289,0.43666,0.4927,0.54819,0.59892,0.6433,0.68249,0.72104,0.76631,0.82061,0.88452,0.95986,1.0415,1.1257,1.1365
0,0.069039,0.14003,0.20916,0.27845,0.34448,0.40148,0.44016,0.46381,0.48045,0.49137,0.50884,0.52723,0.54896,0.57518,0.62797,0.69801,0.78891,0.89499,1.0159,1.1326
0,0.089681,0.18272,0.27677,0.36027,0.4293,0.47986,0.51698,0.5462,0.57212,0.59696,0.62123,0.64469,0.66884,0.69651,0.73254,0.78567,0.87075,0.99349,1.157,1.2526
0,0.086609,0.17186,0.25402,0.33054,0.40088,0.46221,0.51081,0.54618,0.57871,0.61152,0.6445,0.67995,0.72374,0.77823,0.83497,0.89656,0.96871,1.0405,1.1155,1.1717
0,0.090093,0.16935,0.24228,0.30636,0.36699,0.41971,0.46025,0.49868,0.53887,0.57972,0.62539,0.67473,0.723,0.78017,0.85914,0.95929,1.0702,1.1612,1.234,1.2525
0,0.076627,0.15136,0.222,0.295,0.37416,0.44676,0.51088,0.57554,0.64103,0.70276,0.7601,0.81712,0.86082,0.88752,0.89987,0.92133,0.96207,1.0273,1.1305,1.1291
0,0.06793,0.12811,0.18267,0.23237,0.27817,0.31519,0.34074,0.35923,0.37578,0.39489,0.41736,0.44081,0.46624,0.49889,0.5529,0.63916,0.7487,0.85445,0.97196,1.0702
0,0.094359,0.18839,0.28191,0.36537,0.43885,0.5,0.53964,0.56433,0.58277,0.59757,0.61418,0.63268,0.65744,0.69184,0.7366,0.79043,0.8683,0.99097,1.1438,1.247
0,0.091365,0.17763,0.2613,0.34317,0.41643,0.48033,0.52363,0.55746,0.5886,0.62141,0.65048,0.67583,0.70513,0.74621,0.80133,0.86714,0.93076,1.0129,1.0839,1.0864
0,0.088156,0.17567,0.26359,0.33933,0.41876,0.48794,0.54287,0.59362,0.64153,0.6852,0.72115,0.74936,0.7774,0.81804,0.86954,0.92832,1.0175,1.1106,1.1859,1.2197
0,0.085536,0.16537,0.23738,0.30319,0.3634,0.41408,0.45827,0.5009,0.54678,0.59363,0.63613,0.67297,0.70665,0.74363,0.79055,0.84954,0.92402,1.003,1.0505,1.0222
0,0.049001,0.099004,0.14825,0.19401,0.23509,0.26494,0.2823,0.29577,0.30944,0.3231,0.33935,0.36139,0.39403,0.438,0.49916,0.58377,0.69745,0.84557,0.99414,1.126
0,0.089093,0.18059,0.26764,0.35211,0.42301,0.47866,0.51903,0.54951,0.57486,0.59918,0.62109,0.64387,0.67369,0.71054,0.76276,0.83482,0.94204,1.1036,1.2689,1.3669
0,0.10021,0.18976,0.26644,0.33633,0.4042,0.46149,0.50392,0.54079,0.56728,0.59307,0.61957,0.64439,0.67223,0.70856,0.76394,0.83533,0.90794,0.98483,1.0612,1.0853
0,0.087206,0.17117,0.25674,0.33966,0.42584,0.50733,0.57472,0.64177,0.71187,0.78227,0.85296,0.9162,0.97279,1.0151,1.0504,1.1101,1.2197,1.3617,1.4452,1.4927
0,0.082964,0.16104,0.2349,0.31316,0.39157,0.46705,0.53304,0.59355,0.64451,0.69254,0.73946,0.7838,0.81949,0.84526,0.86677,0.88573,0.92338,0.98611,1.0307,0.97703
0,0.073614,0.14942,0.22343,0.29422,0.356,0.4098,0.44957,0.47973,0.50744,0.53954,0.57883,0.62205,0.6778,0.74979,0.83972,0.95905,1.108,1.2886,1.4195,1.5119
0,0.10799,0.21282,0.31002,0.3982,0.46863,0.5176,0.55419,0.58384,0.60898,0.6331,0.65562,0.6827,0.71327,0.74616,0.78681,0.83954,0.90166,0.99403,1.1162,1.2011
0,0.11545,0.23281,0.35087,0.45574,0.53631,0.59492,0.63107,0.65662,0.6748,0.68641,0.6971,0.71117,0.73014,0.76788,0.82568,0.90283,0.99468,1.1114,1.2537,1.3047
0,0.11372,0.22247,0.32523,0.4192,0.50496,0.57612,0.63634,0.68639,0.73355,0.7852,0.83069,0.86865,0.90274,0.94734,1.0059,1.0859,1.1912,1.3143,1.4167,1.4527
0,0.086879,0.16621,0.24087,0.31354,0.3795,0.44349,0.49822,0.54279,0.57839,0.60893,0.63867,0.67041,0.71266,0.7601,0.80777,0.86983,0.94661,1.0312,1.1058,1.128
0,0.066395,0.13039,0.19157,0.25178,0.30146,0.34756,0.38668,0.42031,0.44984,0.47254,0.49158,0.5066,0.52514,0.55219,0.58141,0.6273,0.70512,0.87823,1.0679,1.1972
0,0.099416,0.19308,0.28235,0.37317,0.45211,0.50612,0.53998,0.55944,0.57451,0.58754,0.60295,0.62212,0.64713,0.67729,0.71967,0.78321,0.87092,0.98567,1.1068,1.1967
0,0.099164,0.19988,0.29491,0.37716,0.44461,0.50044,0.54485,0.58389,0.616,0.64664,0.68261,0.71914,0.75589,0.79001,0.83236,0.88891,0.96646,1.0595,1.1532,1.165
0,0.12384,0.24774,0.36798,0.48234,0.58063,0.66294,0.72989,0.78574,0.83509,0.8817,0.92455,0.96089,0.97785,0.99829,1.0238,1.0612,1.12,1.1974,1.2541,1.2575
0,0.076604,0.14835,0.21602,0.28063,0.34275,0.39709,0.44129,0.47669,0.51266,0.54871,0.58708,0.62528,0.6657,0.70884,0.75986,0.81743,0.8813,0.95807,1.0364,1.0704
0,0.067312,0.13361,0.19534,0.25055,0.30048,0.34718,0.37903,0.39745,0.41179,0.42556,0.44244,0.46841,0.49852,0.54886,0.61832,0.70965,0.84246,0.98883,1.1188,1.2197
0,0.095437,0.18405,0.27104,0.35425,0.42668,0.48682,0.52628,0.55637,0.57918,0.5972,0.61805,0.64289,0.67218,0.70554,0.74633,0.81229,0.90864,1.0412,1.1949,1.2669
0,0.10901,0.21654,0.31571,0.40479,0.47574,0.53055,0.57226,0.60208,0.6239,0.64252,0.66644,0.69454,0.73048,0.78172,0.84838,0.92628,1.0053,1.0934,1.1707,1.2205
0,0.10545,0.21408,0.31644,0.41032,0.4975,0.5671,0.61937,0.66084,0.69381,0.72912,0.76686,0.80439,0.83586,0.8651,0.9127,0.98188,1.0799,1.1757,1.2531,1.2887
0,0.07687,0.14723,0.21102,0.27064,0.32837,0.38628,0.4392,0.49165,0.54308,0.59867,0.65305,0.70013,0.73348,0.76281,0.78324,0.81645,0.87587,0.96056,1.0326,1.0335
0,0.055491,0.10691,0.15591,0.19817,0.23537,0.26888,0.29431,0.31438,0.33516,0.3571,0.38563,0.42037,0.46444,0.52091,0.58594,0.67218,0.79012,0.95217,1.1014,1.2118
0,0.08324,0.159,0.23375,0.31216,0.38014,0.43431,0.47135,0.49528,0.51241,0.52909,0.54785,0.57095,0.6032,0.64491,0.70274,0.79121,0.89504,1.0291,1.1704,1.2542
0,0.10937,0.21402,0.31301,0.40157,0.47817,0.5396,0.58334,0.61513,0.63853,0.65897,0.68286,0.70865,0.7406,0.78467,0.84391,0.90924,0.98708,1.055,1.1298,1.1515
0,0.10483,0.21293,0.31936,0.41979,0.51593,0.60054,0.66597,0.72124,0.76863,0.80596,0.83836,0.87149,0.91002,0.95052,0.9944,1.0587,1.1455,1.2578,1.3547,1.4101
0,0.088341,0.16821,0.24425,0.30999,0.3691,0.42572,0.47391,0.51921,0.5645,0.60817,0.64227,0.67047,0.69695,0.72161,0.74799,0.78374,0.8428,0.9138,0.95084,0.9378
0,0.051939,0.10036,0.14861,0.20155,0.2464,0.28363,0.31197,0.33327,0.35392,0.37751,0.40249,0.43324,0.47401,0.53435,0.59804,0.68048,0.79608,0.96319,1.1038,1.2155
0,0.086362,0.17135,0.24932,0.32155,0.37927,0.42377,0.45833,0.48574,0.50747,0.5273,0.54859,0.57262,0.60304,0.64157,0.70095,0.78299,0.90458,1.0891,1.2423,1.341
0,0.11903,0.233,0.33466,0.42184,0.49737,0.55863,0.6,0.62495,0.64267,0.65243,0.6632,0.6751,0.69279,0.73251,0.80058,0.88124,0.95786,1.0463,1.1234,1.1412
0,0.1191,0.24379,0.36298,0.47969,0.58107,0.66815,0.74073,0.80318,0.85663,0.90944,0.95639,0.9913,1.0124,1.0339,1.0744,1.1538,1.2899,1.4497,1.5652,1.6357
0,0.090221,0.17901,0.26194,0.33557,0.40227,0.46377,0.51905,0.5695,0.61576,0.66421,0.72007,0.77175,0.80601,0.83445,0.85884,0.87302,0.88925,0.94029,0.96035,0.89336
0,0.088664,0.1801,0.26739,0.3418,0.4092,0.46443,0.50768,0.53958,0.57183,0.60875,0.64843,0.69076,0.74289,0.81097,0.89466,0.99484,1.1317,1.3004,1.4628,1.5457
0,0.11915,0.23248,0.34061,0.44274,0.52726,0.58876,0.63052,0.66573,0.69642,0.72128,0.74259,0.76928,0.80008,0.83581,0.87433,0.92332,0.98581,1.0961,1.2508,1.3266
0,0.1214,0.24564,0.36657,0.46638,0.54203,0.59495,0.6314,0.65523,0.67125,0.6818,0.69507,0.71106,0.73108,0.76762,0.82628,0.91407,1.0273,1.1654,1.3234,1.3884
0,0.10742,0.20955,0.30341,0.39142,0.46782,0.53538,0.58959,0.62948,0.66539,0.70026,0.73381,0.77218,0.81475,0.86969,0.93639,1.0195,1.115,1.2116,1.2715,1.2911
0,0.089668,0.18547,0.27129,0.35348,0.43332,0.50834,0.55975,0.59885,0.63515,0.67544,0.71847,0.76411,0.81717,0.88749,0.97157,1.0704,1.183,1.295,1.3529,1.3496
0,0.06375,0.12731,0.19074,0.25196,0.30727,0.34626,0.38048,0.41339,0.44263,0.46901,0.49202,0.51189,0.53467,0.56168,0.60125,0.66112,0.74437,0.8931,1.0802,1.2226
0,0.10984,0.22229,0.33126,0.42843,0.51458,0.577,0.618,0.65303,0.68169,0.70495,0.72249,0.74017,0.76139,0.78535,0.81594,0.8495,0.91696,1.0169,1.1123,1.1898
0,0.10045,0.20285,0.30314,0.38691,0.45378,0.50785,0.55021,0.58474,0.61963,0.6545,0.6893,0.72566,0.76636,0.80941,0.85587,0.91959,0.99435,1.0883,1.1886,1.2113
0,0.11963,0.23606,0.34806,0.44874,0.53613,0.60855,0.6616,0.69609,0.72558,0.75906,0.7927,0.82539,0.85309,0.8908,0.93912,1.0003,1.0735,1.159,1.2134,1.2109
0,0.081021,0.15923,0.23988,0.31118,0.37942,0.44123,0.49745,0.55395,0.60792,0.66035,0.70605,0.75103,0.7959,0.83991,0.8936,0.97151,1.0693,1.1744,1.2572,1.3053
0,0.078106,0.15642,0.22841,0.29532,0.35278,0.40622,0.44618,0.47619,0.50426,0.52807,0.54612,0.56602,0.59296,0.6335,0.68983,0.76547,0.86969,1.0143,1.1675,1.2818
0,0.1107,0.21913,0.31552,0.41088,0.49711,0.56351,0.60586,0.63615,0.66125,0.68254,0.69938,0.71361,0.72765,0.75061,0.78521,0.83756,0.91102,1.0423,1.1969,1.265
0,0.10372,0.2032,0.2988,0.383,0.45348,0.50123,0.53642,0.56282,0.58659,0.61053,0.63532,0.66179,0.70066,0.74693,0.79714,0.8774,0.98198,1.1193,1.2606,1.3421
0,0.10748,0.20571,0.29847,0.37913,0.45105,0.50983,0.55249,0.58794,0.62203,0.65544,0.68753,0.72324,0.76175,0.81394,0.88021,0.97061,1.0749,1.1779,1.2586,1.2553
0,0.071589,0.14701,0.22243,0.30238,0.38825,0.46059,0.52706,0.59125,0.65348,0.71073,0.75793,0.79296,0.82039,0.84592,0.8752,0.90606,0.95614,1.0536,1.1484,1.1462
0,0.062564,0.12345,0.17732,0.22728,0.26969,0.30727,0.33221,0.35334,0.37389,0.39344,0.41747,0.44997,0.49389,0.55484,0.62207,0.70529,0.81808,0.97374,1.1483,1.2666
0,0.099233,0.19144,0.27908,0.36529,0.44205,0.50229,0.53729,0.56333,0.5846,0.60554,0.62345,0.64603,0.67441,0.70979,0.75646,0.81999,0.90244,1.0276,1.1609,1.2434
0,0.10806,0.21132,0.3104,0.39271,0.45753,0.50817,0.53686,0.55493,0.5718,0.59134,0.616,0.64414,0.67913,0.72895,0.79031,0.87383,0.96877,1.0789,1.177,1.2651
0,0.093643,0.18337,0.26683,0.3479,0.42218,0.48935,0.53941,0.57633,0.61065,0.63858,0.66646,0.69231,0.72517,0.76666,0.81789,0.88963,0.97929,1.0918,1.1902,1.2416
0,0.072237,0.13953,0.20749,0.27595,0.34225,0.4054,0.46426,0.51965,0.57095,0.60894,0.63325,0.64971,0.65989,0.66841,0.69527,0.75992,0.87939,1.0486,1.1703,1.1695
0,0.050211,0.10217,0.1593,0.21739,0.27028,0.30655,0.33306,0.3541,0.37594,0.40529,0.44303,0.48152,0.53347,0.59761,0.66811,0.76168,0.87816,1.0331,1.1693,1.2887
0,0.099864,0.19259,0.28221,0.36893,0.44394,0.50912,0.56117,0.60633,0.64362,0.67633,0.70212,0.72652,0.75208,0.78553,0.82879,0.89183,0.99009,1.1443,1.2811,1.3597
0,0.11186,0.21656,0.3119,0.39601,0.4677,0.51824,0.54566,0.56294,0.57425,0.58515,0.60213,0.62561,0.66428,0.72145,0.79092,0.872,0.97633,1.0993,1.2004,1.2346
0,0.11051,0.22517,0.33392,0.44114,0.53474,0.61162,0.67417,0.72441,0.76913,0.80456,0.83064,0.84854,0.8603,0.87401,0.90494,0.98106,1.112,1.2594,1.3406,1.3874
0,0.084922,0.16453,0.24024,0.32095,0.40689,0.48187,0.5373,0.5858,0.6285,0.66331,0.69349,0.72347,0.75282,0.77767,0.81637,0.86981,0.94377,1.0454,1.13,1.0961
0,0.078167,0.15252,0.22797,0.3001,0.36548,0.41806,0.45449,0.4843,0.5098,0.53119,0.55624,0.58879,0.62379,0.67324,0.737,0.81854,0.92709,1.0806,1.2209,1.3222
0,0.1073,0.21773,0.31895,0.4071,0.47886,0.54033,0.58886,0.62523,0.65183,0.67617,0.69762,0.71889,0.74604,0.77736,0.82171,0.8835,0.95055,1.0508,1.1965,1.3214
0,0.14033,0.28075,0.40013,0.49739,0.57531,0.63278,0.66799,0.68805,0.69952,0.70724,0.71434,0.72908,0.74729,0.7781,0.82561,0.88529,0.96672,1.0747,1.2149,1.2767
0,0.12361,0.23279,0.33164,0.41648,0.48721,0.54616,0.58701,0.62313,0.65528,0.69059,0.72932,0.77046,0.81867,0.87906,0.9471,1.032,1.1259,1.2232,1.2912,1.31
0,0.10799,0.21456,0.31217,0.3998,0.47632,0.54318,0.59709,0.64202,0.6843,0.73316,0.78774,0.84614,0.90516,0.96554,1.0326,1.1323,1.2509,1.3747,1.4805,1.5346
0,0.060164,0.11782,0.17798,0.23949,0.29475,0.34229,0.38397,0.4224,0.45988,0.491,0.52101,0.55118,0.58289,0.61609,0.64732,0.69058,0.75784,0.88765,1.0666,1.1871
0,0.096698,0.19873,0.29458,0.39225,0.47764,0.54312,0.58709,0.62037,0.64426,0.66305,0.67722,0.6877,0.69889,0.71719,0.75217,0.81115,0.8897,1.0105,1.1655,1.258
0,0.12528,0.24032,0.33884,0.41925,0.47858,0.52206,0.55527,0.58349,0.60495,0.62277,0.64112,0.66648,0.69907,0.73531,0.77816,0.83897,0.92682,1.0515,1.1609,1.1617
0,0.13153,0.26374,0.37647,0.47188,0.54361,0.59808,0.64057,0.67517,0.70479,0.7304,0.75051,0.77234,0.80134,0.83543,0.87647,0.93877,1.0293,1.1408,1.2134,1.2369
0,0.10038,0.20188,0.30721,0.4019,0.49177,0.57456,0.6424,0.69883,0.75364,0.80576,0.85423,0.90526,0.95757,1.0162,1.0938,1.1966,1.3223,1.4641,1.6011,1.6799
0,0.076433,0.14953,0.21842,0.28492,0.34929,0.41086,0.4591,0.48986,0.51106,0.53257,0.55166,0.57033,0.59351,0.62942,0.67194,0.71823,0.79612,0.9169,1.0305,1.1176
0,0.094397,0.18955,0.28756,0.38455,0.47381,0.54235,0.58833,0.62287,0.64795,0.66611,0.6801,0.69316,0.70299,0.72111,0.75422,0.80216,0.88072,1.0395,1.2328,1.3625
0,0.1012,0.19991,0.29347,0.37476,0.44453,0.50272,0.54646,0.58113,0.61067,0.63665,0.66149,0.68577,0.7119,0.74418,0.78785,0.85276,0.93387,1.0479,1.1714,1.2007
0,0.12082,0.23976,0.35081,0.44515,0.52938,0.59118,0.63359,0.66433,0.68866,0.71019,0.7329,0.76001,0.79787,0.84759,0.90938,0.98977,1.0851,1.1774,1.2372,1.2259
0,0.11855,0.23739,0.35627,0.46823,0.57883,0.67896,0.76986,0.85306,0.93079,0.98981,1.0358,1.0708,1.0942,1.1114,1.1267,1.1628,1.2473,1.3563,1.4585,1.5183
0,0.067388,0.12972,0.18982,0.24628,0.29282,0.33033,0.36305,0.38654,0.40749,0.42703,0.44511,0.46404,0.4848,0.50414,0.53437,0.57808,0.65602,0.79518,0.9733,1.0715
0,0.094296,0.18973,0.28444,0.37133,0.44757,0.50795,0.54456,0.57031,0.59583,0.62362,0.65264,0.68032,0.70452,0.73117,0.77087,0.82133,0.90633,1.0524,1.2175,1.3293
0,0.11006,0.2117,0.30267,0.38496,0.45656,0.50932,0.55032,0.5794,0.59969,0.61974,0.64054,0.66489,0.69208,0.73078,0.78193,0.85181,0.93712,1.0224,1.0913,1.1191
0,0.12206,0.23907,0.34282,0.42686,0.49791,0.55401,0.59219,0.61911,0.64154,0.66238,0.6861,0.71406,0.74775,0.7864,0.82957,0.88769,0.96992,1.0767,1.157,1.2147
0,0.089109,0.17777,0.26956,0.36005,0.44541,0.52316,0.5844,0.64001,0.69401,0.74167,0.77606,0.79535,0.80111,0.81199,0.84556,0.91649,1.0276,1.1688,1.2662,1.3006
0,0.047536,0.094541,0.13741,0.18257,0.22558,0.26275,0.29098,0.31463,0.33423,0.35166,0.36832,0.39259,0.42883,0.4771,0.54156,0.632,0.75031,0.89642,1.0358,1.1765
0,0.10124,0.20371,0.3075,0.39999,0.48616,0.55744,0.60753,0.64517,0.67407,0.69833,0.71982,0.73533,0.74819,0.76748,0.80192,0.85169,0.94026,1.0838,1.2433,1.3556
0,0.11417,0.21973,0.31095,0.38767,0.45403,0.50562,0.54046,0.5637,0.58055,0.59606,0.6126,0.63233,0.65958,0.70337,0.76352,0.83734,0.92849,1.0217,1.0898,1.1242
0,0.12275,0.24358,0.35627,0.45175,0.53318,0.60133,0.6544,0.69632,0.72972,0.75973,0.7924,0.82076,0.84727,0.89114,0.94622,1.0117,1.1169,1.2214,1.2977,1.3509
0,0.099921,0.20202,0.30836,0.40862,0.50107,0.571,0.62966,0.67821,0.71888,0.74929,0.77231,0.7898,0.81428,0.85056,0.90511,0.98719,1.0972,1.2301,1.2925,1.2875
0,0.079987,0.16464,0.24955,0.33268,0.40001,0.458,0.50059,0.53397,0.57219,0.61249,0.6521,0.69758,0.76204,0.84889,0.94306,1.0684,1.229,1.3931,1.5217,1.5888
0,0.11079,0.21937,0.32063,0.41303,0.48851,0.54734,0.59004,0.62201,0.64412,0.6618,0.67758,0.69126,0.70331,0.71886,0.74415,0.77906,0.82261,0.90367,1.0529,1.2169
0,0.1407,0.27811,0.40697,0.52106,0.61172,0.67535,0.71549,0.73946,0.75522,0.76301,0.77217,0.77913,0.79261,0.82575,0.88117,0.98688,1.1352,1.2935,1.4463,1.5543
0,0.11074,0.21811,0.31962,0.40909,0.48733,0.54703,0.58681,0.61757,0.64623,0.67763,0.71466,0.75503,0.80674,0.86773,0.94368,1.0397,1.1569,1.2643,1.3481,1.4023
0,0.10939,0.21382,0.30792,0.39434,0.4679,0.52729,0.56854,0.59723,0.62265,0.65214,0.68624,0.73177,0.78739,0.85887,0.94853,1.0554,1.1801,1.3104,1.3945,1.4168
0,0.074346,0.14325,0.20878,0.26811,0.3123,0.35078,0.3833,0.41817,0.45149,0.48165,0.51281,0.5479,0.58835,0.64157,0.70882,0.79323,0.91049,1.0584,1.2089,1.3112
0,0.11915,0.23216,0.34193,0.45226,0.54551,0.61536,0.66174,0.69318,0.71462,0.72983,0.73948,0.74228,0.74448,0.74828,0.76379,0.79555,0.83844,0.92434,1.0817,1.189
0,0.12159,0.23294,0.33106,0.41903,0.49027,0.5385,0.56788,0.58828,0.60524,0.62296,0.64225,0.66848,0.70721,0.7611,0.83081,0.92073,1.0258,1.154,1.2701,1.331
0,0.13367,0.26455,0.37679,0.47376,0.55358,0.6158,0.65874,0.69166,0.7163,0.73622,0.75597,0.77365,0.79852,0.83553,0.88881,0.96957,1.07,1.1814,1.2569,1.2846
0,0.10419,0.2136,0.32321,0.42631,0.51576,0.58986,0.645,0.68567,0.72145,0.7561,0.79002,0.82504,0.8664,0.91677,0.98606,1.0826,1.195,1.3132,1.4144,1.4729
0,0.070542,0.14283,0.21256,0.2762,0.33025,0.37376,0.40797,0.43415,0.4616,0.48728,0.51337,0.54749,0.58812,0.63842,0.71119,0.79825,0.92022,1.0633,1.1963,1.3046
0,0.13075,0.25867,0.37893,0.49258,0.58939,0.6609,0.70627,0.73731,0.75341,0.763,0.76931,0.77221,0.77461,0.77932,0.78703,0.80997,0.85571,0.95461,1.1623,1.2648
0,0.11239,0.22149,0.32249,0.41282,0.4907,0.54946,0.58244,0.60522,0.62252,0.63631,0.65139,0.66942,0.69326,0.73997,0.81021,0.90882,1.0419,1.2057,1.3942,1.4438
0,0.12315,0.23324,0.32808,0.41331,0.48136,0.53406,0.57365,0.59806,0.61403,0.63287,0.65682,0.68441,0.7288,0.79344,0.87067,0.96739,1.0851,1.1921,1.2741,1.2837
0,0.09648,0.19674,0.29826,0.39797,0.49212,0.57389,0.64094,0.69575,0.74407,0.78738,0.82428,0.85575,0.88829,0.93069,0.99393,1.0914,1.2126,1.3326,1.403,1.429
0,0.060866,0.11634,0.17348,0.22477,0.26854,0.30159,0.32279,0.33653,0.35147,0.37371,0.40496,0.4406,0.49305,0.55059,0.62572,0.72607,0.86559,1.0135,1.1407,1.2448
0,0.12275,0.23166,0.33325,0.43148,0.51555,0.5855,0.63093,0.66176,0.68123,0.69301,0.69938,0.70941,0.72076,0.73478,0.75872,0.80016,0.86202,0.98428,1.1465,1.2291
0,0.10604,0.21418,0.3132,0.39836,0.46917,0.51935,0.55193,0.57425,0.58924,0.60659,0.62332,0.64778,0.67673,0.72265,0.79859,0.90228,1.0317,1.189,1.3692,1.4952
0,0.1091,0.21408,0.31094,0.39506,0.4664,0.51962,0.55953,0.58808,0.61294,0.63757,0.66516,0.69617,0.73194,0.78669,0.8624,0.96609,1.0881,1.217,1.3116,1.3964
0,0.086314,0.18028,0.28014,0.37619,0.46795,0.54427,0.60293,0.65386,0.69636,0.72318,0.7411,0.75053,0.7598,0.77824,0.82337,0.89356,0.99042,1.0991,1.1691,1.167
0,0.058531,0.12005,0.18732,0.25209,0.30486,0.34402,0.36783,0.38946,0.41513,0.44825,0.48331,0.52173,0.57055,0.62433,0.70063,0.80779,0.95667,1.1179,1.2641,1.3668
0,0.097505,0.19572,0.28625,0.36726,0.43579,0.49085,0.53055,0.56654,0.59707,0.62128,0.64468,0.6666,0.68957,0.71612,0.75743,0.81493,0.89857,1.0074,1.169,1.2726
0,0.12213,0.23643,0.33663,0.42182,0.49015,0.54066,0.57565,0.59824,0.61357,0.62634,0.63827,0.6535,0.68897,0.75496,0.84812,0.96031,1.093,1.2725,1.4215,1.4874
0,0.10749,0.20792,0.30555,0.40403,0.49029,0.56033,0.61433,0.65369,0.68253,0.70424,0.72122,0.74093,0.76817,0.8062,0.85995,0.95659,1.1011,1.247,1.3563,1.4566
0,0.092562,0.19331,0.3039,0.41501,0.51197,0.59061,0.65203,0.70354,0.74337,0.76617,0.77871,0.79071,0.80174,0.82668,0.86896,0.9321,1.02,1.1219,1.1767,1.1541
0,0.083621,0.16999,0.25182,0.33401,0.40996,0.46846,0.50677,0.53846,0.56681,0.58846,0.61045,0.63454,0.66467,0.70064,0.75477,0.83869,0.962,1.1377,1.2511,1.3223
0,0.087876,0.17152,0.24842,0.31452,0.37428,0.42205,0.4601,0.49417,0.52736,0.56152,0.60165,0.64377,0.69172,0.74858,0.82169,0.91507,1.0375,1.1924,1.3653,1.3987
0,0.095051,0.19309,0.28739,0.36889,0.43778,0.49261,0.53253,0.56466,0.5954,0.6225,0.64849,0.66942,0.69183,0.72103,0.76605,0.84023,0.94385,1.0635,1.2073,1.2674
0,0.098133,0.1899,0.27872,0.36693,0.45577,0.53088,0.59309,0.64645,0.6948,0.74427,0.79297,0.83564,0.87408,0.91993,0.98541,1.0921,1.2181,1.315,1.3786,1.3858
0,0.081932,0.15928,0.24003,0.32261,0.40361,0.47128,0.52768,0.57771,0.62463,0.67222,0.71828,0.76615,0.8128,0.85918,0.90454,0.96933,1.0643,1.2021,1.3057,1.3143
0,0.066135,0.13594,0.20092,0.25649,0.30984,0.34864,0.37631,0.40013,0.42159,0.448,0.47575,0.50502,0.53436,0.56523,0.60768,0.68914,0.81989,0.99113,1.1467,1.2243
0,0.096163,0.18561,0.26627,0.33363,0.39323,0.44142,0.47719,0.50435,0.53081,0.555,0.57629,0.59392,0.61213,0.63328,0.66638,0.7271,0.82982,0.9784,1.1205,1.1558
0,0.10207,0.20256,0.29995,0.387,0.45795,0.51287,0.55384,0.58944,0.62154,0.65041,0.67912,0.70422,0.72881,0.75879,0.8072,0.88559,0.98743,1.1172,1.2248,1.2407
0,0.1009,0.20614,0.31086,0.405,0.48878,0.55267,0.60051,0.64409,0.68692,0.73453,0.78058,0.81665,0.83906,0.85966,0.8956,0.96392,1.0728,1.2505,1.4015,1.4237
0,0.086353,0.17355,0.26495,0.34784,0.42749,0.49939,0.56809,0.62998,0.68998,0.74851,0.79644,0.82559,0.85679,0.8968,0.93831,0.97727,1.0302,1.1226,1.1987,1.2142
0,0.06846,0.13883,0.21302,0.2911,0.35888,0.40983,0.43981,0.45678,0.46905,0.47553,0.48665,0.50115,0.52279,0.55152,0.58955,0.66924,0.78352,0.92645,1.0421,1.1228
0,0.093903,0.19125,0.28345,0.36445,0.42945,0.47328,0.50495,0.52961,0.55069,0.5712,0.5923,0.61175,0.63351,0.66631,0.71087,0.77537,0.87263,0.98728,1.1332,1.2037
0,0.094983,0.1907,0.28382,0.36773,0.43891,0.49556,0.54014,0.57613,0.61121,0.64645,0.67988,0.70378,0.71952,0.7355,0.76299,0.81601,0.89755,1.0052,1.105,1.1364
0,0.096031,0.1846,0.27171,0.35316,0.41781,0.46705,0.50619,0.54401,0.57964,0.61414,0.64723,0.68513,0.72573,0.77893,0.86132,0.97672,1.1181,1.239,1.3064,1.3025
0,0.077969,0.15533,0.23491,0.32323,0.40667,0.48823,0.56529,0.64238,0.71577,0.77772,0.82415,0.86351,0.89107,0.90026,0.89974,0.90159,0.93698,1.0562,1.2012,1.2161
0,0.071175,0.13845,0.2019,0.25517,0.30308,0.34163,0.37363,0.39813,0.42,0.43772,0.4591,0.47861,0.49964,0.52559,0.56474,0.63708,0.75694,0.91831,1.0585,1.1426
0,0.093498,0.18619,0.27617,0.35514,0.4224,0.47063,0.50589,0.53355,0.55695,0.58049,0.5995,0.61842,0.64928,0.68683,0.73728,0.80264,0.90005,1.0196,1.1499,1.1956
0,0.095398,0.19369,0.28322,0.36166,0.43399,0.49799,0.54877,0.58796,0.61944,0.64746,0.67266,0.69567,0.71454,0.73425,0.76092,0.81853,0.90257,1.027,1.1294,1.1451
0,0.11046,0.22062,0.32736,0.41732,0.49217,0.55499,0.60901,0.65574,0.69795,0.73279,0.76379,0.80227,0.83899,0.87555,0.91596,0.95497,1.0228,1.1215,1.2088,1.2228
0,0.083835,0.16249,0.23885,0.3096,0.37667,0.43333,0.48072,0.52436,0.56651,0.60726,0.64128,0.66616,0.69175,0.72094,0.75028,0.79149,0.87055,1.0022,1.1411,1.1445
0,0.05471,0.11186,0.16964,0.22697,0.27502,0.3096,0.33408,0.35252,0.36885,0.38242,0.39886,0.42421,0.45774,0.50179,0.56089,0.65781,0.80575,0.97195,1.0736,1.1676
0,0.092805,0.18944,0.28539,0.37032,0.43631,0.48104,0.51096,0.53568,0.55715,0.57706,0.59338,0.60992,0.6358,0.67849,0.73489,0.81845,0.93872,1.0846,1.2216,1.2672
0,0.10461,0.19779,0.28431,0.36394,0.43684,0.49781,0.54136,0.57665,0.60509,0.62953,0.65655,0.68595,0.71249,0.73809,0.77093,0.83315,0.93528,1.0475,1.1273,1.1232
0,0.10513,0.21753,0.32821,0.43163,0.52812,0.6047,0.66292,0.72211,0.78195,0.84073,0.89468,0.94325,0.98142,1.0119,1.0386,1.0676,1.146,1.2836,1.3554,1.3801
0,0.08572,0.17388,0.2588,0.33939,0.41661,0.4895,0.5573,0.62151,0.68065,0.73643,0.77817,0.81087,0.84017,0.86118,0.86474,0.87376,0.90405,0.99027,1.0873,1.0347
0,0.073593,0.14389,0.21261,0.28374,0.35089,0.40966,0.45569,0.49487,0.53349,0.57685,0.6152,0.65055,0.68473,0.72424,0.77551,0.86193,0.99848,1.1673,1.3302,1.407
0,0.085036,0.16241,0.23464,0.30262,0.35997,0.40853,0.44307,0.47084,0.49587,0.52123,0.55319,0.59083,0.63511,0.68243,0.74189,0.81638,0.90081,1.0277,1.1582,1.1935
0,0.10363,0.20913,0.30871,0.39459,0.47033,0.52788,0.56884,0.60144,0.63064,0.65737,0.67549,0.69499,0.72095,0.75999,0.80941,0.87902,0.97772,1.1013,1.2171,1.2434
0,0.10647,0.21041,0.31978,0.42872,0.53686,0.62716,0.7004,0.76891,0.82949,0.88023,0.92566,0.96602,0.99814,1.0282,1.066,1.1433,1.271,1.4167,1.5183,1.5356
0,0.08745,0.17194,0.24983,0.32566,0.39623,0.45561,0.50576,0.55115,0.59479,0.63944,0.68181,0.73193,0.78282,0.83431,0.88494,0.93742,1.021,1.1362,1.2194,1.2112
0,0.065444,0.12657,0.18317,0.23749,0.28409,0.32133,0.34879,0.36841,0.38354,0.40027,0.42345,0.45029,0.48258,0.51808,0.55423,0.61719,0.72909,0.91178,1.0871,1.1896
0,0.085057,0.16843,0.24405,0.3141,0.37518,0.4193,0.44974,0.47332,0.49198,0.50605,0.52394,0.54314,0.56892,0.60208,0.65315,0.72839,0.84098,0.97619,1.1114,1.1594
0,0.10285,0.21001,0.31553,0.40966,0.48183,0.53196,0.56837,0.60028,0.63471,0.6686,0.70084,0.73115,0.76475,0.80718,0.86169,0.93805,1.0468,1.1634,1.2564,1.2483
0,0.1277,0.25468,0.36941,0.473,0.55972,0.63543,0.6938,0.74822,0.79924,0.84527,0.88415,0.91532,0.94289,0.96495,0.98823,1.0549,1.1746,1.3384,1.4947,1.4939
0,0.079935,0.15574,0.22838,0.29842,0.36643,0.42798,0.48161,0.53041,0.57787,0.62133,0.66279,0.69889,0.73067,0.76147,0.79519,0.83318,0.88867,1.008,1.1119,1.1293
0,0.063741,0.12789,0.19457,0.25615,0.31219,0.3594,0.39065,0.41245,0.42976,0.44327,0.45578,0.4788,0.50466,0.53707,0.57956,0.65249,0.77927,0.93809,1.087,1.1791
0,0.093287,0.18387,0.26788,0.34473,0.40868,0.45681,0.48571,0.50492,0.52439,0.54548,0.56823,0.59091,0.61662,0.64388,0.68532,0.74468,0.84104,0.96197,1.1171,1.2041
0,0.10269,0.20123,0.29258,0.37335,0.43854,0.48888,0.5236,0.55326,0.57986,0.60648,0.63463,0.66364,0.6912,0.72247,0.76495,0.83476,0.93696,1.0511,1.1523,1.1653
0,0.11311,0.23331,0.33587,0.42406,0.50111,0.56485,0.61169,0.65053,0.68784,0.72241,0.75499,0.79504,0.842,0.89581,0.9561,1.0434,1.1881,1.3222,1.3881,1.37
0,0.078307,0.15297,0.23322,0.31793,0.4004,0.47478,0.53954,0.59819,0.64615,0.68982,0.72511,0.75616,0.78056,0.80262,0.82695,0.85508,0.90025,1.0311,1.167,1.1403
0,0.06394,0.12408,0.18069,0.23195,0.27601,0.31117,0.33461,0.35453,0.37511,0.39793,0.42273,0.44678,0.47435,0.5102,0.55848,0.62872,0.73232,0.90254,1.0944,1.1994
0,0.088093,0.17697,0.25918,0.33782,0.40499,0.45919,0.49445,0.51795,0.53415,0.55158,0.57086,0.58987,0.61047,0.63735,0.67845,0.74004,0.83766,0.95801,1.0876,1.1326
0,0.1079,0.21339,0.31201,0.39144,0.45751,0.51419,0.559,0.5972,0.63141,0.66424,0.69598,0.72307,0.75089,0.78201,0.81731,0.8744,0.9646,1.0963,1.1974,1.1728
0,0.13095,0.25627,0.36665,0.46739,0.55823,0.63413,0.69307,0.74404,0.78648,0.8267,0.87325,0.92078,0.98173,1.0451,1.0974,1.1485,1.2403,1.3576,1.4303,1.4525
0,0.096348,0.19009,0.27406,0.34958,0.41633,0.47419,0.52191,0.56498,0.60513,0.63869,0.6581,0.6763,0.6923,0.70714,0.72962,0.76654,0.84232,0.98804,1.1268,1.1196
0,0.0565,0.11007,0.16142,0.21267,0.26115,0.29774,0.32405,0.34573,0.37065,0.40022,0.4302,0.45908,0.48878,0.52108,0.56091,0.63456,0.75075,0.91626,1.0853,1.1883
0,0.093846,0.18763,0.28087,0.36346,0.43053,0.47979,0.51564,0.54435,0.57415,0.59957,0.62379,0.64393,0.65795,0.67925,0.71706,0.78264,0.88913,1.0235,1.1485,1.2104
0,0.11299,0.21698,0.31331,0.39608,0.46477,0.51335,0.54751,0.57689,0.60111,0.62363,0.64245,0.66649,0.69497,0.73051,0.78175,0.86004,0.97575,1.1277,1.2233,1.2123
0,0.13628,0.26472,0.38986,0.51485,0.62154,0.70165,0.7728,0.8366,0.89289,0.9462,0.99363,1.039,1.085,1.1301,1.1766,1.2326,1.3283,1.4712,1.5779,1.6295
0,0.093091,0.1844,0.26943,0.34789,0.42427,0.49047,0.5483,0.59701,0.64102,0.67776,0.70726,0.73622,0.76193,0.78545,0.80276,0.82606,0.88248,0.96736,1.0501,0.99721
0,0.077278,0.15086,0.22343,0.29299,0.35496,0.414,0.45625,0.48832,0.51487,0.54494,0.57916,0.60968,0.63955,0.67721,0.72985,0.8089,0.93403,1.1135,1.3007,1.4019
0,0.099099,0.19092,0.27743,0.35777,0.42624,0.48112,0.51723,0.5428,0.56535,0.59236,0.6196,0.64985,0.68328,0.72104,0.76947,0.83796,0.93889,1.0635,1.2052,1.2565
0,0.10971,0.21834,0.31355,0.39438,0.46261,0.5117,0.54635,0.57304,0.59789,0.62118,0.64421,0.66885,0.69734,0.73813,0.79603,0.87898,0.98472,1.099,1.2275,1.2476
0,0.11476,0.22894,0.33579,0.4341,0.52489,0.59863,0.65648,0.70212,0.74175,0.77539,0.80381,0.83018,0.85267,0.88119,0.92598,1.017,1.1414,1.2636,1.3339,1.345
0,0.089745,0.17922,0.2743,0.36675,0.44632,0.50987,0.55944,0.60376,0.64633,0.68811,0.73269,0.78465,0.83963,0.89675,0.95809,1.0493,1.1653,1.3014,1.3935,1.3896
0,0.060198,0.11502,0.17057,0.23247,0.29062,0.33723,0.37246,0.40467,0.43688,0.47033,0.50076,0.53065,0.55682,0.59148,0.63893,0.71753,0.83694,0.99891,1.1664,1.2693
0,0.092864,0.18506,0.2725,0.35381,0.42606,0.48616,0.52963,0.55904,0.57895,0.59403,0.60764,0.61816,0.63029,0.64745,0.66955,0.69605,0.76457,0.88673,1.0171,1.0511
0,0.10838,0.21672,0.3182,0.40701,0.47845,0.52902,0.56299,0.59522,0.62647,0.65697,0.68737,0.71705,0.75185,0.79545,0.85417,0.93618,1.0458,1.1586,1.2473,1.2478
0,0.12162,0.24019,0.34808,0.44447,0.5219,0.57549,0.61508,0.65009,0.68551,0.71929,0.74862,0.77332,0.79672,0.82495,0.86022,0.92317,1.0527,1.2136,1.3452,1.3357
0,0.085826,0.17707,0.27421,0.37581,0.46659,0.54625,0.61147,0.67635,0.73144,0.76919,0.80194,0.84178,0.88364,0.92622,0.96806,1.0058,1.0696,1.1626,1.2439,1.2641
0,0.074838,0.14381,0.20802,0.26707,0.32626,0.37538,0.40866,0.43565,0.45527,0.47129,0.48311,0.50008,0.52225,0.55489,0.59409,0.65753,0.7749,0.95382,1.1165,1.1809
0,0.093434,0.18417,0.2714,0.35466,0.42048,0.46389,0.48919,0.50858,0.52675,0.54462,0.55938,0.57946,0.60666,0.64018,0.67977,0.73277,0.82171,0.92273,1.07,1.1434
0,0.10048,0.19974,0.29236,0.36975,0.4338,0.483,0.51954,0.54712,0.57195,0.59651,0.6177,0.63829,0.66397,0.70126,0.7514,0.81989,0.91651,1.0533,1.1766,1.1934
0,0.11322,0.21909,0.31411,0.39525,0.46265,0.51303,0.55047,0.58196,0.6101,0.63746,0.66463,0.69487,0.72828,0.77383,0.83438,0.9249,1.064,1.2158,1.2895,1.2546
0,0.078361,0.15763,0.24326,0.33921,0.43869,0.52436,0.59734,0.66789,0.7398,0.8023,0.84694,0.88033,0.90405,0.92053,0.92308,0.9274,0.9474,1.0559,1.2289,1.2657
0,0.058132,0.11588,0.16714,0.22209,0.27659,0.32014,0.34949,0.37176,0.38916,0.40557,0.42713,0.45577,0.48612,0.52238,0.56464,0.63032,0.7451,0.93635,1.1254,1.2386
0,0.083489,0.16532,0.24535,0.32234,0.39491,0.45249,0.48966,0.51681,0.54021,0.56621,0.59394,0.62078,0.64713,0.67308,0.69425,0.73247,0.81096,0.9138,1.0228,1.0753
0,0.10859,0.20858,0.29872,0.37631,0.44239,0.49186,0.52649,0.55187,0.575,0.59754,0.61721,0.64048,0.66731,0.7054,0.75382,0.82789,0.93484,1.0703,1.1653,1.1704
0,0.11173,0.21852,0.31554,0.39536,0.46315,0.52101,0.56614,0.60407,0.63749,0.66397,0.69233,0.72303,0.75779,0.7949,0.83354,0.88296,0.97763,1.1397,1.2418,1.2398
0,0.083439,0.16681,0.24907,0.33166,0.41123,0.48332,0.54824,0.60073,0.63981,0.66918,0.68815,0.70412,0.71788,0.72278,0.72757,0.75116,0.84224,1.047,1.2419,1.2595
0,0.04852,0.09691,0.14149,0.18546,0.22821,0.26587,0.29587,0.32147,0.34433,0.3646,0.38651,0.41124,0.43701,0.45971,0.49915,0.56741,0.67094,0.83836,1.0373,1.1771
0,0.094977,0.19213,0.28931,0.38338,0.46674,0.51917,0.55606,0.58793,0.6173,0.6426,0.6675,0.69041,0.71094,0.73618,0.77025,0.82372,0.89482,0.99247,1.1147,1.1341
0,0.11806,0.21707,0.30137,0.37836,0.44113,0.48538,0.51248,0.5346,0.5512,0.56554,0.57998,0.59701,0.6242,0.66765,0.72484,0.80829,0.94024,1.1002,1.2014,1.2054
0,0.11078,0.21838,0.32453,0.42158,0.50047,0.5631,0.6111,0.65159,0.68785,0.72072,0.75015,0.77493,0.80015,0.83488,0.87849,0.93109,1.0279,1.2187,1.3239,1.3521
0,0.083897,0.17183,0.26438,0.3602,0.44635,0.51957,0.58205,0.63759,0.69299,0.7452,0.78679,0.81821,0.841,0.85217,0.86412,0.88365,0.93164,1.0302,1.1614,1.1345
0,0.080837,0.15781,0.22559,0.28817,0.34249,0.38747,0.42024,0.4456,0.47223,0.49571,0.51928,0.54111,0.5635,0.59311,0.63818,0.72331,0.86414,1.0522,1.2044,1.2782
0,0.10451,0.20591,0.29862,0.37843,0.44212,0.49677,0.53845,0.5672,0.58747,0.605,0.62362,0.64995,0.68435,0.71803,0.75471,0.81417,0.90145,1.0296,1.1778,1.2354
0,0.13885,0.25864,0.3642,0.44139,0.49548,0.53273,0.56268,0.58428,0.60456,0.62344,0.6376,0.65284,0.67234,0.70046,0.73616,0.79562,0.90299,1.0216,1.1202,1.1336
0,0.11864,0.23347,0.34471,0.44027,0.52053,0.5813,0.63137,0.67039,0.70042,0.72515,0.75246,0.77901,0.81002,0.85053,0.90756,1.0015,1.1324,1.2574,1.3444,1.3528
0,0.10937,0.21659,0.31292,0.40412,0.48212,0.54318,0.5945,0.64151,0.69069,0.74285,0.80032,0.86575,0.93629,1.0087,1.0951,1.212,1.3818,1.5345,1.6002,1.6254
0,0.068443,0.13267,0.19248,0.24686,0.29859,0.33891,0.37499,0.40609,0.43465,0.46185,0.49075,0.51821,0.54996,0.58468,0.62917,0.69594,0.80102,0.95357,1.1257,1.2212
0,0.091889,0.18145,0.2681,0.35108,0.42873,0.49742,0.54217,0.56781,0.58552,0.59819,0.60727,0.62171,0.63441,0.64964,0.67083,0.7077,0.79437,0.92048,1.0805,1.1265
0,0.10305,0.20358,0.29925,0.38097,0.44378,0.48929,0.51997,0.54595,0.56984,0.59672,0.62277,0.64827,0.68095,0.72257,0.77249,0.85866,0.96929,1.0987,1.206,1.2144
0,0.1254,0.24615,0.35745,0.45259,0.53064,0.58607,0.62543,0.65992,0.69035,0.71729,0.73907,0.76225,0.7813,0.8052,0.83326,0.8829,0.9912,1.1358,1.2432,1.2486
0,0.12455,0.24885,0.35986,0.45988,0.55351,0.63165,0.69365,0.74525,0.79101,0.838,0.8877,0.94152,1.0074,1.0773,1.1542,1.2429,1.3683,1.5264,1.6468,1.6992
0,0.071017,0.14219,0.20555,0.2696,0.32113,0.35611,0.37821,0.39634,0.4132,0.42807,0.44829,0.47348,0.5006,0.53266,0.56781,0.62358,0.71811,0.87191,1.03,1.0957
0,0.092902,0.1868,0.28083,0.37299,0.44998,0.5045,0.54221,0.5672,0.58356,0.59645,0.60665,0.61695,0.63225,0.65433,0.67848,0.71267,0.78642,0.91054,1.072,1.1556
0,0.1031,0.19977,0.28443,0.35484,0.41293,0.45526,0.48818,0.51955,0.54741,0.57127,0.59331,0.61842,0.63665,0.65847,0.69446,0.75177,0.83843,0.94627,1.0526,1.0741
0,0.12297,0.23851,0.33765,0.42001,0.48846,0.53751,0.57079,0.59748,0.6182,0.63589,0.65678,0.68221,0.71453,0.75455,0.80705,0.8831,1.0158,1.1829,1.2862,1.2496
0,0.11716,0.23553,0.35942,0.4861,0.60389,0.69767,0.77262,0.84171,0.90424,0.95516,0.99711,1.026,1.0514,1.0784,1.1112,1.1693,1.2978,1.4784,1.6709,1.758
0,0.066835,0.12692,0.17497,0.21686,0.2518,0.27615,0.2966,0.31769,0.33305,0.35099,0.37139,0.39436,0.41953,0.45178,0.49208,0.554,0.66251,0.83045,1.0219,1.1376
0,0.092205,0.18682,0.27614,0.35808,0.42627,0.47404,0.50393,0.52418,0.53993,0.55257,0.56629,0.57938,0.59054,0.60721,0.63522,0.68903,0.79285,0.92594,1.0751,1.1634
0,0.10118,0.19086,0.26988,0.33519,0.38912,0.42663,0.45589,0.48232,0.5053,0.52895,0.55576,0.58804,0.62145,0.65416,0.68744,0.73538,0.81755,0.95503,1.0593,1.0656
0,0.12063,0.22633,0.32039,0.40151,0.46993,0.52001,0.56096,0.59213,0.621,0.64461,0.66488,0.68504,0.70928,0.74008,0.77847,0.83935,0.94411,1.1053,1.2044,1.2425
0,0.09462,0.18976,0.28214,0.37106,0.45602,0.52992,0.58317,0.6249,0.66209,0.69186,0.71868,0.74649,0.77016,0.80159,0.83742,0.90319,1.0323,1.2202,1.3926,1.4286
0,0.049278,0.10077,0.15375,0.20565,0.24664,0.27641,0.29101,0.30305,0.31741,0.33519,0.35555,0.37757,0.40533,0.4384,0.47833,0.54774,0.66823,0.84201,1.021,1.1301
0,0.095941,0.18783,0.27946,0.3742,0.4544,0.51315,0.55357,0.58395,0.60671,0.62839,0.65141,0.66961,0.68287,0.69936,0.72294,0.77309,0.85877,0.98193,1.1165,1.1798
0,0.10566,0.19799,0.27551,0.3389,0.39305,0.43216,0.4584,0.47903,0.49739,0.51554,0.53528,0.56276,0.59846,0.63471,0.67354,0.73407,0.83878,0.98533,1.1057,1.0956
0,0.11968,0.23604,0.34333,0.4452,0.53886,0.60653,0.65276,0.69222,0.72305,0.74652,0.76397,0.78049,0.79857,0.81927,0.8528,0.90719,1.0152,1.1762,1.2956,1.3517
0,0.098527,0.20425,0.31053,0.40844,0.49699,0.56891,0.62267,0.67353,0.71693,0.75212,0.77657,0.79557,0.81625,0.85016,0.90055,0.9636,1.0533,1.1998,1.3436,1.3346
0,0.089302,0.18331,0.27493,0.36732,0.45564,0.53443,0.58467,0.62677,0.66311,0.69867,0.73754,0.76788,0.80318,0.85529,0.92868,1.016,1.1615,1.369,1.5115,1.5645
0,0.10971,0.21549,0.3111,0.39192,0.4566,0.50017,0.53073,0.55835,0.5814,0.59724,0.61304,0.62785,0.64682,0.66682,0.69051,0.72851,0.80247,0.92396,1.0675,1.1572
0,0.11958,0.23711,0.34564,0.44421,0.52658,0.58491,0.6191,0.6436,0.66286,0.67654,0.69132,0.7058,0.72582,0.7592,0.81472,0.89839,1.0373,1.1944,1.3294,1.3764
0,0.13039,0.25102,0.36281,0.46365,0.54418,0.60236,0.64293,0.67556,0.70321,0.72684,0.75575,0.7867,0.81966,0.86301,0.9286,1.0264,1.164,1.3115,1.4079,1.4148
0,0.10268,0.20398,0.30318,0.39125,0.46823,0.52175,0.56031,0.58945,0.6179,0.64781,0.68215,0.72858,0.79139,0.87309,0.97147,1.1159,1.2976,1.4424,1.5053,1.4854
0,0.083903,0.15691,0.22635,0.29303,0.35275,0.40243,0.43902,0.46926,0.49925,0.53068,0.5678,0.6054,0.64595,0.69291,0.7612,0.87369,1.0377,1.2298,1.385,1.4626
0,0.10984,0.2205,0.32829,0.41893,0.49564,0.54745,0.5851,0.61383,0.63827,0.65796,0.67089,0.67982,0.68713,0.69399,0.70284,0.72217,0.76569,0.87937,1.0705,1.1517
0,0.11995,0.23578,0.34238,0.43294,0.49971,0.54577,0.57862,0.60524,0.63324,0.66332,0.69645,0.73622,0.78648,0.85042,0.93352,1.0412,1.1703,1.2961,1.4033,1.4064
0,0.13613,0.2631,0.37425,0.46667,0.54028,0.59501,0.63214,0.65569,0.67532,0.6947,0.71436,0.73682,0.76089,0.79421,0.84731,0.93078,1.0661,1.2462,1.3811,1.3683
0,0.10497,0.20481,0.29528,0.37962,0.45529,0.51528,0.56149,0.60215,0.63987,0.67543,0.71409,0.75391,0.80162,0.86148,0.93968,1.047,1.2139,1.3809,1.483,1.5156
0,0.063296,0.13255,0.20551,0.28347,0.35306,0.40874,0.44936,0.47993,0.50341,0.52174,0.54329,0.57517,0.61275,0.66149,0.71511,0.79353,0.91585,1.0968,1.2358,1.2942
0,0.12001,0.23517,0.33872,0.42555,0.4896,0.53141,0.55667,0.57438,0.58716,0.59335,0.6014,0.6055,0.61479,0.62982,0.64608,0.68049,0.75883,0.89456,1.1159,1.1836
0,0.10436,0.20658,0.30094,0.38561,0.45343,0.50419,0.54106,0.56973,0.59397,0.61426,0.63657,0.6611,0.69195,0.72923,0.77997,0.86027,0.97966,1.1163,1.2409,1.2948
0,0.12865,0.23993,0.33799,0.41971,0.48169,0.52714,0.55904,0.58138,0.60006,0.61813,0.64306,0.67324,0.71319,0.7633,0.827,0.92806,1.0755,1.2363,1.3302,1.3055
0,0.11795,0.22933,0.34968,0.46759,0.56113,0.63335,0.68965,0.73619,0.77345,0.80501,0.82939,0.84972,0.87238,0.90843,0.97595,1.0938,1.2748,1.4745,1.6205,1.6539
0,0.066838,0.12989,0.1861,0.2407,0.2889,0.32755,0.35516,0.37719,0.39365,0.40433,0.42606,0.45744,0.49311,0.53116,0.57414,0.63641,0.75844,0.95641,1.1372,1.2207
0,0.10761,0.215,0.31225,0.39959,0.46184,0.50494,0.53471,0.55497,0.56868,0.58115,0.5937,0.60795,0.62152,0.63684,0.65827,0.70463,0.81054,0.94089,1.0885,1.1785
0,0.10939,0.20466,0.28628,0.35851,0.41664,0.45604,0.48113,0.49853,0.5145,0.53244,0.55496,0.58484,0.62185,0.66396,0.71896,0.80597,0.93317,1.095,1.2468,1.3232
0,0.11946,0.22695,0.31801,0.39279,0.45653,0.50836,0.54728,0.57822,0.60711,0.63085,0.65118,0.67029,0.69636,0.74099,0.80128,0.88622,1.014,1.1753,1.2799,1.3092
0,0.097935,0.19762,0.2978,0.39227,0.47225,0.53857,0.58734,0.62436,0.64604,0.65763,0.66778,0.68059,0.69951,0.72792,0.77101,0.85748,1.0177,1.21,1.3492,1.375
0,0.063951,0.13774,0.21161,0.28315,0.34911,0.39298,0.42433,0.45008,0.47115,0.49213,0.51411,0.54318,0.57701,0.61777,0.67305,0.76061,0.87252,1.062,1.2313,1.3496
0,0.087165,0.16631,0.24876,0.33399,0.41375,0.47251,0.51509,0.55146,0.58276,0.60932,0.63252,0.65238,0.66599,0.68055,0.70666,0.76347,0.86232,0.99711,1.1482,1.2466
0,0.11469,0.2141,0.30195,0.37648,0.43666,0.479,0.50619,0.53044,0.55039,0.57157,0.59506,0.62138,0.66279,0.71104,0.76726,0.84502,0.96861,1.1258,1.2595,1.3202
0,0.12377,0.24321,0.35288,0.4498,0.53261,0.59428,0.63993,0.67363,0.69988,0.72449,0.75297,0.78238,0.80685,0.82958,0.8683,0.92193,1.0363,1.2317,1.3699,1.4429
0,0.10327,0.21073,0.32463,0.42738,0.50504,0.56874,0.62105,0.66458,0.69471,0.71266,0.73002,0.74738,0.7683,0.8019,0.84937,0.92079,1.036,1.1746,1.2743,1.2697
0,0.057692,0.11191,0.16858,0.22683,0.28629,0.33467,0.37354,0.40657,0.43751,0.47245,0.51018,0.55287,0.60173,0.65941,0.7258,0.80662,0.89891,0.9877,1.0947,1.1779
