0,0.11264,0.21688,0.30645,0.3824,0.43826,0.48298,0.52073,0.55141,0.57555,0.59215,0.60428,0.60917,0.60525,0.5946,0.58012,0.55878,0.5291,0.47905,0.39763,0.30672
0,0.12024,0.22838,0.32619,0.41517,0.48665,0.53869,0.57474,0.60041,0.61878,0.63241,0.64543,0.65724,0.66431,0.66666,0.66379,0.64542,0.61021,0.56076,0.49082,0.433
0,0.1244,0.23465,0.32758,0.40282,0.46166,0.50436,0.54108,0.57283,0.59549,0.61098,0.62019,0.62058,0.60844,0.5873,0.5533,0.51164,0.45179,0.38148,0.34025,0.34973
0,0.18065,0.33432,0.46864,0.57127,0.6379,0.68444,0.71762,0.74095,0.75764,0.77018,0.782,0.78728,0.7793,0.75067,0.70291,0.6404,0.5681,0.4882,0.44343,0.47023
0,0.078063,0.17151,0.25456,0.32736,0.38966,0.44701,0.48879,0.51909,0.54142,0.55306,0.55486,0.54704,0.53562,0.51962,0.50281,0.48317,0.45641,0.41924,0.35135,0.27912
0,0.088618,0.17702,0.25616,0.32113,0.37385,0.41116,0.43643,0.45753,0.47371,0.48485,0.49287,0.49984,0.50535,0.50549,0.49826,0.48436,0.46496,0.42108,0.36854,0.30862
0,0.12603,0.24553,0.35091,0.43341,0.48924,0.53109,0.5639,0.58975,0.61413,0.63604,0.65561,0.67042,0.6722,0.66457,0.65058,0.62762,0.59288,0.51894,0.43199,0.37419
0,0.14292,0.26981,0.37228,0.44876,0.5019,0.54045,0.57212,0.59636,0.61554,0.62974,0.63814,0.63716,0.62974,0.6122,0.58879,0.55423,0.5114,0.46308,0.4226,0.40805
0,0.21692,0.40953,0.57181,0.68986,0.75952,0.80007,0.83008,0.84946,0.86344,0.86618,0.86009,0.84687,0.82426,0.78604,0.72001,0.65102,0.58103,0.51684,0.48148,0.50466
0,0.083214,0.16376,0.23471,0.29469,0.3449,0.3839,0.41747,0.44411,0.46553,0.47811,0.47491,0.46384,0.45296,0.44574,0.43265,0.41561,0.38902,0.35137,0.30758,0.29101
0,0.098693,0.18316,0.24402,0.2938,0.33093,0.35969,0.38173,0.39908,0.41282,0.42396,0.43068,0.43421,0.437,0.43844,0.43762,0.43244,0.41489,0.3946,0.35139,0.29804
0,0.10581,0.22056,0.3128,0.38314,0.44109,0.48879,0.52483,0.5504,0.57082,0.58625,0.59514,0.59909,0.59712,0.59387,0.5836,0.56073,0.53025,0.49387,0.45577,0.42293
0,0.11799,0.22748,0.32278,0.4006,0.45931,0.50529,0.53904,0.56232,0.57796,0.58495,0.58817,0.58717,0.57106,0.54157,0.50183,0.45622,0.40765,0.35462,0.3282,0.34719
0,0.17073,0.32058,0.43844,0.52056,0.58174,0.63422,0.67233,0.69781,0.71684,0.73083,0.73992,0.73767,0.72073,0.68601,0.63096,0.57207,0.5168,0.49347,0.52737,0.60343
0,0.05991,0.11834,0.16677,0.20706,0.24652,0.28415,0.31691,0.34357,0.36399,0.3745,0.37652,0.37195,0.36514,0.36149,0.35353,0.33833,0.31846,0.29091,0.26457,0.24492
0,0.060873,0.12072,0.17812,0.22864,0.27181,0.30656,0.33162,0.35078,0.36456,0.37354,0.38027,0.38429,0.38428,0.38271,0.3821,0.37626,0.36125,0.33478,0.29464,0.27209
0,0.11233,0.21904,0.31668,0.39826,0.46308,0.51023,0.54557,0.57183,0.59025,0.60318,0.60983,0.60928,0.60634,0.6045,0.60054,0.58349,0.55388,0.51815,0.48219,0.43834
0,0.15914,0.29246,0.40576,0.50543,0.57523,0.62503,0.65951,0.68401,0.70448,0.71366,0.71158,0.69466,0.66371,0.63001,0.60031,0.57957,0.54888,0.49311,0.44982,0.45638
0,0.16483,0.31086,0.43592,0.53913,0.61247,0.65983,0.69887,0.72855,0.75071,0.7665,0.77152,0.76471,0.74455,0.717,0.67674,0.62948,0.57141,0.51287,0.50421,0.54453
0,0.081452,0.16086,0.23038,0.28968,0.33327,0.36372,0.38723,0.40618,0.41703,0.42115,0.41853,0.41478,0.40899,0.40371,0.39596,0.38372,0.37322,0.35205,0.31418,0.30096
0,0.072691,0.14689,0.21395,0.26691,0.30803,0.33903,0.36271,0.38043,0.39296,0.40244,0.4057,0.40603,0.40506,0.39462,0.37299,0.3572,0.33298,0.29414,0.2704,0.37477
0,0.10015,0.1942,0.278,0.36469,0.44033,0.50096,0.5502,0.5868,0.60995,0.62432,0.62829,0.6215,0.60796,0.58611,0.55784,0.52125,0.4986,0.49258,0.48138,0.47076
0,0.14136,0.26228,0.35807,0.43499,0.4851,0.51749,0.53843,0.55595,0.56779,0.57238,0.56721,0.55186,0.52562,0.49566,0.46432,0.42792,0.39986,0.38363,0.40007,0.44983
0,0.20088,0.38013,0.52387,0.63496,0.70908,0.75844,0.79378,0.81777,0.8329,0.84367,0.84433,0.83598,0.82026,0.79122,0.74718,0.69599,0.63202,0.58184,0.59772,0.64494
0,0.0623,0.12426,0.18924,0.24625,0.29379,0.33814,0.38252,0.41751,0.44388,0.46168,0.46539,0.45832,0.4441,0.43437,0.42592,0.40976,0.39303,0.37301,0.33992,0.32828
0,0.10398,0.20059,0.2804,0.35245,0.41352,0.46311,0.50206,0.53295,0.55915,0.5774,0.58849,0.5906,0.58193,0.56914,0.55292,0.53403,0.50926,0.45724,0.38286,0.30317
0,0.10222,0.19352,0.27449,0.34657,0.40685,0.45426,0.49136,0.51988,0.54232,0.55909,0.56972,0.57866,0.57893,0.57427,0.56536,0.54701,0.50972,0.46424,0.41282,0.39468
0,0.13498,0.24835,0.34602,0.42775,0.49246,0.53771,0.57635,0.60802,0.63335,0.65243,0.66713,0.67392,0.6675,0.65531,0.63024,0.59169,0.54086,0.49082,0.45419,0.44361
0,0.14046,0.26446,0.37505,0.46577,0.5327,0.58106,0.61925,0.65,0.67315,0.69209,0.70501,0.71076,0.70407,0.68731,0.65545,0.60649,0.53553,0.44999,0.40818,0.43081
0,0.080601,0.16247,0.24722,0.32486,0.38095,0.43061,0.47465,0.51502,0.54449,0.56344,0.57146,0.56979,0.55751,0.53639,0.50847,0.47388,0.43605,0.40194,0.35236,0.29229
0,0.089673,0.17032,0.24282,0.30735,0.36687,0.4165,0.45537,0.48647,0.51085,0.52597,0.53267,0.53791,0.53784,0.53198,0.51716,0.49609,0.47076,0.43074,0.38092,0.32725
0,0.10425,0.19937,0.28388,0.35932,0.41791,0.46767,0.50993,0.5438,0.57002,0.58981,0.60102,0.60643,0.59784,0.57738,0.54791,0.51334,0.46736,0.4006,0.33481,0.33988
0,0.14458,0.27482,0.38012,0.46141,0.52311,0.57046,0.60937,0.63848,0.65758,0.67007,0.67572,0.67244,0.65784,0.63594,0.61192,0.58349,0.54659,0.50902,0.46915,0.45088
0,0.15843,0.30602,0.42842,0.5256,0.59807,0.64594,0.68056,0.70327,0.71688,0.72681,0.73344,0.72964,0.70813,0.67298,0.62327,0.56307,0.49413,0.44283,0.45177,0.52956
0,0.069327,0.14058,0.21013,0.27757,0.33964,0.38909,0.42584,0.45361,0.473,0.48432,0.49053,0.48647,0.47875,0.47248,0.47042,0.46338,0.45354,0.43782,0.3932,0.33286
0,0.10294,0.19903,0.27767,0.33539,0.38577,0.42126,0.4457,0.46525,0.47889,0.48745,0.491,0.4922,0.48926,0.48364,0.47413,0.4597,0.44623,0.41067,0.33926,0.28709
0,0.087455,0.17072,0.24528,0.31091,0.36281,0.40739,0.44285,0.46991,0.49107,0.50596,0.51428,0.51888,0.5232,0.52472,0.5125,0.48958,0.45616,0.4141,0.36856,0.35694
0,0.12609,0.24011,0.34192,0.43782,0.51395,0.57219,0.61185,0.64278,0.66636,0.68418,0.69527,0.69633,0.68561,0.66052,0.62647,0.58574,0.54507,0.50754,0.46629,0.45309
0,0.13795,0.25909,0.36307,0.45084,0.52188,0.57252,0.61066,0.64433,0.6726,0.69807,0.71554,0.72334,0.71662,0.6907,0.64048,0.57219,0.50228,0.45817,0.46303,0.51087
0,0.078366,0.15149,0.22259,0.28175,0.33351,0.37029,0.39963,0.42534,0.44551,0.45863,0.46436,0.46405,0.4605,0.4564,0.45351,0.44689,0.43841,0.4286,0.40778,0.36098
0,0.068129,0.13184,0.19086,0.24468,0.29379,0.33587,0.3653,0.38691,0.4064,0.42212,0.43367,0.44172,0.44357,0.43939,0.42833,0.40624,0.37595,0.34275,0.29223,0.2828
0,0.086985,0.16884,0.24486,0.31173,0.36545,0.40756,0.44085,0.46629,0.48434,0.49516,0.49945,0.49847,0.49719,0.49808,0.4971,0.48166,0.45511,0.41801,0.37821,0.36882
0,0.16314,0.30888,0.43036,0.5255,0.60236,0.65833,0.69635,0.72732,0.74828,0.76078,0.76092,0.74494,0.71699,0.68481,0.65114,0.60816,0.56657,0.52053,0.48723,0.49983
0,0.13606,0.25777,0.36704,0.4665,0.54783,0.60802,0.65015,0.67995,0.70276,0.71599,0.72064,0.71865,0.70553,0.68061,0.63902,0.58524,0.52345,0.46294,0.43611,0.47465
0,0.064192,0.12388,0.19139,0.24989,0.29953,0.33784,0.37196,0.40436,0.42854,0.44233,0.4466,0.44131,0.42742,0.41149,0.40083,0.396,0.39153,0.37322,0.33147,0.29261
0,0.087224,0.16807,0.23844,0.29571,0.34101,0.37487,0.40093,0.41813,0.43137,0.44105,0.44525,0.4468,0.44601,0.43651,0.41652,0.39202,0.3572,0.30554,0.2714,0.36548
0,0.090392,0.17637,0.25519,0.3257,0.38714,0.43805,0.47692,0.50521,0.52338,0.53433,0.53757,0.53552,0.53019,0.52201,0.50492,0.47424,0.43876,0.40369,0.37633,0.37313
0,0.12594,0.23657,0.33039,0.409,0.47219,0.51943,0.56086,0.59206,0.61502,0.62813,0.62834,0.61593,0.59089,0.55677,0.52382,0.49529,0.47513,0.4647,0.47737,0.54251
0,0.14581,0.27992,0.39508,0.4938,0.57712,0.64308,0.69202,0.72597,0.74842,0.76051,0.76185,0.75193,0.7279,0.69301,0.64325,0.58501,0.52837,0.48168,0.49583,0.55888
0,0.064935,0.12954,0.19478,0.25394,0.30617,0.34844,0.3831,0.40826,0.42648,0.43785,0.44043,0.44209,0.4404,0.43795,0.43483,0.42655,0.40782,0.37879,0.32307,0.31226
0,0.10106,0.18381,0.24898,0.30292,0.35299,0.39458,0.42775,0.45511,0.47564,0.48742,0.49193,0.48548,0.47098,0.45157,0.43152,0.41408,0.39727,0.37356,0.33452,0.27075
0,0.10528,0.20546,0.29367,0.36722,0.42679,0.4757,0.51691,0.54839,0.57155,0.59079,0.60693,0.62125,0.63024,0.63258,0.62259,0.59045,0.54056,0.47843,0.41313,0.39464
0,0.11175,0.21625,0.31064,0.38879,0.45708,0.51281,0.56014,0.59729,0.62519,0.64654,0.66268,0.6699,0.66714,0.65116,0.62582,0.59061,0.54467,0.49867,0.4602,0.43813
0,0.14501,0.28297,0.39687,0.47953,0.53113,0.5684,0.60082,0.62931,0.65178,0.66868,0.67793,0.67519,0.65135,0.61275,0.57052,0.53058,0.48303,0.42264,0.40602,0.44894
0,0.076018,0.15397,0.23912,0.32007,0.39053,0.44463,0.48544,0.51887,0.54193,0.55538,0.55881,0.55335,0.54504,0.53511,0.51706,0.49144,0.46251,0.42346,0.36577,0.29715
0,0.080542,0.15059,0.20731,0.25579,0.30095,0.33747,0.36378,0.38636,0.40224,0.41356,0.42179,0.42586,0.42525,0.41929,0.41259,0.40325,0.39179,0.37191,0.34585,0.31412
0,0.11346,0.22097,0.3253,0.4092,0.47295,0.52188,0.55955,0.58997,0.61589,0.63608,0.65025,0.65986,0.66159,0.65524,0.64505,0.62408,0.58316,0.51342,0.42044,0.36334
0,0.14263,0.27399,0.37828,0.45311,0.50706,0.54577,0.57901,0.60607,0.6266,0.6406,0.65144,0.65805,0.65894,0.65347,0.64146,0.6232,0.59983,0.5758,0.53572,0.49977
0,0.15018,0.28981,0.41946,0.533,0.62214,0.6885,0.7426,0.78938,0.82006,0.82942,0.81714,0.77714,0.71202,0.63644,0.57142,0.53741,0.51064,0.49793,0.49918,0.53776
0,0.078871,0.14436,0.20422,0.25946,0.31113,0.35914,0.39514,0.42416,0.44901,0.46387,0.46887,0.47145,0.4707,0.47109,0.46238,0.44671,0.42794,0.40219,0.35873,0.33097
0,0.078708,0.1463,0.19996,0.24174,0.27776,0.30801,0.33077,0.34873,0.36291,0.37273,0.38003,0.38483,0.38435,0.38038,0.37484,0.36994,0.36612,0.35464,0.3242,0.28707
0,0.093065,0.1864,0.26025,0.32635,0.38858,0.44106,0.47949,0.50711,0.52867,0.54611,0.56006,0.57341,0.5838,0.5869,0.57876,0.55342,0.51454,0.46276,0.41004,0.39871
0,0.10818,0.20444,0.29771,0.37846,0.44817,0.50711,0.55184,0.58305,0.60426,0.617,0.62496,0.62694,0.62166,0.60203,0.57485,0.54165,0.50998,0.48996,0.47459,0.47166
0,0.13742,0.26019,0.36622,0.44621,0.51139,0.56465,0.60196,0.63009,0.65139,0.66483,0.67351,0.66639,0.64732,0.62496,0.59393,0.56249,0.5362,0.52416,0.53436,0.57053
0,0.079994,0.15248,0.21153,0.25522,0.30052,0.34577,0.38985,0.41762,0.43649,0.44784,0.45319,0.45582,0.45878,0.46107,0.4584,0.45085,0.43624,0.40547,0.34975,0.2934
0,0.068465,0.1321,0.18862,0.23201,0.26555,0.29319,0.31808,0.33969,0.35727,0.36861,0.37304,0.37241,0.36716,0.36171,0.35775,0.35581,0.35382,0.34493,0.32635,0.30627
0,0.090877,0.17772,0.25716,0.32636,0.38215,0.42731,0.46411,0.49257,0.51542,0.53337,0.54684,0.5586,0.56445,0.56758,0.56536,0.54779,0.51277,0.47266,0.41316,0.3789
0,0.10827,0.21036,0.29913,0.37794,0.44829,0.50344,0.54582,0.57797,0.60162,0.61483,0.61838,0.61684,0.60638,0.58647,0.56392,0.53793,0.50959,0.49316,0.49288,0.52325
0,0.17164,0.32728,0.46774,0.59415,0.68413,0.75347,0.79872,0.82756,0.84217,0.84645,0.84482,0.82702,0.7963,0.75146,0.70097,0.64685,0.58534,0.53584,0.53277,0.5684
0,0.082731,0.15766,0.22429,0.28017,0.3252,0.3625,0.38949,0.41058,0.42292,0.42899,0.42956,0.42557,0.41502,0.40393,0.40068,0.39778,0.38568,0.36256,0.30117,0.29679
0,0.071252,0.1286,0.17524,0.21263,0.24441,0.27158,0.29153,0.30846,0.32016,0.3275,0.33053,0.3277,0.31954,0.30907,0.29888,0.2978,0.29169,0.26108,0.23523,0.29597
0,0.090936,0.18232,0.27142,0.35263,0.42386,0.47894,0.52509,0.56299,0.58787,0.6019,0.60815,0.60761,0.60126,0.58197,0.54901,0.50729,0.47274,0.44366,0.40901,0.38775
0,0.10593,0.19729,0.27715,0.34683,0.40311,0.44598,0.48221,0.51018,0.52845,0.53939,0.54261,0.5389,0.52329,0.49919,0.47389,0.44633,0.41583,0.37287,0.36539,0.41653
0,0.17455,0.34176,0.49035,0.6178,0.71532,0.77997,0.81866,0.84158,0.85334,0.85554,0.84947,0.83068,0.80001,0.76233,0.71715,0.66412,0.61139,0.58239,0.58157,0.61257
0,0.074346,0.14869,0.23182,0.30905,0.37488,0.43133,0.4761,0.50979,0.53367,0.54433,0.54166,0.53429,0.51932,0.48794,0.4484,0.40852,0.37635,0.34153,0.29324,0.28689
0,0.087682,0.17461,0.2586,0.34163,0.41349,0.46681,0.5075,0.53885,0.56305,0.57842,0.58352,0.58128,0.56867,0.55073,0.53498,0.51804,0.49655,0.46237,0.4099,0.33837
0,0.10739,0.20847,0.29823,0.37887,0.44224,0.49729,0.54229,0.57627,0.60273,0.62069,0.62644,0.6196,0.60034,0.57904,0.5635,0.54608,0.53256,0.51628,0.50523,0.5201
0,0.11549,0.22043,0.31691,0.3983,0.45859,0.50816,0.54994,0.58541,0.61275,0.63424,0.64882,0.64796,0.63313,0.60604,0.57086,0.53561,0.50615,0.47418,0.45497,0.46933
0,0.13707,0.25777,0.36332,0.4526,0.52694,0.58235,0.62331,0.65428,0.68127,0.70295,0.71722,0.71907,0.70613,0.67738,0.63061,0.57386,0.51696,0.47344,0.44477,0.44135
0,0.097787,0.204,0.30147,0.38871,0.4607,0.51512,0.55684,0.58996,0.61518,0.6331,0.64035,0.6358,0.62063,0.60206,0.57735,0.54344,0.49727,0.44123,0.36363,0.26389
0,0.075314,0.14584,0.21044,0.26673,0.31361,0.351,0.38027,0.40127,0.41719,0.42804,0.43253,0.42674,0.41586,0.40679,0.39598,0.38423,0.36837,0.3471,0.3273,0.31549
0,0.132,0.26501,0.37004,0.44614,0.49693,0.53623,0.56515,0.58859,0.60513,0.61291,0.61275,0.60567,0.59035,0.56714,0.53775,0.48836,0.43111,0.40356,0.42157,0.47055
0,0.11511,0.2143,0.29436,0.36504,0.41949,0.46215,0.49398,0.51786,0.53459,0.54615,0.54959,0.54206,0.53026,0.51494,0.49546,0.47234,0.44908,0.4514,0.47655,0.51428
0,0.1691,0.31999,0.45713,0.5768,0.67699,0.74032,0.78505,0.81935,0.84331,0.85797,0.85792,0.83728,0.79685,0.74653,0.69247,0.63636,0.58305,0.53868,0.52578,0.53084
0,0.090068,0.18821,0.29294,0.38282,0.44763,0.49588,0.53551,0.56443,0.58532,0.59514,0.59592,0.59063,0.57703,0.55465,0.52693,0.49219,0.45727,0.4117,0.34591,0.27781
0,0.094825,0.17756,0.25558,0.31429,0.35706,0.38824,0.41271,0.43348,0.45207,0.46796,0.48008,0.48667,0.48841,0.48828,0.48866,0.49135,0.48862,0.47199,0.43747,0.39178
0,0.099161,0.19484,0.27316,0.3408,0.39097,0.43227,0.46829,0.4969,0.5164,0.52907,0.5365,0.53858,0.53516,0.52691,0.51492,0.50039,0.48397,0.46262,0.45011,0.46218
0,0.10311,0.20049,0.29956,0.38659,0.45637,0.51123,0.55525,0.58849,0.61143,0.6263,0.63387,0.63064,0.61431,0.58627,0.55366,0.52146,0.49351,0.46465,0.44935,0.47075
0,0.13999,0.27061,0.37869,0.46233,0.53031,0.58676,0.63469,0.67175,0.69714,0.71159,0.71474,0.70808,0.6885,0.65506,0.62111,0.59018,0.56057,0.52662,0.51564,0.54882
0,0.083698,0.16347,0.24044,0.30586,0.35851,0.40556,0.44108,0.47009,0.48871,0.49602,0.49377,0.48503,0.47176,0.45355,0.43448,0.41052,0.3844,0.34479,0.29214,0.24625
0,0.081039,0.15445,0.22603,0.28603,0.33191,0.36707,0.39604,0.41844,0.43656,0.44936,0.45597,0.45783,0.45874,0.45924,0.45921,0.4547,0.44647,0.42526,0.38187,0.31536
0,0.093768,0.17548,0.24409,0.30227,0.34858,0.38984,0.4211,0.44389,0.45934,0.46835,0.47373,0.47339,0.46701,0.45983,0.4566,0.45652,0.45205,0.44902,0.45475,0.47644
0,0.10991,0.21471,0.31326,0.39949,0.47304,0.53074,0.57621,0.60676,0.62204,0.62741,0.61919,0.60343,0.58018,0.55233,0.52696,0.50913,0.50738,0.52158,0.55507,0.59106
0,0.13119,0.24575,0.3443,0.42784,0.50791,0.57143,0.61981,0.65821,0.68674,0.70472,0.71184,0.70616,0.68654,0.65851,0.62937,0.598,0.56748,0.54519,0.53154,0.5508
0,0.098395,0.18942,0.27207,0.33754,0.38131,0.41453,0.44352,0.46626,0.48324,0.49075,0.48847,0.48019,0.47002,0.45199,0.43003,0.40572,0.3804,0.34528,0.2829,0.31635
0,0.071643,0.13555,0.19643,0.25293,0.29891,0.33584,0.36577,0.3879,0.40435,0.41597,0.42207,0.4237,0.42003,0.4163,0.41774,0.42164,0.4161,0.39306,0.34578,0.33391
0,0.10546,0.21001,0.30856,0.39122,0.45779,0.51345,0.55748,0.58721,0.60605,0.61753,0.6202,0.6145,0.60196,0.58909,0.5729,0.55536,0.54101,0.52629,0.51151,0.50502
0,0.10594,0.20158,0.28869,0.36134,0.41256,0.45471,0.4901,0.51826,0.54083,0.55639,0.55943,0.54892,0.5267,0.49675,0.46313,0.43867,0.42729,0.41056,0.40256,0.45844
0,0.1621,0.305,0.4332,0.53468,0.61884,0.6801,0.72491,0.75594,0.77735,0.78804,0.78786,0.77701,0.75494,0.72482,0.6971,0.67305,0.64071,0.61549,0.58343,0.57212
0,0.06083,0.12468,0.18591,0.24162,0.28986,0.32797,0.35346,0.37273,0.38307,0.38703,0.38386,0.37863,0.37163,0.36643,0.36272,0.35574,0.34361,0.31985,0.28096,0.293
0,0.12741,0.24426,0.33571,0.40723,0.46245,0.51355,0.55456,0.59038,0.61945,0.63982,0.64872,0.64507,0.62748,0.60006,0.56317,0.52352,0.48814,0.44418,0.39422,0.33804
0,0.094879,0.18055,0.26324,0.33723,0.39846,0.44746,0.48897,0.52414,0.55542,0.57933,0.60076,0.61843,0.62665,0.62474,0.60476,0.57333,0.53316,0.48656,0.43169,0.40344
0,0.10019,0.19778,0.28523,0.36212,0.42575,0.48012,0.52757,0.56972,0.60259,0.62893,0.65132,0.66151,0.65545,0.63768,0.60761,0.57626,0.54926,0.50933,0.45995,0.43903
0,0.10667,0.20376,0.29357,0.37337,0.43917,0.49255,0.53943,0.5802,0.61383,0.63645,0.64874,0.65304,0.64722,0.62987,0.59326,0.54342,0.48912,0.42236,0.37768,0.38519
0,0.068697,0.14436,0.21937,0.28613,0.34619,0.39685,0.43836,0.47372,0.5009,0.51416,0.51644,0.50926,0.50157,0.49338,0.47906,0.45636,0.4251,0.37945,0.32002,0.24798
0,0.090677,0.17067,0.24055,0.30744,0.36258,0.41183,0.45161,0.48557,0.51305,0.53066,0.53788,0.53249,0.52163,0.50463,0.4867,0.46431,0.44189,0.41613,0.37568,0.32232
0,0.11322,0.21713,0.3126,0.38601,0.44047,0.48388,0.51978,0.54792,0.57057,0.58782,0.60037,0.60835,0.60901,0.60249,0.59026,0.57458,0.55645,0.51609,0.44461,0.36662
0,0.11292,0.21956,0.30852,0.37595,0.43266,0.479,0.51492,0.54578,0.57265,0.59414,0.61136,0.61983,0.62221,0.61243,0.59283,0.56311,0.53621,0.51353,0.47394,0.45368
0,0.11746,0.21724,0.31136,0.40271,0.48182,0.53999,0.58542,0.62312,0.64997,0.66718,0.67799,0.67826,0.66235,0.63444,0.59056,0.53716,0.48943,0.44888,0.43786,0.45705
0,0.062662,0.12675,0.18449,0.23745,0.29185,0.33796,0.37602,0.40471,0.42392,0.4371,0.444,0.44739,0.44579,0.44392,0.43365,0.42056,0.39978,0.36948,0.331,0.32278
0,0.10676,0.20138,0.27237,0.32717,0.36724,0.39915,0.42494,0.44638,0.46522,0.48119,0.49287,0.49927,0.50192,0.4961,0.48254,0.46141,0.43806,0.41182,0.37152,0.3213
0,0.096174,0.18422,0.2684,0.34229,0.40433,0.45749,0.49841,0.5269,0.55028,0.56758,0.58355,0.59915,0.61109,0.61254,0.60339,0.58346,0.55092,0.51156,0.45598,0.40517
0,0.10288,0.19566,0.28504,0.36788,0.44337,0.50476,0.55132,0.58553,0.61159,0.63106,0.64205,0.64416,0.63828,0.61809,0.58681,0.54875,0.5108,0.47709,0.45192,0.45021
0,0.12112,0.23407,0.32561,0.39767,0.45413,0.501,0.54112,0.57745,0.60614,0.62774,0.64329,0.65364,0.65278,0.6364,0.60519,0.56742,0.51902,0.45668,0.40678,0.41279
0,0.06242,0.12243,0.17488,0.21856,0.26097,0.30172,0.33823,0.36664,0.39164,0.40509,0.41054,0.41164,0.41057,0.40152,0.37994,0.35641,0.34334,0.31103,0.27537,0.2599
0,0.089303,0.17584,0.25598,0.32024,0.37718,0.42438,0.46188,0.49066,0.51309,0.52973,0.54111,0.54957,0.54959,0.54399,0.52948,0.50825,0.48486,0.44994,0.3924,0.3273
0,0.097823,0.18893,0.2694,0.33698,0.3963,0.4431,0.48019,0.51075,0.53575,0.55594,0.56951,0.5787,0.58452,0.5908,0.58898,0.57414,0.55446,0.52685,0.47917,0.42429
0,0.11073,0.21754,0.31364,0.39623,0.46411,0.51986,0.56244,0.59364,0.61321,0.62302,0.62635,0.62376,0.609,0.5877,0.56413,0.54016,0.51604,0.49887,0.49438,0.51342
0,0.1329,0.25556,0.3715,0.48631,0.58724,0.66437,0.72328,0.76553,0.79453,0.81584,0.82503,0.82179,0.80651,0.77874,0.73615,0.68197,0.6265,0.56593,0.5102,0.49574
0,0.067358,0.14156,0.20716,0.26163,0.30362,0.33801,0.36262,0.3818,0.39128,0.39565,0.39324,0.39057,0.38257,0.37679,0.3729,0.37135,0.36704,0.35292,0.29664,0.25859
0,0.080876,0.15683,0.22298,0.27571,0.31571,0.34851,0.37531,0.39683,0.41313,0.42506,0.43284,0.43474,0.42671,0.41283,0.39324,0.37663,0.36638,0.32869,0.26793,0.40072
0,0.10012,0.19828,0.28336,0.35986,0.42873,0.48883,0.53279,0.56568,0.59213,0.61158,0.62248,0.62612,0.61867,0.60311,0.57965,0.54964,0.51911,0.48907,0.45613,0.43545
0,0.099509,0.19601,0.28522,0.36031,0.41969,0.46492,0.50133,0.52921,0.54689,0.55839,0.56238,0.55612,0.54066,0.51751,0.49288,0.46623,0.44222,0.40979,0.38755,0.42154
0,0.14828,0.28452,0.40078,0.49826,0.58144,0.64555,0.69826,0.7378,0.76707,0.78476,0.79049,0.78654,0.7699,0.73803,0.68931,0.63195,0.56112,0.48374,0.4218,0.4268
0,0.077955,0.15685,0.23577,0.30439,0.3623,0.41191,0.45629,0.49389,0.52256,0.54063,0.54123,0.52943,0.51268,0.4889,0.46644,0.44274,0.41815,0.38137,0.33967,0.30113
0,0.12883,0.24842,0.34965,0.43961,0.50691,0.55628,0.59546,0.62608,0.65196,0.6765,0.69634,0.71219,0.71913,0.72073,0.71698,0.7004,0.6729,0.62499,0.53993,0.41268
0,0.16062,0.32444,0.47723,0.60988,0.71708,0.79014,0.83501,0.86726,0.89123,0.91261,0.93057,0.94427,0.94448,0.92947,0.90313,0.86839,0.81864,0.76387,0.69046,0.61834
0,0.15131,0.30509,0.4531,0.5804,0.67249,0.7337,0.77692,0.81267,0.84366,0.87321,0.90092,0.92227,0.93204,0.93039,0.91601,0.8652,0.77759,0.66703,0.56226,0.5036
0,0.21116,0.46521,0.73007,0.93692,1.0793,1.1667,1.2226,1.2637,1.2948,1.3241,1.3506,1.3633,1.3531,1.319,1.2663,1.196,1.1065,0.97937,0.81336,0.66485
0,0.088241,0.17603,0.26311,0.35175,0.43317,0.50414,0.5628,0.6041,0.63267,0.64789,0.65132,0.64075,0.62214,0.60974,0.60069,0.59816,0.58894,0.57489,0.51763,0.40165
0,0.098915,0.19854,0.29543,0.37571,0.43577,0.47793,0.50844,0.53335,0.55465,0.57254,0.58989,0.60827,0.62256,0.62695,0.61788,0.59422,0.56093,0.50665,0.42858,0.35663
0,0.13766,0.28022,0.41832,0.53612,0.62692,0.69452,0.74427,0.78323,0.81535,0.84599,0.87235,0.89345,0.9007,0.8909,0.86906,0.82641,0.7576,0.66694,0.55461,0.45952
0,0.1617,0.32425,0.47884,0.61077,0.70745,0.77108,0.81531,0.85048,0.87859,0.90257,0.92195,0.93394,0.9374,0.93052,0.90901,0.87191,0.82084,0.7577,0.68503,0.60086
0,0.23677,0.49749,0.74776,0.94232,1.0761,1.1612,1.2193,1.258,1.289,1.3166,1.3438,1.3538,1.3341,1.2937,1.2376,1.1568,1.0635,0.95231,0.80592,0.64448
0,0.085354,0.17423,0.27227,0.36137,0.43362,0.48459,0.52103,0.55037,0.57096,0.5833,0.58473,0.57979,0.56696,0.5532,0.54099,0.52012,0.48947,0.448,0.38126,0.30033
0,0.10524,0.20771,0.29902,0.36998,0.42936,0.47831,0.51074,0.53425,0.55381,0.57144,0.58844,0.60968,0.62939,0.64168,0.64229,0.63223,0.60497,0.55732,0.46761,0.34818
0,0.12856,0.26134,0.39282,0.50158,0.59343,0.65664,0.70203,0.73399,0.76006,0.78064,0.79897,0.81107,0.8124,0.79855,0.77425,0.74182,0.70266,0.6559,0.6021,0.54967
0,0.19606,0.36387,0.51065,0.62473,0.70241,0.7558,0.7873,0.81135,0.83127,0.8474,0.86378,0.87653,0.88154,0.88055,0.86444,0.83297,0.77335,0.67025,0.5583,0.48486
0,0.24271,0.48287,0.71586,0.88862,1.0023,1.0856,1.1492,1.2003,1.2431,1.271,1.2868,1.2882,1.2688,1.2276,1.1676,1.0942,1.007,0.89347,0.76076,0.66845
0,0.084621,0.15685,0.22529,0.29804,0.3575,0.40576,0.4411,0.46581,0.48468,0.49409,0.4957,0.494,0.48785,0.4793,0.46656,0.44674,0.42025,0.3902,0.3529,0.31411
0,0.076103,0.14709,0.21356,0.28315,0.34879,0.40656,0.44899,0.4784,0.50027,0.51831,0.53564,0.55438,0.56904,0.57568,0.57198,0.5544,0.52621,0.46495,0.36206,0.30614
0,0.12736,0.25917,0.38919,0.49998,0.58384,0.63958,0.68037,0.70947,0.73261,0.75264,0.76724,0.77799,0.77937,0.77227,0.75443,0.72225,0.67917,0.62897,0.56732,0.50617
0,0.21408,0.43983,0.646,0.81041,0.92112,0.97488,0.9992,1.0152,1.0319,1.0482,1.0602,1.0611,1.0531,1.0416,1.02,0.98459,0.92596,0.84466,0.72529,0.61147
0,0.17951,0.37904,0.57623,0.74403,0.87909,0.97342,1.0422,1.0956,1.1407,1.1793,1.2092,1.2217,1.2006,1.1489,1.0851,0.99966,0.89683,0.77515,0.65842,0.55603
0,0.079154,0.16377,0.25423,0.33595,0.40273,0.45691,0.49554,0.52172,0.53808,0.548,0.55397,0.5534,0.54817,0.54174,0.53579,0.53455,0.52908,0.49436,0.42488,0.35302
0,0.090383,0.18157,0.27241,0.34641,0.39867,0.43735,0.46671,0.4884,0.50462,0.51958,0.53362,0.54994,0.56304,0.56323,0.55251,0.53513,0.51478,0.46905,0.37619,0.32539
0,0.11709,0.23173,0.33829,0.4366,0.52816,0.6061,0.66878,0.7152,0.75149,0.77792,0.797,0.80427,0.79793,0.77285,0.73456,0.69355,0.65401,0.61168,0.56506,0.52105
0,0.23681,0.45952,0.65204,0.78037,0.85685,0.89562,0.91222,0.91982,0.92402,0.92739,0.93106,0.93275,0.92617,0.90951,0.89306,0.86953,0.83368,0.75908,0.63298,0.57629
0,0.1767,0.38605,0.59517,0.76926,0.90071,1.0031,1.081,1.1451,1.1944,1.2292,1.2484,1.2403,1.209,1.1623,1.1043,1.0366,0.94922,0.84991,0.75908,0.68619
0,0.09535,0.20036,0.30879,0.4219,0.52147,0.6016,0.65571,0.69204,0.7213,0.73943,0.74073,0.72895,0.71599,0.70148,0.68374,0.65506,0.62769,0.59555,0.51488,0.40173
0,0.12426,0.2385,0.34136,0.43297,0.50625,0.56471,0.61094,0.64673,0.67582,0.6954,0.71033,0.71753,0.71874,0.71024,0.70177,0.68479,0.65488,0.59498,0.50039,0.40213
0,0.13135,0.2654,0.39212,0.5046,0.59395,0.65534,0.70053,0.73489,0.76236,0.78875,0.81028,0.82968,0.83772,0.83331,0.81384,0.77839,0.72962,0.66363,0.57379,0.48727
0,0.17738,0.35329,0.51007,0.64235,0.73921,0.81004,0.86364,0.90061,0.93467,0.96563,0.99077,1.005,1.002,0.98936,0.96682,0.92697,0.87156,0.77691,0.66768,0.5695
0,0.20952,0.43839,0.64383,0.81402,0.93679,1.0223,1.0777,1.1173,1.1474,1.1741,1.1959,1.2031,1.1904,1.1565,1.1119,1.0545,0.9851,0.88492,0.73849,0.61315
0,0.093253,0.17681,0.26068,0.34692,0.43027,0.50347,0.56503,0.60956,0.64144,0.65828,0.66089,0.65398,0.64576,0.63236,0.61764,0.59059,0.57188,0.54122,0.48695,0.37955
0,0.093744,0.1841,0.26837,0.34483,0.41083,0.47095,0.52039,0.55843,0.58659,0.60689,0.6221,0.63388,0.63754,0.63215,0.61137,0.58533,0.54849,0.49632,0.43442,0.37621
0,0.12865,0.2547,0.37486,0.47164,0.54348,0.60254,0.64713,0.68302,0.71612,0.74836,0.77773,0.79801,0.8037,0.79103,0.76513,0.72286,0.67393,0.5995,0.49571,0.39266
0,0.17839,0.35646,0.53161,0.67772,0.78684,0.86292,0.92312,0.9698,1.0064,1.0309,1.0485,1.0527,1.0441,1.0263,1.0003,0.96174,0.8941,0.81698,0.72689,0.61898
0,0.23442,0.47494,0.70433,0.89396,1.0162,1.0904,1.1396,1.1721,1.1943,1.2103,1.2254,1.2318,1.2155,1.1825,1.1331,1.0598,0.97042,0.8681,0.73733,0.59626
0,0.10399,0.20117,0.30202,0.40083,0.48928,0.56116,0.61329,0.64961,0.67482,0.69138,0.69782,0.6979,0.69805,0.69531,0.68017,0.65371,0.61626,0.55598,0.4765,0.37901
0,0.10799,0.21558,0.3262,0.4273,0.5003,0.55456,0.59274,0.62118,0.641,0.66116,0.67799,0.69203,0.70254,0.70612,0.70636,0.69271,0.65825,0.59104,0.49843,0.39427
0,0.10867,0.22025,0.32153,0.40715,0.47964,0.53733,0.58279,0.61781,0.65,0.67886,0.70418,0.72589,0.7359,0.73286,0.71581,0.68712,0.64583,0.58472,0.50311,0.43129
0,0.18348,0.35877,0.51315,0.64721,0.74732,0.82036,0.86968,0.90624,0.93738,0.96816,0.99361,1.0044,1.0015,0.98237,0.94952,0.90072,0.82861,0.74109,0.63242,0.54468
0,0.23602,0.46132,0.64611,0.77652,0.87175,0.943,1.0018,1.0499,1.0884,1.1167,1.1435,1.1547,1.1399,1.1016,1.0413,0.95844,0.86158,0.74966,0.63826,0.57011
0,0.085249,0.17539,0.26724,0.35138,0.41757,0.4662,0.50991,0.54545,0.56857,0.58164,0.58537,0.58194,0.57856,0.57747,0.57612,0.5613,0.54642,0.51959,0.46615,0.3932
0,0.088903,0.17182,0.24634,0.3187,0.38903,0.45315,0.49732,0.5325,0.56118,0.58305,0.6021,0.61871,0.62447,0.62265,0.61667,0.60572,0.5852,0.52461,0.43997,0.37951
0,0.10445,0.21058,0.31292,0.40539,0.48311,0.53674,0.57164,0.59993,0.625,0.6468,0.6641,0.67816,0.68208,0.67226,0.6513,0.62159,0.58607,0.53836,0.47666,0.42279
0,0.2014,0.40526,0.59393,0.74012,0.84507,0.91706,0.96465,1.0002,1.0296,1.0517,1.0608,1.0589,1.0492,1.0374,1.0164,0.97861,0.92091,0.83069,0.69035,0.56204
0,0.18583,0.38548,0.57087,0.71708,0.83413,0.91881,0.98446,1.0339,1.0717,1.1039,1.1318,1.1391,1.1216,1.0763,1.0115,0.93326,0.84767,0.74743,0.6517,0.56896
0,0.098316,0.19087,0.28456,0.36873,0.43813,0.49979,0.54655,0.58147,0.60533,0.61983,0.62359,0.61986,0.61347,0.60342,0.58882,0.57118,0.54592,0.50184,0.43051,0.33713
0,0.099361,0.20261,0.3042,0.39939,0.47818,0.53123,0.56739,0.59676,0.62018,0.63676,0.64899,0.65849,0.65954,0.64892,0.63358,0.60997,0.56769,0.47668,0.35135,0.32512
0,0.10297,0.20682,0.29959,0.38755,0.4707,0.54323,0.59828,0.64189,0.6762,0.70204,0.71818,0.72546,0.72078,0.70423,0.67565,0.63686,0.59072,0.54054,0.49249,0.45986
0,0.21405,0.40306,0.55493,0.66859,0.74899,0.80223,0.84059,0.86773,0.88748,0.90191,0.90808,0.90219,0.89041,0.87708,0.8569,0.83059,0.78634,0.70551,0.56741,0.46478
0,0.18311,0.38161,0.57343,0.73699,0.86632,0.95948,1.0299,1.0794,1.1175,1.1483,1.1657,1.1627,1.1379,1.093,1.0344,0.96687,0.88092,0.79336,0.71428,0.64225
0,0.12385,0.25752,0.37847,0.48882,0.57786,0.64167,0.68638,0.72055,0.74581,0.7614,0.76538,0.7588,0.74213,0.72308,0.70707,0.69289,0.68014,0.6402,0.54959,0.40558
0,0.11444,0.21155,0.29242,0.36179,0.41863,0.46492,0.50135,0.53201,0.55937,0.58128,0.59476,0.60247,0.60567,0.60483,0.59968,0.59297,0.57477,0.5382,0.47845,0.38108
0,0.12317,0.24303,0.35353,0.45803,0.54657,0.61705,0.66806,0.70479,0.73347,0.76069,0.78783,0.80844,0.81901,0.82328,0.8066,0.77795,0.73161,0.64906,0.54718,0.46032
0,0.16052,0.32187,0.46761,0.59079,0.68895,0.76498,0.82073,0.86051,0.89137,0.91448,0.93226,0.94062,0.92728,0.90353,0.86804,0.82406,0.76441,0.69167,0.61805,0.55075
0,0.23423,0.49782,0.71727,0.88189,0.99226,1.0682,1.1181,1.1517,1.1822,1.2055,1.2236,1.2295,1.2233,1.2059,1.1782,1.1319,1.0652,0.95648,0.80302,0.6709
0,0.083584,0.16827,0.24628,0.32835,0.4063,0.47594,0.53593,0.5872,0.62323,0.64499,0.65533,0.65555,0.6484,0.63688,0.61978,0.60113,0.57904,0.54463,0.5048,0.40566
0,0.097046,0.18292,0.25776,0.32433,0.37779,0.42064,0.45901,0.49255,0.51919,0.53825,0.55114,0.56027,0.56127,0.56129,0.55851,0.55227,0.53639,0.50903,0.46108,0.38619
0,0.11893,0.24552,0.36533,0.47166,0.55721,0.62458,0.67681,0.72054,0.75925,0.79433,0.8226,0.8389,0.8445,0.84002,0.82243,0.79656,0.75772,0.68294,0.55968,0.44156
0,0.16259,0.30825,0.44034,0.55227,0.63496,0.69181,0.73864,0.77865,0.8121,0.84381,0.86643,0.88075,0.87993,0.86806,0.84305,0.80765,0.75857,0.69019,0.61003,0.52433
0,0.25607,0.51245,0.73529,0.91232,1.0231,1.0964,1.1531,1.1995,1.2358,1.2572,1.2686,1.2591,1.2355,1.2052,1.1795,1.1485,1.0972,0.99285,0.83132,0.67879
0,0.11228,0.22895,0.33804,0.43411,0.52294,0.59079,0.63699,0.66914,0.69096,0.70554,0.70738,0.70392,0.6895,0.6726,0.65668,0.63716,0.62223,0.58935,0.51372,0.41429
0,0.1345,0.24814,0.34001,0.40757,0.45478,0.48784,0.51421,0.53418,0.55256,0.5687,0.57928,0.58709,0.59195,0.59541,0.59366,0.58027,0.55227,0.51672,0.45252,0.35556
0,0.10111,0.20607,0.30645,0.3972,0.47693,0.53764,0.5839,0.61798,0.64768,0.67204,0.69424,0.71897,0.73687,0.7394,0.72604,0.69658,0.64781,0.57396,0.48473,0.42031
0,0.15378,0.29575,0.42004,0.53643,0.63836,0.71648,0.77423,0.81309,0.84197,0.86617,0.88326,0.89189,0.88759,0.866,0.83189,0.78366,0.72788,0.66419,0.60163,0.55297
0,0.38081,0.71628,0.92944,1.0712,1.1748,1.2507,1.3018,1.3281,1.3374,1.3367,1.3274,1.3113,1.2872,1.2558,1.2213,1.1838,1.1375,1.076,0.98631,0.88515
0,0.095201,0.19049,0.27701,0.35812,0.42528,0.49077,0.54553,0.57725,0.5982,0.61046,0.61473,0.61132,0.60148,0.58901,0.58263,0.55867,0.53065,0.50176,0.45296,0.38313
0,0.10213,0.1899,0.27195,0.34042,0.39092,0.42798,0.4545,0.47743,0.49751,0.51503,0.53074,0.54567,0.55792,0.56276,0.5595,0.54307,0.50873,0.45368,0.37888,0.33319
0,0.09902,0.20431,0.31124,0.40846,0.48112,0.53145,0.57069,0.60606,0.63548,0.66182,0.68389,0.69916,0.7063,0.70239,0.69167,0.67139,0.63316,0.56857,0.49348,0.42526
0,0.17182,0.33023,0.46777,0.58559,0.67758,0.74285,0.7886,0.82497,0.85563,0.88248,0.90718,0.92302,0.91787,0.89873,0.86547,0.81738,0.75746,0.68305,0.59027,0.50916
0,0.18571,0.38036,0.571,0.74258,0.87619,0.9845,1.0717,1.1347,1.1772,1.2024,1.2145,1.2017,1.1684,1.1171,1.0548,0.96872,0.87084,0.76884,0.67716,0.59566
0,0.10651,0.22513,0.33361,0.42752,0.51322,0.5834,0.63488,0.67081,0.69384,0.70696,0.71175,0.71278,0.70978,0.70325,0.69477,0.68794,0.66334,0.62172,0.54252,0.40969
0,0.094705,0.17881,0.25041,0.30673,0.34855,0.38476,0.41712,0.44694,0.4707,0.48795,0.50445,0.5184,0.52057,0.51055,0.49626,0.47881,0.45449,0.415,0.33164,0.26966
0,0.10414,0.19859,0.29112,0.3849,0.47832,0.55407,0.61893,0.66715,0.7001,0.72424,0.73907,0.74341,0.73517,0.71113,0.67581,0.63348,0.59055,0.54115,0.48927,0.45747
0,0.17226,0.33222,0.46459,0.57405,0.65563,0.70962,0.74699,0.77574,0.79911,0.81746,0.83096,0.84278,0.84094,0.82708,0.80069,0.75963,0.70636,0.62774,0.51888,0.45292
0,0.20632,0.4526,0.6838,0.86784,1.0181,1.131,1.2142,1.274,1.3176,1.3443,1.3518,1.341,1.3172,1.2845,1.2405,1.1758,1.0889,0.97717,0.84489,0.71459
0,0.12405,0.24409,0.36284,0.47223,0.55688,0.61716,0.6645,0.7031,0.73397,0.75101,0.75017,0.73672,0.72216,0.69801,0.66984,0.64161,0.60202,0.53683,0.44403,0.33835
0,0.12301,0.24221,0.3474,0.43963,0.51873,0.58298,0.63457,0.67594,0.70679,0.72939,0.74577,0.75314,0.75018,0.7439,0.73143,0.71638,0.69521,0.66062,0.59309,0.48649
0,0.14113,0.28562,0.419,0.53688,0.6365,0.71249,0.76759,0.80894,0.84205,0.87635,0.90855,0.93518,0.95215,0.96059,0.95113,0.9143,0.86062,0.78503,0.67196,0.5602
0,0.16745,0.32281,0.44933,0.56374,0.66379,0.75091,0.81851,0.87153,0.91445,0.94784,0.97373,0.98601,0.98505,0.96575,0.93146,0.88693,0.83715,0.76129,0.6663,0.57305
0,0.19623,0.3899,0.56874,0.71503,0.83486,0.92849,0.9958,1.0433,1.0781,1.1074,1.1284,1.1314,1.1164,1.0855,1.0479,0.99595,0.9226,0.80035,0.66002,0.5597
0,0.13438,0.25989,0.36781,0.46911,0.55561,0.61972,0.67058,0.71332,0.74277,0.76001,0.76426,0.75666,0.74729,0.73858,0.7304,0.71737,0.69797,0.64972,0.56484,0.43961
0,0.099466,0.19481,0.28952,0.37635,0.44985,0.50278,0.54408,0.57534,0.60133,0.62257,0.63901,0.64352,0.64048,0.63879,0.63329,0.61796,0.59395,0.56026,0.49953,0.42701
0,0.16616,0.33843,0.49834,0.61533,0.69449,0.75186,0.79509,0.82981,0.86144,0.88764,0.90473,0.90915,0.90033,0.88472,0.8603,0.82505,0.78088,0.71589,0.61612,0.47914
0,0.17658,0.3384,0.47651,0.58089,0.66441,0.7287,0.77558,0.81451,0.84976,0.87869,0.89533,0.89892,0.89364,0.87888,0.86489,0.83968,0.80091,0.74617,0.67372,0.58528
0,0.21073,0.42193,0.61248,0.76908,0.90953,1.0087,1.0729,1.1228,1.1644,1.1928,1.204,1.1886,1.1501,1.1069,1.0542,0.99365,0.9254,0.8369,0.74264,0.64984
0,0.139,0.26061,0.36973,0.47922,0.57183,0.65016,0.71349,0.75464,0.7802,0.7949,0.79876,0.79496,0.78892,0.77341,0.75285,0.72549,0.68615,0.64121,0.5755,0.46776
0,0.1363,0.27422,0.40568,0.50867,0.58347,0.63288,0.66419,0.68627,0.70192,0.71496,0.72681,0.73794,0.74721,0.75668,0.76068,0.7493,0.72446,0.67811,0.59367,0.46885
0,0.11964,0.23568,0.34758,0.46224,0.56116,0.63344,0.6889,0.7342,0.76938,0.80423,0.83438,0.85778,0.86451,0.86071,0.84493,0.81055,0.75865,0.69485,0.62021,0.54142
0,0.15802,0.29502,0.41075,0.51864,0.62062,0.71304,0.78486,0.84205,0.88784,0.92407,0.94832,0.95903,0.95671,0.94105,0.91609,0.88453,0.83759,0.76589,0.66754,0.55712
0,0.26039,0.4713,0.63648,0.75508,0.84622,0.9151,0.96867,1.012,1.0482,1.0698,1.078,1.0702,1.0436,1.0116,0.98155,0.94688,0.90133,0.83324,0.76109,0.69032
0,0.092641,0.18804,0.28422,0.37278,0.4416,0.50174,0.55586,0.5955,0.61753,0.6305,0.63554,0.63794,0.63849,0.63804,0.6339,0.61866,0.59403,0.55241,0.47639,0.37563
0,0.11479,0.22887,0.33859,0.42683,0.49787,0.54933,0.58585,0.61376,0.63576,0.65404,0.66928,0.67987,0.6855,0.68685,0.68091,0.65953,0.62297,0.56541,0.49253,0.42833
0,0.10366,0.21591,0.33456,0.43781,0.51666,0.56953,0.60913,0.64488,0.67677,0.70616,0.73177,0.74687,0.74905,0.74133,0.72731,0.69835,0.66437,0.61006,0.53115,0.4671
0,0.17779,0.34492,0.48787,0.60138,0.69046,0.7675,0.82387,0.87025,0.91224,0.95061,0.98173,1.0019,1.0089,1.0033,0.99128,0.95649,0.89648,0.80711,0.6815,0.55368
0,0.19615,0.3824,0.55781,0.69967,0.79967,0.87487,0.93914,0.98611,1.0216,1.0435,1.0447,1.031,0.99626,0.95983,0.91941,0.87247,0.80929,0.74645,0.69057,0.60562
0,0.11499,0.23239,0.3504,0.44823,0.52243,0.5865,0.63822,0.67237,0.6965,0.71137,0.71518,0.70948,0.69311,0.66892,0.6382,0.61247,0.59045,0.53924,0.43242,0.3298
0,0.11531,0.22594,0.33021,0.41194,0.47348,0.52345,0.56076,0.5881,0.60885,0.62593,0.64364,0.65974,0.66908,0.67121,0.66847,0.65801,0.63358,0.56581,0.44499,0.33503
0,0.11203,0.21933,0.32362,0.432,0.54033,0.62603,0.68757,0.73238,0.7668,0.79191,0.80874,0.81752,0.81755,0.81186,0.79283,0.75783,0.70933,0.6488,0.5758,0.51703
0,0.17791,0.34173,0.48883,0.61915,0.71199,0.77616,0.82444,0.8596,0.89089,0.91822,0.93655,0.94157,0.9325,0.91555,0.89379,0.86411,0.81326,0.72924,0.58075,0.48151
0,0.21461,0.44456,0.65469,0.82858,0.94794,1.0277,1.0818,1.1214,1.1464,1.1614,1.1611,1.1397,1.1062,1.0771,1.0476,1.0184,0.98097,0.91908,0.85458,0.78784
0,0.088792,0.17508,0.2556,0.33456,0.40418,0.45878,0.50366,0.53805,0.56625,0.58544,0.59361,0.59078,0.58121,0.57096,0.55776,0.54148,0.51591,0.46897,0.38568,0.30849
0,0.13923,0.27922,0.40252,0.51076,0.59351,0.65231,0.69895,0.73022,0.75247,0.76983,0.78481,0.79309,0.79347,0.79096,0.78445,0.76155,0.7313,0.68757,0.61639,0.49865
0,0.12369,0.24713,0.36046,0.46452,0.54887,0.61473,0.662,0.69616,0.72539,0.75393,0.78005,0.80084,0.81285,0.81294,0.79719,0.76141,0.70936,0.64239,0.55575,0.47579
0,0.13924,0.27695,0.40399,0.52459,0.62011,0.69193,0.75017,0.79537,0.83232,0.86747,0.89831,0.91698,0.91291,0.89148,0.85566,0.8125,0.76475,0.70247,0.62131,0.55485
0,0.15903,0.32227,0.47501,0.61146,0.72113,0.80832,0.87227,0.91821,0.95444,0.98416,1.0083,1.0264,1.0283,1.0069,0.96672,0.91439,0.84148,0.72266,0.59438,0.51551
0,0.093027,0.18121,0.26833,0.35644,0.43462,0.50158,0.55542,0.59951,0.63105,0.65018,0.65928,0.65561,0.63972,0.61751,0.60053,0.58715,0.57864,0.54935,0.49665,0.39306
0,0.12235,0.23864,0.35199,0.44896,0.52528,0.58368,0.6233,0.65042,0.67437,0.69578,0.71714,0.73212,0.73852,0.73641,0.72565,0.70177,0.67002,0.6234,0.55125,0.45702
0,0.11899,0.23467,0.35147,0.45955,0.54863,0.61024,0.65848,0.70091,0.73686,0.76761,0.79611,0.82024,0.82952,0.82491,0.80627,0.77582,0.74177,0.68928,0.58879,0.4654
0,0.13405,0.2637,0.38356,0.48587,0.56733,0.63167,0.68363,0.72468,0.75966,0.79264,0.81918,0.8326,0.83373,0.82197,0.79704,0.75878,0.71674,0.65834,0.58179,0.51165
0,0.18668,0.37772,0.54504,0.67891,0.77849,0.85009,0.90258,0.94048,0.96757,0.9883,1.0059,1.0197,1.0229,1.0054,0.97263,0.9196,0.84182,0.73336,0.61284,0.50468
0,0.085765,0.17137,0.26875,0.35779,0.42214,0.47085,0.50843,0.54172,0.56784,0.58505,0.59086,0.59161,0.57976,0.56574,0.5523,0.53219,0.51895,0.49113,0.43292,0.33839
0,0.1524,0.30479,0.43978,0.52839,0.58415,0.62131,0.65042,0.67179,0.68869,0.70352,0.71666,0.72876,0.73615,0.73962,0.73401,0.70981,0.66985,0.61706,0.5198,0.38539
0,0.10616,0.21057,0.31033,0.40795,0.48592,0.54185,0.58469,0.61783,0.6471,0.67418,0.70096,0.72431,0.73975,0.74126,0.72998,0.70441,0.665,0.61099,0.5217,0.44751
0,0.13114,0.25681,0.3765,0.48364,0.57593,0.65254,0.71184,0.75732,0.7928,0.82361,0.84468,0.85351,0.84739,0.83134,0.80572,0.76501,0.71183,0.65717,0.59715,0.54753
0,0.22549,0.42204,0.58647,0.72156,0.81476,0.8808,0.93471,0.97763,1.0129,1.0389,1.0552,1.0648,1.0601,1.0397,1.0062,0.96619,0.92179,0.85281,0.74263,0.62076
0,0.094291,0.18367,0.26725,0.33582,0.38608,0.43194,0.47129,0.49747,0.51753,0.5283,0.52933,0.52411,0.51093,0.50111,0.48536,0.46548,0.45493,0.43752,0.40015,0.3303
0,0.13732,0.26926,0.38795,0.49197,0.57144,0.62874,0.67426,0.70762,0.73276,0.75393,0.77297,0.78848,0.7981,0.80223,0.79953,0.78044,0.73521,0.66259,0.55588,0.44774
0,0.10024,0.20495,0.30834,0.40336,0.47904,0.53329,0.57421,0.60522,0.6302,0.6508,0.66913,0.68677,0.6978,0.69958,0.68853,0.66483,0.6317,0.58438,0.51911,0.46025
0,0.1389,0.2691,0.38564,0.48915,0.57622,0.64832,0.70395,0.74777,0.78428,0.81737,0.84243,0.85166,0.85234,0.83744,0.80805,0.764,0.71184,0.64611,0.56968,0.50543
0,0.17606,0.34599,0.50622,0.65461,0.77787,0.86645,0.93456,0.99136,1.0369,1.0724,1.0932,1.0916,1.0674,1.0252,0.96999,0.9031,0.82314,0.74729,0.66839,0.57422
0,0.085135,0.16914,0.24758,0.33023,0.40656,0.46823,0.52401,0.56948,0.60094,0.61912,0.6248,0.62303,0.60809,0.59149,0.57506,0.56999,0.55944,0.51983,0.43152,0.3369
0,0.16245,0.30808,0.42545,0.50352,0.55121,0.58236,0.60552,0.62657,0.64587,0.6658,0.68691,0.70386,0.71628,0.72041,0.71441,0.69315,0.64924,0.56004,0.38433,0.36448
0,0.10813,0.21252,0.32034,0.42259,0.51217,0.57653,0.63101,0.67571,0.7101,0.73594,0.75516,0.76452,0.76234,0.74865,0.72059,0.67953,0.63657,0.58614,0.53555,0.50977
0,0.15204,0.29808,0.44342,0.57138,0.66645,0.73241,0.77427,0.80474,0.827,0.84552,0.85955,0.86551,0.86227,0.85365,0.83568,0.80173,0.75438,0.68544,0.58192,0.49216
0,0.18346,0.38452,0.56735,0.71492,0.8288,0.91361,0.97904,1.0329,1.0758,1.1054,1.1222,1.1204,1.1038,1.0748,1.0372,0.97773,0.90018,0.80187,0.69244,0.5928
0,0.12325,0.23268,0.33295,0.42841,0.51425,0.58391,0.64014,0.69588,0.74267,0.77237,0.78968,0.79947,0.80025,0.78855,0.76526,0.74239,0.72972,0.7081,0.65514,0.56104
0,0.12283,0.24136,0.35638,0.45266,0.52823,0.59914,0.66163,0.7089,0.74743,0.77893,0.8023,0.81779,0.82501,0.81804,0.79805,0.77249,0.75806,0.73084,0.66136,0.54088
0,0.13874,0.29294,0.46355,0.63116,0.77134,0.88677,0.98638,1.0692,1.1382,1.1845,1.2169,1.2287,1.2172,1.189,1.1366,1.0834,1.0368,0.99211,0.93677,0.85262
0,0.15483,0.30647,0.46502,0.63869,0.80524,0.94874,1.0644,1.1518,1.2128,1.2549,1.2886,1.3101,1.3229,1.3155,1.2861,1.2333,1.1537,1.0511,0.93425,0.83839
0,0.14859,0.32602,0.52664,0.74507,0.94937,1.1087,1.2239,1.3048,1.3651,1.4076,1.4387,1.448,1.4205,1.3733,1.3024,1.2048,1.0831,0.96736,0.85006,0.74277
0,0.096191,0.18667,0.2719,0.3497,0.41528,0.47374,0.52295,0.56742,0.60771,0.64205,0.66681,0.67981,0.68564,0.68409,0.67728,0.67741,0.68373,0.68214,0.62345,0.48729
0,0.10842,0.21663,0.31844,0.42299,0.5094,0.58209,0.6456,0.69377,0.73397,0.76641,0.7916,0.81032,0.81971,0.81761,0.80039,0.77375,0.7442,0.70661,0.63679,0.54394
0,0.14815,0.28932,0.41955,0.54196,0.64691,0.73351,0.81131,0.88555,0.94386,0.98777,1.0229,1.042,1.0316,0.99383,0.94297,0.88635,0.82203,0.74216,0.64042,0.55936
0,0.16368,0.32564,0.48661,0.64697,0.79006,0.91536,1.0015,1.0587,1.0967,1.1208,1.138,1.1519,1.1566,1.1475,1.1252,1.0912,1.0553,0.99493,0.88529,0.75358
0,0.17076,0.353,0.55988,0.76928,0.96495,1.132,1.2593,1.3518,1.4194,1.4674,1.5002,1.5175,1.4979,1.4463,1.3767,1.2861,1.1882,1.0841,0.96604,0.81181
0,0.11037,0.21445,0.31495,0.40294,0.4763,0.54903,0.62021,0.68396,0.73286,0.76365,0.78544,0.79792,0.79782,0.77769,0.7474,0.7114,0.67867,0.64769,0.58463,0.48265
0,0.105,0.20642,0.30549,0.39599,0.47009,0.53571,0.59113,0.63157,0.66342,0.69209,0.71777,0.7413,0.75411,0.75595,0.74301,0.71891,0.69001,0.6513,0.56988,0.47249
0,0.13486,0.2757,0.4202,0.55931,0.67204,0.76548,0.84645,0.92072,0.98251,1.026,1.0572,1.0727,1.0684,1.0455,1.0093,0.96496,0.91397,0.85725,0.80938,0.76019
0,0.13732,0.29454,0.47657,0.66511,0.83775,0.98186,1.0839,1.1624,1.2174,1.2455,1.2618,1.2718,1.2761,1.2662,1.2328,1.1853,1.1185,1.0142,0.90739,0.82607
0,0.15398,0.33565,0.5339,0.71098,0.85281,0.98068,1.0898,1.1792,1.2441,1.2895,1.319,1.3273,1.3003,1.246,1.1703,1.0818,0.97747,0.88482,0.81559,0.749
0,0.090347,0.18065,0.27636,0.35908,0.42863,0.49229,0.54132,0.58155,0.61207,0.63826,0.6603,0.67715,0.68543,0.68333,0.66146,0.62854,0.6125,0.59677,0.55567,0.48719
0,0.10638,0.20462,0.29813,0.38615,0.46549,0.53331,0.59025,0.63829,0.67923,0.71349,0.74139,0.76093,0.76952,0.7633,0.74113,0.70825,0.67396,0.62977,0.56281,0.48157
0,0.12979,0.28562,0.44469,0.58867,0.7071,0.80809,0.89188,0.95766,1.0069,1.0407,1.0649,1.0733,1.0627,1.036,0.99729,0.94878,0.89184,0.83112,0.77303,0.71976
0,0.15345,0.33237,0.54352,0.76997,0.9794,1.158,1.2737,1.3338,1.3702,1.3879,1.397,1.4013,1.4023,1.3925,1.364,1.3286,1.2841,1.205,1.0932,0.96728
0,0.12347,0.26549,0.43035,0.60422,0.75889,0.89851,1.0223,1.1255,1.2014,1.2537,1.2783,1.2794,1.2482,1.1914,1.1189,1.0353,0.94505,0.86614,0.80013,0.74515
0,0.10321,0.19675,0.27174,0.34251,0.40242,0.45126,0.49509,0.53788,0.57467,0.60148,0.61751,0.62851,0.63348,0.63089,0.61868,0.60754,0.59762,0.56549,0.49729,0.40144
0,0.089087,0.17874,0.27164,0.36262,0.43962,0.50474,0.55824,0.60098,0.63498,0.66093,0.68644,0.70627,0.71726,0.71334,0.69072,0.66114,0.63208,0.59345,0.52122,0.44818
0,0.12468,0.25493,0.37775,0.49362,0.59493,0.68159,0.76576,0.84219,0.90715,0.95435,0.98529,0.99249,0.97842,0.9524,0.9178,0.87529,0.83135,0.7915,0.7591,0.72183
0,0.18248,0.40922,0.65537,0.87411,1.0513,1.1967,1.3117,1.39,1.4288,1.4391,1.4325,1.4253,1.4186,1.4016,1.371,1.3378,1.3042,1.2354,1.1091,0.98491
0,0.12415,0.25973,0.40884,0.56629,0.71689,0.86538,1.0022,1.1166,1.2031,1.2608,1.2931,1.2971,1.2708,1.2278,1.1708,1.0959,1.0137,0.92937,0.84551,0.77789
0,0.12511,0.25404,0.3796,0.48663,0.57335,0.64936,0.71343,0.76949,0.80867,0.82647,0.83056,0.83431,0.83198,0.82935,0.8198,0.78359,0.75655,0.70187,0.59721,0.49829
0,0.14789,0.28879,0.42434,0.54015,0.63627,0.71809,0.79052,0.84403,0.87987,0.90469,0.92443,0.9368,0.94487,0.93604,0.91137,0.88274,0.85212,0.80564,0.73921,0.64072
0,0.1467,0.29739,0.448,0.57625,0.67799,0.75901,0.83095,0.89268,0.94297,0.98187,1.0088,1.0223,1.0217,1.0018,0.96283,0.91714,0.86613,0.81895,0.77057,0.70546
0,0.14821,0.30394,0.46633,0.63719,0.7922,0.93097,1.0495,1.1447,1.2083,1.2452,1.2726,1.2875,1.2873,1.269,1.2251,1.1661,1.096,0.998,0.89718,0.80087
0,0.15146,0.32195,0.52139,0.73227,0.92407,1.0829,1.2072,1.2933,1.3564,1.3981,1.4266,1.4363,1.4179,1.384,1.3344,1.2739,1.1941,1.0853,0.9459,0.829
0,0.10751,0.21409,0.30813,0.39315,0.4574,0.51222,0.56687,0.6212,0.66171,0.68327,0.69818,0.70918,0.70086,0.68539,0.66048,0.62831,0.58589,0.52723,0.46019,0.40458
0,0.14524,0.2815,0.39788,0.50314,0.59081,0.6693,0.74446,0.80754,0.86089,0.90159,0.92974,0.94643,0.9515,0.93977,0.915,0.88288,0.85272,0.82069,0.7724,0.68678
0,0.12443,0.25038,0.3757,0.48725,0.57939,0.65955,0.72876,0.78874,0.83931,0.88309,0.91971,0.94266,0.94524,0.92202,0.87691,0.82351,0.76802,0.69412,0.58233,0.49056
0,0.15522,0.32514,0.49096,0.64582,0.77567,0.89409,1.0018,1.0923,1.1578,1.1985,1.2243,1.234,1.221,1.1926,1.146,1.0885,1.0326,0.9568,0.84459,0.71721
0,0.15858,0.34043,0.54221,0.75169,0.94471,1.1009,1.2189,1.305,1.3653,1.4058,1.4335,1.4473,1.4326,1.3935,1.3335,1.2678,1.1951,1.1243,1.0361,0.90986
0,0.096356,0.20083,0.30594,0.40282,0.48336,0.55792,0.63381,0.70098,0.75204,0.78299,0.79874,0.80626,0.80581,0.79374,0.77212,0.72279,0.66426,0.60294,0.52477,0.44564
0,0.11038,0.223,0.32936,0.43332,0.53262,0.61718,0.68767,0.73783,0.77597,0.80408,0.82185,0.82898,0.82413,0.80542,0.77925,0.73527,0.68788,0.63737,0.56721,0.48858
0,0.13465,0.26056,0.38489,0.49497,0.58415,0.65893,0.7218,0.77245,0.8186,0.85777,0.88799,0.90769,0.90893,0.89333,0.86192,0.82037,0.77586,0.72117,0.66843,0.60768
0,0.12866,0.26833,0.43396,0.60485,0.76351,0.89883,1.0193,1.12,1.1924,1.2374,1.2625,1.2666,1.2579,1.233,1.1878,1.1238,1.0432,0.94843,0.85233,0.76014
0,0.16167,0.3387,0.5258,0.69576,0.83697,0.95784,1.0667,1.1562,1.2264,1.2742,1.3021,1.3087,1.2888,1.2476,1.1953,1.1318,1.0545,0.97196,0.88971,0.79871
0,0.091963,0.18726,0.28,0.36249,0.43156,0.49265,0.55243,0.60734,0.64755,0.67803,0.69733,0.7105,0.70895,0.70207,0.69187,0.66709,0.63272,0.58012,0.51337,0.44369
0,0.11099,0.21428,0.31352,0.4023,0.48816,0.56282,0.63618,0.70455,0.75928,0.79922,0.82142,0.83546,0.83695,0.8159,0.77943,0.73966,0.71656,0.69544,0.65496,0.60009
0,0.12586,0.24829,0.36675,0.47934,0.57558,0.6566,0.72611,0.78054,0.82628,0.86343,0.88793,0.89843,0.89479,0.87282,0.83305,0.78981,0.74172,0.68155,0.61402,0.5763
0,0.13631,0.28682,0.46583,0.6677,0.84806,1.0093,1.1411,1.235,1.2921,1.3287,1.3471,1.3456,1.3236,1.2874,1.2376,1.1777,1.1114,1.0186,0.90671,0.78806
0,0.13066,0.27611,0.44136,0.61086,0.76628,0.89341,1.0099,1.1115,1.1857,1.2372,1.2655,1.2674,1.2463,1.2028,1.1338,1.0565,0.97365,0.90889,0.85553,0.80172
0,0.1563,0.29394,0.41245,0.50962,0.58281,0.63501,0.66906,0.69784,0.72014,0.73165,0.73621,0.73759,0.73876,0.73408,0.71507,0.67182,0.6152,0.54493,0.47972,0.43065
0,0.11199,0.22926,0.34531,0.45271,0.54762,0.63946,0.72426,0.79407,0.85077,0.88746,0.91614,0.93193,0.93772,0.92259,0.88755,0.84089,0.7922,0.71455,0.62362,0.54338
0,0.11556,0.23065,0.34694,0.45421,0.53961,0.61567,0.687,0.75077,0.80599,0.85097,0.88158,0.89427,0.88612,0.86193,0.8277,0.78533,0.74248,0.70268,0.66311,0.63087
0,0.19958,0.4359,0.69715,0.92333,1.0897,1.2121,1.2939,1.3447,1.3757,1.3886,1.3861,1.3748,1.3602,1.3372,1.3062,1.2656,1.2029,1.0841,0.93288,0.80606
0,0.12527,0.2566,0.39644,0.55065,0.70236,0.83731,0.95689,1.0601,1.1415,1.1968,1.2269,1.231,1.2062,1.1645,1.1121,1.0476,0.97568,0.92099,0.86233,0.79515
0,0.11269,0.22949,0.34812,0.46884,0.57104,0.65492,0.72277,0.78136,0.82504,0.85549,0.87639,0.89432,0.8997,0.89045,0.87806,0.85737,0.82259,0.76438,0.65759,0.53163
0,0.15645,0.29788,0.41758,0.51868,0.59513,0.65635,0.70705,0.74591,0.77789,0.80421,0.82808,0.84863,0.85986,0.8569,0.83635,0.80987,0.79082,0.77169,0.72879,0.63767
0,0.14032,0.27844,0.40513,0.51895,0.62406,0.72232,0.80911,0.88186,0.94158,0.98617,1.0133,1.0246,1.0219,0.99771,0.95788,0.90359,0.84917,0.7982,0.73039,0.67264
0,0.15955,0.32876,0.50395,0.67309,0.82328,0.94946,1.0603,1.1414,1.2027,1.2457,1.275,1.2874,1.2811,1.2529,1.2052,1.1495,1.092,1.036,0.97111,0.89665
0,0.17659,0.35999,0.57855,0.80463,0.99982,1.1496,1.2671,1.3526,1.416,1.4602,1.4901,1.5014,1.4868,1.4591,1.4118,1.3533,1.2927,1.204,1.0479,0.90983
0,0.12649,0.25327,0.36777,0.46521,0.53769,0.5897,0.6353,0.67893,0.71429,0.74112,0.7608,0.76816,0.76608,0.75354,0.74391,0.72851,0.69835,0.64483,0.55449,0.44312
0,0.11868,0.23246,0.33332,0.42969,0.51596,0.58691,0.64398,0.69246,0.72783,0.75095,0.76967,0.78332,0.78982,0.78521,0.76557,0.73827,0.71297,0.67943,0.61805,0.56195
0,0.10014,0.20086,0.30281,0.40427,0.50122,0.59614,0.68111,0.75768,0.82426,0.88094,0.9232,0.94897,0.95145,0.93411,0.90068,0.85377,0.79737,0.72583,0.61833,0.53669
0,0.17469,0.35569,0.51531,0.65927,0.78337,0.89311,0.98379,1.0562,1.1112,1.1518,1.1769,1.18,1.1668,1.1417,1.1064,1.0636,1.0156,0.95961,0.88081,0.77203
0,0.16402,0.3447,0.56854,0.82566,1.086,1.2914,1.4341,1.5207,1.5747,1.6118,1.6352,1.6406,1.6305,1.6072,1.565,1.5151,1.4605,1.3775,1.2144,1.0208
0,0.093395,0.19707,0.30543,0.40474,0.4998,0.58187,0.65889,0.72821,0.78743,0.82775,0.85469,0.86944,0.87562,0.86829,0.84649,0.81218,0.75806,0.68284,0.59719,0.50499
0,0.11202,0.22279,0.32293,0.41136,0.49004,0.55017,0.5938,0.63466,0.66664,0.69082,0.71053,0.72622,0.73513,0.73847,0.72668,0.70436,0.68412,0.65442,0.59913,0.49871
0,0.12013,0.23136,0.34017,0.44156,0.53293,0.6097,0.6816,0.74743,0.80466,0.85609,0.89363,0.91479,0.91744,0.90265,0.87294,0.83264,0.78435,0.73208,0.66763,0.60611
0,0.14387,0.30118,0.46582,0.62276,0.77138,0.89694,1.0086,1.1008,1.1709,1.2168,1.2429,1.2502,1.2401,1.2153,1.1767,1.1304,1.0706,1.0002,0.9328,0.86309
0,0.20041,0.45019,0.73444,1.0045,1.2203,1.3938,1.5243,1.6235,1.6833,1.7093,1.7228,1.7263,1.7157,1.6943,1.6647,1.6144,1.5564,1.4694,1.2996,1.0917
0,0.098384,0.20253,0.30869,0.40116,0.47526,0.54085,0.59969,0.65326,0.7014,0.74043,0.76709,0.78286,0.79155,0.78892,0.78108,0.7544,0.71601,0.67101,0.60122,0.50798
0,0.10513,0.21151,0.30862,0.39715,0.48173,0.55829,0.62343,0.67041,0.70461,0.72847,0.74653,0.75674,0.75531,0.74249,0.72166,0.69595,0.67773,0.64678,0.59079,0.52814
0,0.11776,0.22759,0.33872,0.44298,0.53888,0.62522,0.70187,0.76553,0.82019,0.86465,0.89525,0.91122,0.90948,0.88506,0.84739,0.79684,0.74878,0.69507,0.63117,0.58781
0,0.1566,0.32632,0.50647,0.6829,0.83699,0.96724,1.0712,1.1554,1.2148,1.2532,1.2796,1.2931,1.2894,1.2684,1.2228,1.1641,1.0954,1.0163,0.92797,0.81296
0,0.12068,0.2448,0.38602,0.54577,0.71472,0.87792,1.0407,1.1781,1.2882,1.3532,1.3803,1.3809,1.3648,1.3316,1.277,1.2047,1.1329,1.0567,0.96697,0.85914
0,0.14613,0.3023,0.44917,0.57489,0.66742,0.72754,0.77399,0.81336,0.84643,0.86556,0.87641,0.88524,0.89129,0.888,0.86954,0.84135,0.78881,0.71339,0.59304,0.44745
0,0.10563,0.2105,0.31549,0.40616,0.47725,0.53167,0.5733,0.60393,0.62608,0.64299,0.65838,0.67349,0.68408,0.68659,0.6766,0.66028,0.64032,0.60562,0.51749,0.41291
0,0.11307,0.22467,0.33012,0.42609,0.51272,0.59243,0.66948,0.74571,0.81036,0.86193,0.8934,0.90324,0.89455,0.86305,0.82398,0.77989,0.74104,0.70784,0.66827,0.64454
0,0.17836,0.37833,0.56277,0.72854,0.85587,0.9556,1.0291,1.0877,1.1288,1.1517,1.1691,1.1775,1.173,1.1486,1.114,1.0724,1.0201,0.92593,0.80651,0.70896
0,0.13071,0.27751,0.45443,0.65665,0.86564,1.057,1.213,1.3242,1.407,1.4743,1.5129,1.5195,1.5071,1.4775,1.4231,1.3513,1.2646,1.1583,1.0254,0.87389
0,0.15295,0.29728,0.4168,0.52167,0.61047,0.69029,0.75636,0.80346,0.82934,0.8419,0.84581,0.84284,0.83474,0.81865,0.79786,0.76863,0.73995,0.6858,0.5862,0.46161
0,0.13357,0.25569,0.36981,0.47786,0.55823,0.62055,0.67423,0.72429,0.76909,0.80221,0.82682,0.84286,0.83918,0.82731,0.79852,0.77095,0.74331,0.69778,0.61906,0.54594
0,0.12875,0.26273,0.40468,0.54791,0.67579,0.78409,0.8736,0.94483,1.0025,1.0496,1.0839,1.1033,1.1054,1.0865,1.0385,0.9699,0.89946,0.8256,0.72576,0.66539
0,0.16189,0.32484,0.476,0.62289,0.7566,0.87824,0.98402,1.0717,1.1443,1.2019,1.2443,1.2683,1.2581,1.2232,1.1679,1.108,1.0542,0.99423,0.91459,0.82007
0,0.15533,0.33529,0.54451,0.75354,0.92554,1.0514,1.1522,1.2446,1.3134,1.3528,1.3712,1.3741,1.3544,1.3101,1.2554,1.1976,1.1414,1.074,0.99254,0.90075
0,0.10405,0.2076,0.31241,0.40783,0.47923,0.54123,0.59809,0.64613,0.6789,0.6987,0.71579,0.72474,0.71695,0.70069,0.6776,0.6498,0.62958,0.6026,0.52865,0.41844
0,0.12296,0.24027,0.3491,0.45304,0.54626,0.63018,0.70493,0.77067,0.82222,0.85673,0.8798,0.89183,0.8889,0.87422,0.84792,0.8167,0.77785,0.73399,0.67736,0.62547
0,0.11189,0.23544,0.36353,0.49318,0.61844,0.73515,0.82933,0.89619,0.94712,0.98584,1.0122,1.0252,1.0148,0.98251,0.91826,0.85208,0.7892,0.72722,0.62064,0.52241
0,0.15413,0.3075,0.45385,0.58647,0.69269,0.79414,0.89078,0.9715,1.0319,1.0778,1.1117,1.1272,1.1159,1.0883,1.0387,0.98388,0.93105,0.87234,0.78381,0.65568
0,0.19125,0.40094,0.6288,0.86364,1.0567,1.1911,1.3,1.3839,1.4466,1.4918,1.5196,1.5256,1.5051,1.462,1.4087,1.3514,1.3003,1.244,1.1656,1.0326
0,0.12008,0.24184,0.36467,0.47375,0.57059,0.64685,0.71708,0.76844,0.80306,0.82218,0.83423,0.83434,0.82444,0.80036,0.7642,0.72264,0.69287,0.648,0.57562,0.49018
0,0.11867,0.24117,0.36262,0.48232,0.5875,0.67471,0.75284,0.81605,0.86314,0.89479,0.91386,0.92582,0.92515,0.91083,0.88507,0.84544,0.80358,0.74413,0.65575,0.55289
0,0.11475,0.22566,0.33877,0.4532,0.56521,0.66534,0.75705,0.84393,0.91615,0.96711,0.99956,1.013,1.0056,0.97688,0.92715,0.87309,0.81944,0.763,0.6881,0.6358
0,0.14624,0.29043,0.43722,0.59286,0.74193,0.8684,0.98208,1.0832,1.1664,1.222,1.2562,1.2657,1.2503,1.221,1.1761,1.1221,1.0643,0.99341,0.91704,0.82469
0,0.22726,0.47048,0.70613,0.89791,1.0523,1.1701,1.2641,1.3325,1.3791,1.4074,1.424,1.4188,1.3965,1.3613,1.3175,1.2643,1.2042,1.144,1.0783,0.96927
0,0.1159,0.23174,0.33487,0.43305,0.51355,0.58146,0.63812,0.68243,0.71582,0.73475,0.74637,0.75479,0.75351,0.74008,0.7069,0.6696,0.63267,0.58724,0.51439,0.42502
0,0.11107,0.22469,0.33687,0.44733,0.5557,0.65167,0.72735,0.78443,0.82286,0.84747,0.86634,0.87586,0.87367,0.86335,0.84675,0.82464,0.79023,0.7431,0.67543,0.6033
0,0.10763,0.21261,0.32191,0.44114,0.55142,0.65598,0.75269,0.82632,0.88416,0.93001,0.9624,0.97915,0.97464,0.94753,0.89238,0.83887,0.77745,0.72228,0.6607,0.63368
0,0.14552,0.30122,0.46724,0.63122,0.7774,0.90449,1.0165,1.1155,1.1968,1.2559,1.2927,1.3118,1.3075,1.2787,1.2189,1.153,1.0806,0.99084,0.8675,0.71999
0,0.15252,0.31891,0.48379,0.6423,0.78845,0.91702,1.0311,1.1253,1.1974,1.2439,1.2698,1.2719,1.2524,1.2168,1.1688,1.1147,1.0639,1.0297,1.0047,0.93999
0,0.13666,0.24559,0.33874,0.4203,0.48981,0.55044,0.59725,0.62946,0.64861,0.65734,0.65876,0.65617,0.65608,0.64592,0.625,0.60295,0.58257,0.52913,0.42714,0.35211
0,0.1069,0.22563,0.34542,0.45738,0.5603,0.65134,0.72154,0.7728,0.81036,0.83844,0.85901,0.87276,0.87852,0.87273,0.84442,0.79321,0.72512,0.63973,0.53868,0.46956
0,0.10521,0.22095,0.33755,0.4521,0.55458,0.64977,0.73614,0.81632,0.88185,0.93136,0.96142,0.97148,0.95914,0.92696,0.88167,0.82547,0.76491,0.70973,0.66554,0.65584
0,0.15799,0.32528,0.48986,0.64328,0.77923,0.88744,0.97576,1.0499,1.1018,1.1367,1.1552,1.1624,1.1582,1.1401,1.1059,1.0506,0.98336,0.88157,0.74941,0.64485
0,0.14866,0.31226,0.49385,0.68363,0.86846,1.0204,1.1473,1.2486,1.325,1.3735,1.3976,1.3985,1.3715,1.3296,1.281,1.2389,1.201,1.1609,1.1087,1.0143
0,0.11425,0.22768,0.33983,0.44447,0.54321,0.62214,0.68443,0.74761,0.7963,0.83414,0.85319,0.85926,0.8603,0.84265,0.82551,0.81026,0.80765,0.7759,0.70332,0.57438
0,0.11894,0.23665,0.34779,0.46033,0.55618,0.64003,0.70889,0.76036,0.79868,0.83008,0.85407,0.86647,0.85207,0.81852,0.77676,0.74582,0.72598,0.70173,0.62026,0.4913
0,0.1407,0.27692,0.40343,0.52669,0.63634,0.73011,0.82023,0.89364,0.95169,0.99539,1.0268,1.0478,1.0519,1.0328,0.98648,0.93458,0.88581,0.83295,0.76738,0.72339
0,0.14849,0.30284,0.45981,0.60729,0.73323,0.84494,0.93704,1.0173,1.0826,1.1314,1.1654,1.1813,1.1727,1.143,1.0944,1.0436,0.99869,0.94194,0.87518,0.81686
0,0.15433,0.316,0.48859,0.66201,0.81978,0.95102,1.0632,1.1581,1.2316,1.2815,1.3154,1.3343,1.3293,1.2969,1.2482,1.2007,1.1567,1.0901,0.99152,0.87464
0,0.11251,0.22258,0.33086,0.42628,0.50504,0.56437,0.61022,0.64854,0.68901,0.71946,0.73174,0.73216,0.73103,0.72612,0.71981,0.71794,0.71185,0.69939,0.6516,0.53628
0,0.13102,0.25504,0.37098,0.47807,0.57001,0.65857,0.73956,0.81041,0.8633,0.90318,0.93658,0.95772,0.95714,0.9364,0.89038,0.84039,0.79285,0.73878,0.66352,0.59201
0,0.10929,0.22215,0.32833,0.42832,0.51766,0.60131,0.67679,0.74314,0.79824,0.84524,0.88612,0.9108,0.91262,0.89291,0.85559,0.81745,0.7799,0.71272,0.60518,0.51342
0,0.139,0.27597,0.40882,0.52823,0.62324,0.71105,0.79098,0.85678,0.91114,0.95399,0.98818,1.0077,1.0052,0.98412,0.94638,0.89976,0.85645,0.80279,0.73132,0.65318
0,0.17509,0.35944,0.56039,0.76085,0.94093,1.0818,1.1881,1.27,1.327,1.3619,1.387,1.4037,1.4016,1.3697,1.3193,1.2758,1.2339,1.175,1.0878,0.94142
0,0.096557,0.19817,0.30196,0.39651,0.4897,0.56856,0.64182,0.70683,0.75814,0.79186,0.81546,0.82956,0.82985,0.81114,0.78581,0.75541,0.72963,0.6873,0.61112,0.49326
0,0.12027,0.23574,0.35072,0.46821,0.5696,0.65481,0.72754,0.77453,0.80855,0.83471,0.8564,0.87082,0.87331,0.85891,0.8178,0.75426,0.68873,0.62455,0.53852,0.44601
0,0.11025,0.21713,0.32435,0.42538,0.51058,0.58748,0.66199,0.72717,0.78281,0.83005,0.86656,0.88916,0.89196,0.87929,0.85077,0.81125,0.77562,0.73054,0.66553,0.61783
0,0.14822,0.3004,0.4521,0.586,0.70193,0.80477,0.89933,0.97479,1.0342,1.0805,1.1111,1.1256,1.1216,1.1033,1.0714,1.0287,0.97021,0.91436,0.85918,0.8061
0,0.18119,0.38287,0.60638,0.80821,0.95835,1.0757,1.1699,1.244,1.2954,1.3261,1.3442,1.345,1.3278,1.3012,1.2677,1.2226,1.1701,1.0966,0.98502,0.83238
0,0.085623,0.17275,0.25826,0.34598,0.4276,0.49758,0.55589,0.60329,0.6423,0.6717,0.69145,0.70568,0.71484,0.7108,0.69621,0.67596,0.65196,0.62082,0.55264,0.45597
0,0.11859,0.23381,0.3469,0.45645,0.5605,0.65686,0.72964,0.78912,0.83121,0.8593,0.87514,0.8802,0.87151,0.84429,0.79819,0.75032,0.69963,0.63507,0.56947,0.52434
0,0.1109,0.22013,0.3256,0.42497,0.51378,0.59465,0.66588,0.72895,0.7809,0.82382,0.85514,0.87195,0.87211,0.85396,0.8187,0.77543,0.73754,0.69467,0.63711,0.59987
0,0.15442,0.31123,0.46516,0.59918,0.716,0.81698,0.9045,0.9728,1.0253,1.0632,1.087,1.0997,1.1039,1.0907,1.0576,1.013,0.95626,0.8838,0.79589,0.70642
0,0.14696,0.29731,0.45516,0.61823,0.77216,0.91272,1.0347,1.139,1.2214,1.2803,1.3175,1.3279,1.3139,1.2817,1.234,1.1789,1.1245,1.0759,1.0213,0.92522
0,0.12356,0.24778,0.37125,0.48454,0.57336,0.63896,0.68679,0.72538,0.75653,0.78221,0.80122,0.81487,0.82281,0.81266,0.79243,0.7767,0.76037,0.70358,0.61743,0.50193
0,0.12902,0.27269,0.43235,0.58199,0.69503,0.76543,0.80418,0.82491,0.84025,0.85441,0.8708,0.88719,0.89595,0.88741,0.86196,0.80567,0.71267,0.58433,0.48044,0.47781
0,0.10838,0.21692,0.31746,0.41043,0.49622,0.57685,0.65572,0.73257,0.79963,0.8505,0.88582,0.89777,0.89113,0.87158,0.83991,0.80127,0.76362,0.73184,0.70682,0.69424
0,0.16787,0.33458,0.48464,0.62563,0.74615,0.8436,0.93087,1.0042,1.0631,1.1093,1.1443,1.1644,1.1632,1.1334,1.0973,1.0548,1.0058,0.92527,0.83656,0.76549
0,0.13447,0.28359,0.45604,0.63862,0.81932,0.97654,1.1051,1.2047,1.2752,1.3235,1.3551,1.3702,1.3626,1.3343,1.293,1.249,1.2034,1.1482,1.067,0.94034
0,0.059288,0.11952,0.1763,0.2299,0.28039,0.32234,0.35317,0.37551,0.38414,0.3816,0.36683,0.34629,0.32854,0.31378,0.30103,0.29654,0.2887,0.27334,0.25348,0.26399
